90, 927
90, 926
90, 925
90, 924
90, 923
90, 922
90, 921
90, 920
90, 919
90, 918
90, 917
90, 916
90, 915
90, 914
90, 913
90, 912
91, 911
91, 910
91, 909
91, 908
91, 907
91, 906
91, 905
91, 904
91, 903
91, 902
91, 901
92, 900
92, 899
92, 898
92, 897
92, 896
92, 895
92, 894
92, 893
92, 892
92, 891
92, 890
92, 889
92, 888
92, 887
92, 886
93, 885
93, 884
93, 883
93, 882
93, 881
93, 880
93, 879
93, 878
93, 877
93, 876
93, 875
94, 874
94, 873
94, 872
94, 871
95, 870
95, 869
95, 868
95, 867
95, 866
95, 865
95, 864
95, 863
95, 862
95, 861
96, 860
96, 859
96, 858
96, 857
96, 856
97, 855
97, 854
97, 853
97, 852
97, 851
97, 850
97, 849
97, 848
97, 847
97, 846
98, 845
98, 844
98, 843
98, 842
99, 841
99, 840
99, 839
99, 838
99, 837
99, 836
99, 835
100, 834
100, 833
100, 832
100, 831
101, 830
101, 829
101, 828
101, 827
101, 826
101, 825
101, 824
102, 823
102, 822
102, 821
102, 820
103, 819
103, 818
103, 817
103, 816
103, 815
103, 814
103, 813
103, 812
103, 811
104, 810
104, 809
104, 808
105, 807
105, 806
105, 805
105, 804
105, 803
105, 802
105, 801
106, 800
106, 799
106, 798
107, 797
107, 796
107, 795
107, 794
108, 793
108, 792
108, 791
109, 790
109, 789
109, 788
109, 787
109, 786
109, 785
109, 784
110, 783
110, 782
110, 781
110, 780
111, 779
111, 778
111, 777
111, 776
111, 775
111, 774
112, 773
112, 772
112, 771
112, 770
113, 769
113, 768
113, 767
113, 766
113, 765
113, 764
114, 763
114, 762
115, 761
115, 760
115, 759
115, 758
115, 757
115, 756
116, 755
116, 754
116, 753
117, 752
117, 751
117, 750
117, 749
117, 748
117, 747
118, 746
118, 745
119, 744
119, 743
119, 742
119, 741
120, 740
120, 739
120, 738
120, 737
121, 736
121, 735
121, 734
121, 733
121, 732
122, 731
122, 730
122, 729
123, 728
123, 727
123, 726
123, 725
124, 724
124, 723
124, 722
125, 721
125, 720
125, 719
125, 718
125, 717
125, 716
126, 715
126, 714
126, 713
127, 712
127, 711
127, 710
127, 709
128, 708
128, 707
129, 706
129, 705
129, 704
129, 703
129, 702
129, 701
129, 700
129, 699
130, 698
130, 697
131, 696
131, 695
131, 694
131, 693
131, 692
132, 691
132, 690
133, 689
133, 688
133, 687
133, 686
134, 685
134, 684
135, 683
135, 682
135, 681
135, 680
136, 679
136, 678
137, 677
137, 676
137, 675
137, 674
138, 673
139, 672
139, 671
139, 670
139, 669
139, 668
139, 667
140, 666
141, 665
141, 664
141, 663
141, 662
141, 661
142, 660
142, 659
143, 658
143, 657
143, 656
144, 655
145, 654
145, 653
145, 652
145, 651
146, 651
147, 650
147, 649
148, 648
149, 647
150, 646
151, 645
152, 645
153, 644
154, 644
155, 643
156, 642
157, 641
158, 640
158, 639
159, 638
160, 637
160, 636
160, 635
160, 634
160, 633
161, 632
161, 631
161, 630
161, 629
161, 628
161, 627
162, 626
162, 625
162, 624
162, 623
162, 622
163, 621
164, 620
164, 619
164, 618
165, 618
166, 617
166, 616
166, 615
166, 614
165, 613
164, 613
163, 612
162, 611
162, 610
161, 609
161, 608
161, 607
160, 606
160, 605
160, 604
160, 603
159, 602
159, 601
159, 600
159, 599
158, 598
158, 597
157, 596
157, 595
157, 594
157, 593
156, 592
156, 591
156, 590
155, 589
155, 588
155, 587
155, 586
155, 585
155, 584
155, 583
155, 582
154, 581
154, 580
154, 579
154, 578
153, 577
153, 576
152, 575
152, 574
151, 573
151, 572
151, 571
151, 570
151, 569
151, 568
150, 567
150, 566
149, 565
149, 564
149, 563
149, 562
148, 561
147, 561
147, 560
147, 559
147, 558
147, 557
147, 556
147, 555
147, 554
147, 553
146, 552
145, 552
145, 551
145, 550
145, 549
145, 548
145, 547
145, 546
145, 545
145, 544
145, 543
145, 542
145, 541
144, 540
144, 539
143, 538
143, 537
143, 536
143, 535
143, 534
142, 533
142, 532
142, 531
141, 530
141, 529
141, 528
141, 527
141, 526
141, 525
140, 524
140, 523
140, 522
140, 521
139, 520
139, 519
139, 518
139, 517
139, 516
139, 515
138, 514
138, 513
138, 512
138, 511
138, 510
138, 509
137, 508
137, 507
137, 506
137, 505
137, 504
137, 503
137, 502
136, 501
136, 500
136, 499
136, 498
135, 497
135, 496
135, 495
134, 494
134, 493
134, 492
134, 491
134, 490
134, 489
134, 488
134, 487
134, 486
133, 485
133, 484
133, 483
133, 482
133, 481
132, 480
132, 479
132, 478
131, 477
131, 476
131, 475
131, 474
131, 473
131, 472
131, 471
131, 470
130, 469
130, 468
130, 467
130, 466
129, 465
129, 464
129, 463
129, 462
128, 461
128, 460
128, 459
128, 458
128, 457
128, 456
128, 455
128, 454
127, 453
127, 452
127, 451
127, 450
126, 449
126, 448
126, 447
126, 446
126, 445
126, 444
125, 443
125, 442
125, 441
125, 440
125, 439
125, 438
125, 437
125, 436
124, 435
124, 434
124, 433
124, 432
124, 431
123, 430
123, 429
123, 428
123, 427
123, 426
123, 425
122, 424
122, 423
122, 422
122, 421
122, 420
122, 419
122, 418
122, 417
122, 416
121, 415
121, 414
121, 413
121, 412
121, 411
121, 410
120, 409
120, 408
120, 407
120, 406
120, 405
120, 404
119, 403
119, 402
119, 401
119, 400
119, 399
118, 398
118, 397
118, 396
118, 395
118, 394
118, 393
117, 392
117, 391
117, 390
117, 389
117, 388
117, 387
116, 386
116, 385
116, 384
116, 383
116, 382
116, 381
115, 380
115, 379
115, 378
115, 377
115, 376
115, 375
115, 374
115, 373
115, 372
115, 371
115, 370
114, 369
114, 368
114, 367
113, 366
113, 365
113, 364
113, 363
113, 362
113, 361
113, 360
113, 359
112, 358
112, 357
112, 356
112, 355
112, 354
112, 353
111, 352
111, 351
111, 350
111, 349
111, 348
111, 347
110, 346
111, 345
111, 344
111, 343
110, 342
110, 341
109, 340
109, 339
109, 338
109, 337
109, 336
109, 335
109, 334
109, 333
109, 332
109, 331
109, 330
109, 329
109, 328
109, 327
108, 326
108, 325
108, 324
107, 323
107, 322
107, 321
107, 320
107, 319
107, 318
107, 317
107, 316
107, 315
107, 314
107, 313
107, 312
106, 311
106, 310
106, 309
106, 308
106, 307
106, 306
106, 305
106, 304
106, 303
105, 302
105, 301
105, 300
105, 299
105, 298
105, 297
105, 296
105, 295
105, 294
105, 293
105, 292
105, 291
105, 290
104, 289
104, 288
104, 287
104, 286
104, 285
104, 284
104, 283
104, 282
104, 281
104, 280
104, 279
104, 278
104, 277
104, 276
103, 275
103, 274
103, 273
103, 272
103, 271
103, 270
103, 269
103, 268
103, 267
102, 266
102, 265
102, 264
102, 263
102, 262
102, 261
102, 260
102, 259
102, 258
102, 257
101, 256
101, 255
101, 254
101, 253
101, 252
101, 251
101, 250
101, 249
101, 248
101, 247
101, 246
101, 245
101, 244
101, 243
101, 242
100, 241
100, 240
100, 239
100, 238
100, 237
100, 236
99, 235
99, 234
99, 233
100, 232
100, 231
100, 230
100, 229
100, 228
100, 227
100, 226
99, 225
99, 224
99, 223
99, 222
99, 221
99, 220
99, 219
99, 218
99, 217
99, 216
99, 215
99, 214
99, 213
99, 212
99, 211
99, 210
99, 209
99, 208
99, 207
99, 206
99, 205
98, 204
98, 203
98, 202
98, 201
98, 200
98, 199
98, 198
98, 197
98, 196
98, 195
98, 194
98, 193
98, 192
98, 191
98, 190
98, 189
98, 188
98, 187
98, 186
98, 185
98, 184
98, 183
98, 182
98, 181
98, 180
98, 179
97, 178
97, 177
97, 176
97, 175
97, 174
97, 173
97, 172
97, 171
97, 170
98, 169
98, 168
98, 167
98, 166
98, 165
98, 164
98, 163
98, 162
97, 161
97, 160
97, 159
97, 158
97, 157
97, 156
97, 155
97, 154
97, 153
98, 152
98, 151
99, 150
99, 149
100, 149
101, 149
102, 149
103, 148
104, 148
105, 147
106, 147
107, 147
108, 147
109, 147
110, 147
111, 147
112, 147
113, 147
114, 147
115, 147
116, 147
117, 146
118, 146
119, 145
120, 145
121, 145
122, 145
123, 146
124, 146
125, 146
126, 146
127, 145
128, 145
129, 145
130, 145
131, 145
132, 145
133, 145
134, 145
135, 145
136, 145
137, 145
138, 145
139, 145
140, 145
141, 145
142, 145
143, 145
144, 145
145, 145
146, 144
147, 144
148, 144
149, 144
150, 144
151, 144
152, 144
153, 144
154, 144
155, 144
156, 144
157, 144
158, 144
159, 144
160, 144
161, 144
162, 144
163, 144
164, 144
165, 144
166, 144
167, 144
168, 144
169, 144
170, 144
171, 144
172, 144
173, 144
174, 144
175, 144
176, 144
177, 144
178, 143
179, 143
180, 143
181, 143
182, 143
183, 143
184, 143
185, 143
186, 143
187, 143
188, 143
189, 143
190, 143
191, 143
192, 143
193, 143
194, 143
195, 143
196, 143
197, 143
198, 143
199, 143
200, 143
201, 143
202, 143
203, 143
204, 143
205, 143
206, 143
207, 143
208, 143
209, 143
210, 142
211, 142
212, 142
213, 142
214, 142
215, 142
216, 143
217, 143
218, 143
219, 143
220, 143
221, 143
222, 143
223, 142
224, 142
225, 142
226, 142
227, 142
228, 142
229, 142
230, 142
231, 142
232, 142
233, 142
234, 142
235, 142
236, 142
237, 142
238, 142
239, 142
240, 142
241, 142
242, 142
243, 142
244, 141
245, 141
246, 141
247, 142
248, 142
249, 142
250, 142
251, 142
252, 142
253, 142
254, 141
255, 142
256, 142
257, 142
258, 142
259, 142
260, 142
261, 142
262, 142
263, 142
264, 142
265, 142
266, 142
267, 142
268, 142
269, 142
270, 141
271, 141
272, 141
273, 141
274, 141
275, 141
276, 141
277, 141
278, 141
279, 141
280, 141
281, 141
282, 141
283, 141
284, 141
285, 141
286, 141
287, 140
288, 141
289, 141
290, 141
291, 141
292, 141
293, 141
294, 141
295, 141
296, 141
297, 141
298, 141
299, 141
300, 141
301, 141
302, 141
303, 141
304, 141
305, 141
306, 141
307, 141
308, 141
309, 141
310, 141
311, 141
312, 141
313, 141
314, 141
315, 141
316, 141
317, 141
318, 141
319, 141
320, 141
321, 141
322, 141
323, 141
324, 141
325, 141
326, 141
327, 141
328, 141
329, 141
330, 141
331, 141
332, 141
333, 141
334, 141
335, 141
336, 141
337, 141
338, 141
339, 141
340, 141
341, 141
342, 141
343, 141
344, 141
345, 141
346, 141
347, 141
348, 141
349, 141
350, 141
351, 141
352, 141
353, 141
354, 141
355, 141
356, 141
357, 141
358, 141
359, 141
360, 141
361, 141
362, 141
363, 141
364, 141
365, 141
366, 141
367, 141
368, 141
369, 141
370, 141
371, 141
372, 141
373, 141
374, 141
375, 141
376, 141
377, 141
378, 141
379, 141
380, 141
381, 141
382, 141
383, 141
384, 141
385, 142
386, 142
387, 142
388, 142
389, 142
390, 143
390, 144
390, 145
390, 146
390, 147
390, 148
390, 149
390, 150
390, 151
389, 152
389, 153
389, 154
388, 155
388, 156
387, 157
387, 158
387, 159
386, 160
386, 161
386, 162
385, 163
385, 164
385, 165
385, 166
384, 167
384, 168
384, 169
384, 170
383, 171
383, 172
383, 173
383, 174
382, 175
382, 176
382, 177
382, 178
381, 179
381, 180
381, 181
380, 182
380, 183
380, 184
379, 185
379, 186
379, 187
379, 188
378, 189
378, 190
378, 191
378, 192
377, 193
377, 194
377, 195
377, 196
376, 197
376, 198
376, 199
376, 200
375, 201
375, 202
375, 203
374, 204
374, 205
374, 206
374, 207
374, 208
374, 209
374, 210
373, 210
372, 211
372, 212
372, 213
371, 214
371, 215
371, 216
370, 217
370, 218
370, 219
370, 220
369, 221
369, 222
368, 223
368, 224
368, 225
368, 226
367, 227
367, 228
367, 229
366, 230
366, 231
365, 232
365, 233
365, 234
365, 235
364, 236
364, 237
364, 238
363, 239
363, 240
363, 241
362, 242
362, 243
362, 244
361, 245
361, 246
360, 247
360, 248
360, 249
360, 250
359, 251
359, 252
359, 253
358, 254
358, 255
358, 256
357, 257
357, 258
357, 259
356, 260
356, 261
356, 262
355, 263
355, 264
355, 265
354, 266
354, 267
354, 268
354, 269
353, 270
353, 271
353, 272
352, 273
352, 274
352, 275
351, 276
351, 277
351, 278
350, 279
350, 280
350, 281
349, 282
349, 283
349, 284
348, 285
348, 286
348, 287
347, 288
347, 289
347, 290
346, 291
346, 292
346, 293
346, 294
345, 295
345, 296
344, 297
344, 298
344, 299
344, 300
343, 301
343, 302
343, 303
342, 304
342, 305
342, 306
341, 307
341, 308
341, 309
340, 310
340, 311
340, 312
340, 313
339, 313
338, 314
338, 315
338, 316
338, 317
337, 318
337, 319
336, 320
336, 321
336, 322
335, 323
335, 324
335, 325
335, 326
335, 327
335, 328
334, 329
334, 330
333, 331
333, 332
332, 333
332, 334
332, 335
332, 336
332, 337
331, 338
331, 339
330, 339
329, 340
329, 341
329, 342
329, 343
328, 344
328, 345
327, 346
327, 347
327, 348
326, 349
326, 350
325, 351
325, 352
325, 353
325, 354
324, 355
324, 356
324, 357
324, 358
323, 359
323, 360
322, 361
322, 362
322, 363
321, 364
321, 365
321, 366
321, 367
321, 368
320, 368
319, 369
319, 370
318, 371
318, 372
318, 373
318, 374
317, 375
317, 376
317, 377
317, 378
317, 379
316, 379
315, 380
315, 381
315, 382
316, 383
315, 384
315, 385
314, 386
314, 387
314, 388
314, 389
313, 390
312, 391
312, 392
312, 393
311, 394
310, 395
310, 396
310, 397
310, 398
309, 398
308, 399
308, 400
308, 401
307, 402
307, 403
307, 404
306, 405
306, 406
305, 407
305, 408
305, 409
304, 410
304, 411
304, 412
304, 413
303, 414
302, 415
302, 416
302, 417
301, 418
301, 419
300, 420
300, 421
300, 422
299, 423
299, 424
299, 425
298, 426
298, 427
297, 428
297, 429
296, 430
296, 431
296, 432
295, 433
295, 434
294, 435
294, 436
294, 437
293, 438
293, 439
293, 440
292, 441
292, 442
292, 443
292, 444
292, 445
292, 446
291, 447
291, 448
290, 449
290, 450
289, 450
288, 451
288, 452
288, 453
288, 454
288, 455
288, 456
287, 457
286, 458
286, 459
286, 460
286, 461
285, 462
284, 463
283, 464
283, 465
283, 466
283, 467
283, 468
282, 469
282, 470
282, 471
282, 472
281, 473
280, 473
279, 474
279, 475
279, 476
280, 477
279, 478
279, 479
278, 480
278, 481
278, 482
277, 483
276, 483
275, 484
275, 485
275, 486
276, 487
276, 488
275, 489
274, 490
274, 491
274, 492
273, 493
272, 494
272, 495
272, 496
271, 496
270, 497
270, 498
270, 499
270, 500
270, 501
270, 502
269, 503
268, 504
268, 505
268, 506
268, 507
267, 508
266, 509
266, 510
266, 511
266, 512
265, 513
264, 514
264, 515
264, 516
263, 517
263, 518
262, 519
262, 520
262, 521
262, 522
261, 523
260, 524
260, 525
260, 526
259, 527
259, 528
258, 529
258, 530
258, 531
257, 532
257, 533
256, 534
256, 535
256, 536
256, 537
255, 538
254, 539
254, 540
254, 541
254, 542
253, 543
252, 544
252, 545
252, 546
251, 547
250, 548
250, 549
250, 550
249, 551
249, 552
248, 553
248, 554
248, 555
247, 556
247, 557
246, 558
246, 559
245, 560
245, 561
244, 562
244, 563
244, 564
243, 565
242, 566
242, 567
242, 568
241, 569
241, 570
240, 571
240, 572
240, 573
239, 574
239, 575
238, 576
238, 577
238, 578
237, 579
236, 580
236, 581
236, 582
235, 583
234, 584
234, 585
234, 586
233, 587
232, 588
232, 589
232, 590
231, 591
230, 592
230, 593
229, 594
229, 595
228, 596
228, 597
228, 598
227, 599
226, 600
226, 601
226, 602
225, 603
225, 604
224, 605
224, 606
223, 607
223, 608
222, 609
222, 610
221, 611
221, 612
220, 613
219, 614
219, 615
219, 616
218, 617
217, 617
216, 618
215, 618
214, 617
213, 617
212, 617
211, 617
210, 617
209, 617
208, 617
207, 617
206, 617
205, 618
205, 619
205, 620
206, 621
206, 622
207, 623
207, 624
208, 625
208, 626
208, 627
208, 628
208, 629
208, 630
209, 631
209, 632
210, 633
210, 634
210, 635
210, 636
210, 637
210, 638
210, 639
210, 640
211, 641
212, 642
213, 642
214, 642
215, 642
216, 642
217, 642
218, 642
218, 643
218, 644
219, 645
220, 646
220, 647
221, 648
221, 649
221, 650
222, 651
222, 652
223, 653
224, 654
224, 655
224, 656
225, 657
225, 658
226, 659
226, 660
226, 661
226, 662
226, 663
226, 664
226, 665
226, 666
226, 667
227, 668
227, 669
227, 670
227, 671
227, 672
227, 673
227, 674
227, 675
227, 676
228, 677
228, 678
228, 679
228, 680
228, 681
228, 682
228, 683
228, 684
228, 685
228, 686
228, 687
228, 688
229, 689
229, 690
229, 691
229, 692
229, 693
229, 694
229, 695
229, 696
229, 697
229, 698
230, 699
230, 700
230, 701
230, 702
230, 703
230, 704
230, 705
230, 706
230, 707
230, 708
230, 709
230, 710
230, 711
230, 712
230, 713
230, 714
231, 715
231, 716
231, 717
231, 718
231, 719
231, 720
231, 721
231, 722
231, 723
231, 724
231, 725
231, 726
231, 727
231, 728
231, 729
231, 730
232, 731
232, 732
232, 733
232, 734
232, 735
232, 736
232, 737
232, 738
232, 739
232, 740
232, 741
232, 742
232, 743
232, 744
232, 745
232, 746
232, 747
232, 748
232, 749
232, 750
232, 751
233, 752
233, 753
233, 754
233, 755
233, 756
234, 757
233, 758
233, 759
233, 760
233, 761
233, 762
233, 763
233, 764
233, 765
233, 766
233, 767
233, 768
233, 769
233, 770
233, 771
233, 772
233, 773
233, 774
233, 775
233, 776
233, 777
233, 778
233, 779
233, 780
233, 781
233, 782
233, 783
233, 784
233, 785
233, 786
233, 787
233, 788
234, 789
234, 790
234, 791
234, 792
234, 793
234, 794
234, 795
234, 796
234, 797
234, 798
234, 799
234, 800
234, 801
234, 802
234, 803
234, 804
234, 805
234, 806
234, 807
234, 808
234, 809
234, 810
234, 811
234, 812
234, 813
234, 814
234, 815
234, 816
234, 817
234, 818
234, 819
234, 820
234, 821
233, 822
233, 823
233, 824
233, 825
234, 826
234, 827
233, 828
233, 829
233, 830
234, 831
233, 832
233, 833
233, 834
234, 835
233, 836
233, 837
233, 838
234, 839
234, 840
234, 841
234, 842
234, 843
234, 844
234, 845
234, 846
234, 847
234, 848
234, 849
234, 850
234, 851
233, 852
233, 853
233, 854
232, 855
232, 856
232, 857
232, 858
232, 859
232, 860
232, 861
232, 862
232, 863
232, 864
232, 865
232, 866
232, 867
232, 868
232, 869
232, 870
232, 871
232, 872
232, 873
232, 874
232, 875
232, 876
232, 877
231, 878
231, 879
231, 880
231, 881
232, 882
232, 883
232, 884
232, 885
232, 886
232, 887
232, 888
231, 889
231, 890
231, 891
230, 892
230, 893
230, 894
230, 895
230, 896
230, 897
230, 898
230, 899
230, 900
230, 901
230, 902
229, 903
229, 904
229, 905
230, 906
230, 907
230, 908
230, 909
229, 910
229, 911
229, 912
229, 913
229, 914
229, 915
228, 916
228, 917
228, 918
228, 919
228, 920
228, 921
228, 922
228, 923
228, 924
227, 925
227, 926
227, 927
227, 928
227, 929
227, 930
227, 931
226, 932
226, 933
226, 934
226, 935
226, 936
226, 937
226, 938
225, 939
225, 940
225, 941
224, 942
224, 943
224, 944
224, 945
224, 946
224, 947
224, 948
223, 949
223, 950
223, 951
223, 952
222, 953
222, 954
222, 955
222, 956
221, 957
221, 958
221, 959
220, 960
220, 961
220, 962
219, 963
219, 964
218, 965
218, 966
218, 967
217, 968
217, 969
216, 970
216, 971
215, 972
215, 973
215, 974
214, 975
213, 976
213, 977
212, 978
212, 979
211, 980
210, 981
210, 982
209, 983
208, 984
207, 985
206, 986
205, 987
205, 988
204, 988
203, 989
203, 990
202, 990
201, 991
201, 992
200, 992
199, 993
199, 994
198, 994
197, 995
196, 996
195, 997
194, 998
193, 999
192, 1000
191, 1000
190, 1001
189, 1002
188, 1003
187, 1003
186, 1004
185, 1005
184, 1005
183, 1006
182, 1006
181, 1007
180, 1008
179, 1009
178, 1009
177, 1010
176, 1011
175, 1012
174, 1012
173, 1012
172, 1011
171, 1011
170, 1011
169, 1010
168, 1009
167, 1009
166, 1009
165, 1009
164, 1008
163, 1008
162, 1007
161, 1007
160, 1007
159, 1007
158, 1007
157, 1007
156, 1007
155, 1007
154, 1007
153, 1007
152, 1007
151, 1007
150, 1007
149, 1007
148, 1007
147, 1007
146, 1007
145, 1008
144, 1008
143, 1009
143, 1010
143, 1011
143, 1012
144, 1013
143, 1013
142, 1013
141, 1012
141, 1011
140, 1010
139, 1010
138, 1010
137, 1010
136, 1010
135, 1010
134, 1010
133, 1010
132, 1009
131, 1009
130, 1009
130, 1008
130, 1007
130, 1006
129, 1005
128, 1005
127, 1004
126, 1004
125, 1003
124, 1003
124, 1002
123, 1001
122, 1001
122, 1000
121, 999
120, 999
119, 998
118, 998
117, 998
116, 997
116, 996
115, 995
114, 995
113, 995
113, 994
112, 993
111, 993
111, 992
110, 991
109, 990
108, 990
107, 989
106, 988
105, 987
105, 986
104, 985
103, 984
102, 983
102, 982
101, 981
100, 980
99, 979
99, 978
98, 977
97, 976
97, 975
97, 974
96, 973
96, 972
95, 971
95, 970
95, 969
94, 968
94, 967
94, 966
93, 965
93, 964
93, 963
93, 962
93, 961
92, 960
92, 959
92, 958
92, 957
92, 956
92, 955
92, 954
91, 953
91, 952
91, 951
91, 950
91, 949
91, 948
91, 947
91, 946
91, 945
90, 944
90, 943
90, 942
90, 941
90, 940
90, 939
90, 938
90, 937
90, 936
90, 935
90, 934
90, 933
89, 932
90, 931
90, 930
90, 929
89, 928
