69, 803
69, 802
69, 801
69, 800
69, 799
69, 798
69, 797
69, 796
69, 795
69, 794
69, 793
69, 792
69, 791
69, 790
69, 789
70, 788
70, 787
70, 786
70, 785
69, 784
69, 783
69, 782
69, 781
69, 780
69, 779
69, 778
69, 777
69, 776
69, 775
70, 774
70, 773
70, 772
71, 771
71, 770
71, 769
71, 768
71, 767
71, 766
71, 765
71, 764
71, 763
71, 762
70, 761
70, 760
70, 759
70, 758
70, 757
69, 756
69, 755
69, 754
70, 753
70, 752
71, 751
71, 750
71, 749
71, 748
71, 747
72, 746
72, 745
72, 744
73, 743
73, 742
74, 741
74, 740
74, 739
74, 738
75, 737
75, 736
75, 735
75, 734
75, 733
76, 732
76, 731
76, 730
77, 729
77, 728
77, 727
77, 726
77, 725
78, 724
78, 723
78, 722
78, 721
78, 720
78, 719
78, 718
78, 717
78, 716
78, 715
78, 714
79, 713
79, 712
79, 711
79, 710
80, 709
80, 708
80, 707
80, 706
80, 705
80, 704
80, 703
80, 702
80, 701
81, 700
81, 699
81, 698
81, 697
82, 696
82, 695
82, 694
82, 693
82, 692
83, 691
83, 690
83, 689
83, 688
83, 687
84, 686
84, 685
84, 684
84, 683
84, 682
84, 681
85, 680
85, 679
85, 678
85, 677
85, 676
85, 675
86, 674
86, 673
86, 672
87, 671
87, 670
87, 669
87, 668
87, 667
87, 666
87, 665
88, 664
88, 663
88, 662
88, 661
88, 660
88, 659
89, 658
89, 657
89, 656
89, 655
90, 654
90, 653
90, 652
91, 651
91, 650
92, 649
93, 648
93, 647
94, 646
94, 645
94, 644
94, 643
95, 642
95, 641
95, 640
95, 639
95, 638
95, 637
95, 636
96, 635
96, 634
96, 633
96, 632
97, 631
97, 630
97, 629
97, 628
98, 627
98, 626
98, 625
98, 624
99, 623
99, 622
99, 621
99, 620
99, 619
100, 618
100, 617
100, 616
100, 615
101, 614
101, 613
101, 612
102, 611
102, 610
102, 609
102, 608
103, 607
103, 606
103, 605
103, 604
103, 603
104, 602
104, 601
104, 600
105, 599
105, 598
105, 597
105, 596
106, 595
106, 594
106, 593
106, 592
106, 591
106, 590
107, 589
107, 588
108, 587
108, 586
109, 585
109, 584
109, 583
109, 582
109, 581
110, 580
110, 579
110, 578
111, 577
111, 576
111, 575
111, 574
112, 573
112, 572
112, 571
113, 570
113, 569
113, 568
113, 567
113, 566
114, 565
114, 564
115, 563
115, 562
115, 561
116, 560
116, 559
116, 558
117, 557
117, 556
117, 555
117, 554
118, 553
118, 552
119, 551
119, 550
119, 549
119, 548
119, 547
120, 546
120, 545
121, 544
121, 543
121, 542
121, 541
122, 540
122, 539
122, 538
123, 537
123, 536
123, 535
123, 534
123, 533
124, 532
124, 531
125, 530
125, 529
125, 528
125, 527
126, 526
126, 525
126, 524
127, 523
127, 522
127, 521
127, 520
127, 519
127, 518
127, 517
128, 516
129, 515
129, 514
130, 513
130, 512
130, 511
131, 510
131, 509
131, 508
131, 507
132, 506
132, 505
133, 504
133, 503
133, 502
133, 501
133, 500
134, 499
134, 498
134, 497
135, 496
135, 495
135, 494
135, 493
136, 492
136, 491
136, 490
137, 489
137, 488
137, 487
138, 486
139, 485
139, 484
140, 483
141, 482
142, 481
143, 480
144, 479
145, 478
145, 477
145, 476
145, 475
146, 474
146, 473
147, 473
148, 473
149, 472
149, 471
150, 470
150, 469
150, 468
150, 467
150, 466
150, 465
150, 464
150, 463
151, 462
151, 461
151, 460
151, 459
151, 458
151, 457
151, 456
151, 455
151, 454
151, 453
151, 452
151, 451
151, 450
151, 449
151, 448
151, 447
151, 446
151, 445
152, 444
153, 443
154, 442
154, 441
154, 440
154, 439
153, 438
152, 437
151, 436
151, 435
151, 434
151, 433
151, 432
150, 431
150, 430
150, 429
150, 428
150, 427
150, 426
149, 425
149, 424
149, 423
149, 422
149, 421
149, 420
148, 419
148, 418
148, 417
148, 416
148, 415
147, 414
147, 413
147, 412
147, 411
147, 410
147, 409
147, 408
146, 407
146, 406
146, 405
145, 404
145, 403
145, 402
145, 401
145, 400
145, 399
144, 398
144, 397
144, 396
144, 395
144, 394
144, 393
144, 392
144, 391
144, 390
144, 389
144, 388
143, 387
143, 386
142, 385
142, 384
142, 383
142, 382
141, 381
141, 380
141, 379
141, 378
141, 377
141, 376
141, 375
141, 374
140, 373
140, 372
140, 371
139, 370
139, 369
139, 368
139, 367
139, 366
139, 365
139, 364
139, 363
139, 362
138, 361
138, 360
138, 359
138, 358
138, 357
138, 356
138, 355
138, 354
138, 353
137, 352
137, 351
137, 350
137, 349
137, 348
137, 347
137, 346
137, 345
136, 344
136, 343
136, 342
136, 341
136, 340
136, 339
135, 338
135, 337
135, 336
135, 335
135, 334
135, 333
135, 332
135, 331
135, 330
134, 329
134, 328
134, 327
134, 326
133, 325
133, 324
133, 323
133, 322
133, 321
133, 320
133, 319
132, 318
132, 317
132, 316
132, 315
132, 314
132, 313
132, 312
132, 311
132, 310
131, 309
131, 308
131, 307
131, 306
131, 305
131, 304
131, 303
131, 302
131, 301
131, 300
131, 299
130, 298
130, 297
130, 296
130, 295
130, 294
130, 293
130, 292
130, 291
130, 290
129, 289
129, 288
129, 287
129, 286
129, 285
129, 284
129, 283
129, 282
129, 281
129, 280
128, 279
128, 278
128, 277
128, 276
128, 275
128, 274
127, 273
127, 272
127, 271
127, 270
127, 269
127, 268
127, 267
127, 266
127, 265
127, 264
127, 263
126, 262
126, 261
126, 260
126, 259
126, 258
126, 257
126, 256
126, 255
125, 254
125, 253
125, 252
125, 251
125, 250
125, 249
125, 248
125, 247
125, 246
125, 245
125, 244
125, 243
125, 242
125, 241
124, 240
124, 239
124, 238
124, 237
124, 236
124, 235
124, 234
124, 233
124, 232
124, 231
124, 230
124, 229
123, 228
123, 227
123, 226
123, 225
123, 224
123, 223
123, 222
123, 221
123, 220
123, 219
123, 218
123, 217
123, 216
123, 215
122, 214
122, 213
122, 212
121, 211
121, 210
121, 209
121, 208
121, 207
122, 206
122, 205
122, 204
121, 203
121, 202
121, 201
121, 200
121, 199
121, 198
121, 197
121, 196
120, 195
120, 194
120, 193
120, 192
120, 191
120, 190
120, 189
120, 188
120, 187
120, 186
120, 185
120, 184
120, 183
120, 182
120, 181
120, 180
120, 179
120, 178
120, 177
120, 176
120, 175
120, 174
120, 173
120, 172
120, 171
120, 170
119, 169
119, 168
119, 167
119, 166
119, 165
119, 164
119, 163
119, 162
119, 161
119, 160
119, 159
119, 158
119, 157
119, 156
119, 155
118, 154
118, 153
118, 152
119, 151
119, 150
119, 149
118, 148
118, 147
118, 146
118, 145
118, 144
118, 143
118, 142
117, 141
118, 140
118, 139
118, 138
118, 137
118, 136
118, 135
118, 134
118, 133
118, 132
118, 131
118, 130
118, 129
118, 128
117, 127
117, 126
117, 125
117, 124
117, 123
117, 122
117, 121
117, 120
117, 119
117, 118
117, 117
117, 116
117, 115
117, 114
117, 113
117, 112
116, 111
116, 110
116, 109
116, 108
116, 107
117, 106
117, 105
117, 104
117, 103
117, 102
117, 101
117, 100
117, 99
117, 98
117, 97
117, 96
117, 95
116, 94
116, 93
116, 92
116, 91
116, 90
117, 89
117, 88
117, 87
117, 86
117, 85
117, 84
116, 83
116, 82
117, 81
117, 80
117, 79
117, 78
116, 77
116, 76
116, 75
116, 74
116, 73
116, 72
117, 71
117, 70
117, 69
117, 68
117, 67
117, 66
117, 65
117, 64
117, 63
117, 62
117, 61
117, 60
117, 59
117, 58
117, 57
117, 56
117, 55
118, 54
119, 53
120, 53
121, 53
122, 52
123, 53
124, 53
125, 53
126, 52
127, 52
128, 51
129, 51
130, 52
131, 52
132, 52
133, 52
134, 51
135, 51
136, 51
137, 51
138, 50
139, 50
140, 51
141, 51
142, 51
143, 51
144, 51
145, 51
146, 51
147, 51
148, 51
149, 51
150, 51
151, 51
152, 51
153, 51
154, 51
155, 50
156, 50
157, 50
158, 50
159, 50
160, 51
161, 51
162, 51
163, 51
164, 51
165, 51
166, 51
167, 51
168, 51
169, 51
170, 51
171, 51
172, 51
173, 51
174, 51
175, 51
176, 51
177, 51
178, 51
179, 51
180, 51
181, 51
182, 52
183, 52
184, 52
185, 52
186, 52
187, 51
188, 51
189, 51
190, 51
191, 51
192, 51
193, 51
194, 51
195, 51
196, 52
197, 52
198, 52
199, 51
200, 52
201, 52
202, 52
203, 52
204, 52
205, 52
206, 52
207, 53
208, 53
209, 53
210, 52
211, 53
212, 53
213, 53
214, 53
215, 53
216, 53
217, 53
218, 53
219, 53
220, 53
221, 53
222, 54
223, 54
224, 54
225, 54
226, 53
227, 54
228, 54
229, 54
230, 54
231, 54
232, 53
233, 53
234, 53
235, 53
236, 53
237, 53
238, 54
239, 54
240, 54
240, 55
241, 56
242, 56
243, 56
244, 55
245, 55
246, 54
247, 54
248, 54
249, 55
250, 55
251, 55
252, 55
253, 55
254, 54
255, 55
256, 55
257, 55
258, 55
259, 55
259, 56
260, 57
261, 57
262, 57
263, 57
264, 56
264, 55
265, 55
266, 55
267, 56
268, 56
269, 56
270, 56
271, 56
272, 56
273, 55
274, 55
275, 55
276, 56
277, 56
278, 56
279, 56
280, 56
281, 56
282, 56
283, 56
284, 56
285, 56
286, 56
287, 56
288, 56
289, 57
290, 57
291, 57
292, 57
293, 57
294, 57
295, 57
296, 57
297, 58
298, 58
299, 58
300, 58
301, 58
302, 58
303, 58
304, 58
305, 58
306, 58
307, 58
308, 57
309, 58
310, 58
311, 58
312, 58
313, 58
314, 58
315, 58
316, 58
317, 58
318, 58
319, 59
320, 59
321, 59
322, 59
323, 59
324, 59
325, 59
326, 59
327, 59
328, 60
329, 60
330, 60
331, 60
332, 60
333, 60
334, 60
335, 60
336, 61
337, 61
338, 61
339, 62
340, 62
340, 63
341, 64
341, 65
341, 66
341, 67
341, 68
341, 69
341, 70
340, 71
340, 72
340, 73
340, 74
340, 75
339, 76
339, 77
339, 78
339, 79
338, 80
338, 81
338, 82
337, 83
337, 84
337, 85
337, 86
336, 87
336, 88
336, 89
335, 90
335, 91
335, 92
335, 93
334, 94
334, 95
334, 96
334, 97
334, 98
333, 99
333, 100
333, 101
332, 102
332, 103
332, 104
332, 105
331, 106
331, 107
331, 108
330, 109
330, 110
330, 111
330, 112
329, 113
329, 114
329, 115
329, 116
328, 117
328, 118
328, 119
327, 120
327, 121
327, 122
327, 123
326, 124
326, 125
326, 126
326, 127
325, 128
325, 129
325, 130
325, 131
324, 132
324, 133
324, 134
324, 135
323, 136
323, 137
323, 138
322, 139
322, 140
322, 141
322, 142
321, 143
321, 144
321, 145
320, 146
320, 147
320, 148
319, 149
319, 150
319, 151
318, 152
318, 153
318, 154
318, 155
317, 156
317, 157
317, 158
316, 159
316, 160
316, 161
315, 162
315, 163
315, 164
314, 165
314, 166
314, 167
314, 168
313, 169
313, 170
313, 171
313, 172
312, 173
312, 174
312, 175
311, 176
311, 177
311, 178
310, 179
310, 180
310, 181
309, 182
309, 183
309, 184
309, 185
308, 186
308, 187
308, 188
307, 189
307, 190
307, 191
307, 192
306, 193
306, 194
305, 195
305, 196
305, 197
305, 198
305, 199
304, 200
304, 201
303, 202
303, 203
303, 204
302, 205
302, 206
302, 207
301, 208
301, 209
301, 210
300, 211
300, 212
300, 213
299, 214
299, 215
299, 216
299, 217
299, 218
298, 219
298, 220
297, 221
297, 222
297, 223
296, 224
296, 225
295, 226
295, 227
295, 228
295, 229
294, 230
294, 231
294, 232
293, 233
293, 234
293, 235
293, 236
292, 237
292, 238
292, 239
291, 240
291, 241
290, 242
290, 243
290, 244
290, 245
289, 246
288, 247
288, 248
288, 249
288, 250
287, 251
287, 252
287, 253
287, 254
287, 255
287, 256
286, 257
286, 258
286, 259
286, 260
285, 261
284, 262
283, 263
283, 264
283, 265
283, 266
282, 267
281, 268
281, 269
281, 270
282, 271
282, 272
282, 273
281, 273
280, 274
280, 275
280, 276
280, 277
280, 278
279, 279
278, 280
278, 281
277, 282
276, 283
276, 284
275, 285
275, 286
275, 287
275, 288
274, 289
274, 290
273, 291
273, 292
273, 293
274, 294
273, 295
272, 295
271, 296
271, 297
271, 298
270, 299
270, 300
270, 301
270, 302
270, 303
270, 304
270, 305
270, 306
270, 307
269, 308
268, 309
268, 310
268, 311
267, 312
266, 313
266, 314
266, 315
266, 316
266, 317
265, 318
264, 319
264, 320
264, 321
264, 322
263, 323
262, 324
262, 325
262, 326
262, 327
262, 328
261, 329
260, 330
260, 331
260, 332
259, 332
258, 332
257, 333
257, 334
257, 335
258, 336
258, 337
257, 338
257, 339
256, 340
256, 341
256, 342
255, 343
255, 344
254, 345
254, 346
254, 347
254, 348
253, 349
253, 350
252, 351
252, 352
252, 353
251, 354
250, 355
250, 356
250, 357
249, 358
249, 359
248, 359
247, 360
247, 361
247, 362
248, 363
247, 364
246, 364
245, 365
245, 366
245, 367
245, 368
245, 369
244, 370
244, 371
244, 372
244, 373
243, 374
243, 375
242, 376
242, 377
241, 378
241, 379
240, 380
240, 381
240, 382
239, 383
239, 384
238, 384
237, 385
237, 386
237, 387
237, 388
237, 389
236, 390
236, 391
236, 392
235, 393
235, 394
234, 394
233, 395
233, 396
233, 397
234, 398
233, 399
232, 399
231, 400
231, 401
231, 402
231, 403
231, 404
230, 405
230, 406
230, 407
229, 408
228, 409
228, 410
228, 411
227, 412
227, 413
226, 414
226, 415
226, 416
225, 417
225, 418
224, 418
223, 419
223, 420
223, 421
223, 422
223, 423
222, 424
222, 425
222, 426
221, 427
220, 428
220, 429
219, 430
219, 431
218, 432
218, 433
218, 434
217, 435
217, 436
217, 437
216, 438
216, 439
216, 440
215, 441
214, 442
214, 443
214, 444
215, 445
215, 446
216, 447
217, 448
218, 449
218, 450
218, 451
217, 452
217, 453
216, 454
216, 455
216, 456
216, 457
215, 458
215, 459
215, 460
215, 461
215, 462
215, 463
215, 464
215, 465
214, 466
214, 467
214, 468
214, 469
214, 470
214, 471
214, 472
214, 473
214, 474
214, 475
213, 476
213, 477
213, 478
213, 479
213, 480
213, 481
213, 482
213, 483
214, 484
214, 485
214, 486
214, 487
215, 488
215, 489
216, 490
217, 490
218, 491
218, 492
218, 493
219, 494
219, 495
219, 496
219, 497
219, 498
219, 499
219, 500
219, 501
219, 502
219, 503
220, 504
219, 505
219, 506
219, 507
219, 508
219, 509
220, 510
220, 511
220, 512
220, 513
220, 514
220, 515
220, 516
220, 517
220, 518
220, 519
221, 520
221, 521
221, 522
221, 523
221, 524
221, 525
221, 526
221, 527
221, 528
221, 529
221, 530
221, 531
221, 532
221, 533
221, 534
222, 535
222, 536
222, 537
222, 538
222, 539
222, 540
222, 541
222, 542
222, 543
222, 544
222, 545
222, 546
222, 547
222, 548
222, 549
222, 550
222, 551
222, 552
222, 553
222, 554
223, 555
223, 556
223, 557
223, 558
223, 559
223, 560
223, 561
223, 562
223, 563
223, 564
223, 565
223, 566
223, 567
223, 568
223, 569
223, 570
224, 571
224, 572
224, 573
224, 574
224, 575
224, 576
224, 577
224, 578
224, 579
224, 580
224, 581
224, 582
224, 583
224, 584
224, 585
225, 586
225, 587
225, 588
225, 589
225, 590
226, 591
226, 592
226, 593
226, 594
226, 595
226, 596
226, 597
226, 598
225, 599
225, 600
225, 601
225, 602
225, 603
225, 604
225, 605
225, 606
225, 607
225, 608
225, 609
225, 610
225, 611
225, 612
225, 613
225, 614
225, 615
225, 616
225, 617
225, 618
225, 619
225, 620
225, 621
226, 622
226, 623
226, 624
226, 625
226, 626
226, 627
226, 628
226, 629
226, 630
226, 631
226, 632
226, 633
226, 634
226, 635
226, 636
226, 637
226, 638
226, 639
225, 640
225, 641
225, 642
225, 643
225, 644
225, 645
226, 646
226, 647
226, 648
225, 649
225, 650
225, 651
225, 652
225, 653
225, 654
225, 655
226, 656
225, 657
225, 658
225, 659
226, 660
225, 661
225, 662
225, 663
225, 664
226, 665
226, 666
226, 667
226, 668
226, 669
226, 670
226, 671
226, 672
226, 673
225, 674
225, 675
225, 676
225, 677
225, 678
225, 679
225, 680
225, 681
225, 682
225, 683
225, 684
225, 685
225, 686
225, 687
225, 688
225, 689
225, 690
225, 691
225, 692
225, 693
225, 694
225, 695
225, 696
225, 697
224, 698
224, 699
224, 700
224, 701
224, 702
224, 703
224, 704
224, 705
224, 706
224, 707
224, 708
224, 709
224, 710
224, 711
224, 712
224, 713
224, 714
224, 715
223, 716
223, 717
223, 718
223, 719
223, 720
223, 721
223, 722
223, 723
223, 724
223, 725
223, 726
223, 727
223, 728
223, 729
223, 730
223, 731
223, 732
223, 733
222, 734
222, 735
222, 736
222, 737
222, 738
222, 739
222, 740
222, 741
222, 742
222, 743
222, 744
222, 745
222, 746
222, 747
222, 748
222, 749
222, 750
222, 751
222, 752
222, 753
222, 754
222, 755
222, 756
222, 757
221, 758
221, 759
221, 760
221, 761
221, 762
221, 763
221, 764
221, 765
221, 766
221, 767
221, 768
222, 769
221, 770
221, 771
221, 772
221, 773
221, 774
220, 775
220, 776
220, 777
220, 778
220, 779
220, 780
220, 781
220, 782
220, 783
220, 784
220, 785
220, 786
220, 787
220, 788
220, 789
220, 790
220, 791
220, 792
220, 793
220, 794
220, 795
219, 796
218, 797
218, 798
218, 799
218, 800
218, 801
218, 802
218, 803
218, 804
218, 805
218, 806
218, 807
218, 808
218, 809
218, 810
218, 811
217, 812
216, 813
216, 814
216, 815
216, 816
216, 817
216, 818
216, 819
216, 820
216, 821
216, 822
215, 823
214, 824
214, 825
214, 826
214, 827
214, 828
213, 829
213, 830
212, 831
212, 832
212, 833
211, 834
210, 835
209, 836
208, 837
207, 838
207, 839
206, 840
205, 841
204, 841
203, 842
202, 843
202, 844
201, 845
200, 846
199, 846
198, 847
197, 847
196, 847
195, 847
194, 847
193, 848
192, 848
191, 848
190, 847
189, 847
188, 847
187, 848
186, 847
185, 847
184, 847
183, 847
182, 848
182, 849
182, 850
182, 851
181, 852
180, 852
179, 853
178, 853
177, 853
176, 853
175, 853
174, 853
173, 853
172, 853
171, 853
170, 853
169, 853
168, 853
167, 854
166, 853
165, 852
164, 852
163, 852
162, 852
161, 853
161, 854
161, 855
161, 856
160, 857
160, 858
159, 858
158, 858
157, 858
156, 858
155, 859
154, 859
153, 859
152, 860
151, 860
150, 859
149, 859
148, 859
147, 859
146, 859
145, 860
144, 861
143, 862
142, 861
141, 861
140, 861
139, 861
138, 861
137, 861
136, 861
135, 860
134, 860
133, 860
132, 860
131, 860
130, 860
129, 860
128, 859
127, 859
127, 858
126, 857
125, 857
124, 856
123, 855
124, 855
125, 854
126, 853
126, 852
126, 851
125, 850
124, 850
123, 850
122, 851
121, 851
121, 850
121, 849
121, 848
122, 848
123, 848
123, 849
124, 850
125, 850
126, 850
127, 850
128, 849
129, 849
130, 849
131, 849
132, 849
133, 849
134, 850
135, 850
136, 850
137, 850
138, 850
139, 850
140, 850
141, 850
142, 850
143, 849
144, 850
145, 850
146, 850
147, 850
148, 850
149, 850
150, 850
151, 850
152, 850
153, 850
154, 850
155, 850
156, 850
157, 850
158, 850
159, 850
160, 849
160, 848
160, 847
159, 846
159, 845
158, 844
157, 844
156, 844
155, 843
154, 842
153, 842
152, 842
151, 842
150, 842
149, 842
148, 842
147, 842
146, 842
145, 842
144, 842
143, 842
142, 841
141, 840
140, 840
139, 840
138, 840
137, 840
136, 840
135, 840
134, 840
133, 840
132, 839
131, 839
130, 839
129, 839
128, 839
127, 840
126, 839
125, 839
124, 839
123, 839
122, 839
121, 840
120, 840
119, 840
118, 840
117, 839
116, 839
115, 839
114, 840
113, 839
112, 839
111, 839
110, 840
109, 840
108, 840
107, 841
107, 842
107, 843
106, 843
105, 843
104, 843
103, 843
103, 842
103, 841
103, 840
102, 839
101, 839
100, 838
99, 838
98, 838
97, 838
96, 838
95, 838
94, 839
94, 840
94, 841
94, 840
93, 839
92, 839
91, 839
90, 839
89, 840
88, 840
87, 840
86, 840
85, 839
84, 839
83, 839
82, 838
81, 837
80, 836
79, 836
78, 835
77, 834
76, 833
75, 832
75, 831
74, 830
73, 829
73, 828
73, 827
72, 826
71, 825
71, 824
71, 823
71, 822
70, 821
70, 820
70, 819
70, 818
70, 817
69, 816
69, 815
69, 814
68, 813
68, 812
68, 811
68, 810
68, 809
68, 808
68, 807
68, 806
68, 805
68, 804
