103, 876
104, 875
104, 874
104, 873
104, 872
104, 871
104, 870
104, 869
104, 868
104, 867
104, 866
104, 865
104, 864
105, 863
105, 862
105, 861
105, 860
105, 859
105, 858
105, 857
105, 856
105, 855
105, 854
105, 853
105, 852
105, 851
105, 850
105, 849
105, 848
105, 847
105, 846
105, 845
105, 844
105, 843
105, 842
105, 841
105, 840
105, 839
105, 838
105, 837
105, 836
105, 835
105, 834
105, 833
105, 832
105, 831
105, 830
105, 829
105, 828
105, 827
105, 826
106, 825
106, 824
106, 823
106, 822
106, 821
106, 820
106, 819
106, 818
106, 817
106, 816
106, 815
106, 814
106, 813
106, 812
106, 811
106, 810
106, 809
106, 808
106, 807
106, 806
107, 805
107, 804
107, 803
107, 802
107, 801
107, 800
107, 799
107, 798
107, 797
107, 796
107, 795
107, 794
107, 793
107, 792
107, 791
107, 790
107, 789
108, 788
108, 787
108, 786
108, 785
108, 784
108, 783
108, 782
108, 781
108, 780
108, 779
108, 778
108, 777
108, 776
108, 775
108, 774
108, 773
108, 772
109, 771
109, 770
109, 769
109, 768
109, 767
109, 766
109, 765
109, 764
110, 763
110, 762
110, 761
110, 760
110, 759
110, 758
110, 757
110, 756
110, 755
110, 754
110, 753
110, 752
111, 751
111, 750
111, 749
111, 748
111, 747
111, 746
111, 745
112, 744
112, 743
112, 742
112, 741
112, 740
112, 739
112, 738
112, 737
112, 736
113, 735
113, 734
113, 733
113, 732
113, 731
113, 730
113, 729
114, 728
114, 727
114, 726
114, 725
114, 724
114, 723
114, 722
114, 721
114, 720
115, 719
115, 718
115, 717
115, 716
115, 715
115, 714
115, 713
115, 712
116, 711
116, 710
116, 709
116, 708
116, 707
116, 706
117, 705
117, 704
117, 703
117, 702
117, 701
117, 700
118, 699
118, 698
118, 697
118, 696
118, 695
118, 694
118, 693
118, 692
119, 691
119, 690
119, 689
119, 688
119, 687
119, 686
120, 685
120, 684
120, 683
120, 682
120, 681
120, 680
120, 679
120, 678
121, 677
121, 676
121, 675
121, 674
121, 673
122, 672
122, 671
122, 670
122, 669
122, 668
122, 667
123, 666
123, 665
123, 664
123, 663
123, 662
124, 661
124, 660
124, 659
124, 658
124, 657
124, 656
124, 655
125, 654
125, 653
125, 652
125, 651
126, 650
126, 649
126, 648
126, 647
126, 646
126, 645
126, 644
127, 643
127, 642
127, 641
127, 640
127, 639
128, 638
128, 637
128, 636
128, 635
128, 634
128, 633
129, 632
129, 631
129, 630
129, 629
129, 628
129, 627
130, 626
130, 625
130, 624
130, 623
130, 622
130, 621
131, 620
131, 619
131, 618
131, 617
131, 616
132, 615
132, 614
132, 613
132, 612
132, 611
132, 610
133, 609
133, 608
133, 607
133, 606
134, 605
134, 604
134, 603
134, 602
134, 601
134, 600
135, 599
135, 598
135, 597
135, 596
135, 595
136, 594
136, 593
136, 592
136, 591
136, 590
136, 589
136, 588
136, 587
137, 586
137, 585
137, 584
137, 583
137, 582
138, 581
138, 580
138, 579
138, 578
138, 577
139, 576
139, 575
139, 574
138, 573
138, 572
139, 571
139, 570
139, 569
140, 568
140, 567
140, 566
140, 565
140, 564
140, 563
141, 562
141, 561
141, 560
142, 559
142, 558
143, 557
143, 556
143, 555
144, 554
145, 553
145, 552
145, 551
145, 550
144, 549
145, 548
145, 547
145, 546
145, 545
145, 544
145, 543
144, 542
144, 541
145, 540
145, 539
145, 538
145, 537
145, 536
145, 535
145, 534
145, 533
145, 532
145, 531
146, 530
146, 529
147, 528
147, 527
147, 526
148, 525
148, 524
149, 523
150, 523
151, 522
151, 521
152, 521
153, 520
154, 519
155, 518
155, 517
155, 516
155, 515
154, 514
154, 513
154, 512
154, 511
154, 510
153, 509
153, 508
153, 507
153, 506
153, 505
153, 504
152, 503
152, 502
152, 501
152, 500
152, 499
152, 498
152, 497
152, 496
152, 495
151, 494
151, 493
151, 492
151, 491
151, 490
150, 489
150, 488
150, 487
150, 486
150, 485
150, 484
150, 483
150, 482
149, 481
149, 480
148, 479
149, 478
149, 477
149, 476
149, 475
148, 474
148, 473
147, 472
147, 471
147, 470
147, 469
146, 468
146, 467
146, 466
146, 465
146, 464
146, 463
146, 462
146, 461
146, 460
145, 459
145, 458
145, 457
145, 456
145, 455
145, 454
144, 453
144, 452
144, 451
144, 450
144, 449
143, 448
143, 447
143, 446
143, 445
143, 444
143, 443
142, 442
142, 441
142, 440
142, 439
142, 438
142, 437
141, 436
141, 435
141, 434
141, 433
141, 432
141, 431
141, 430
141, 429
141, 428
141, 427
140, 426
140, 425
140, 424
140, 423
140, 422
140, 421
140, 420
139, 419
139, 418
139, 417
139, 416
139, 415
138, 414
138, 413
138, 412
138, 411
138, 410
138, 409
138, 408
138, 407
138, 406
138, 405
137, 404
137, 403
137, 402
137, 401
137, 400
137, 399
137, 398
136, 397
136, 396
136, 395
136, 394
136, 393
136, 392
136, 391
135, 390
135, 389
135, 388
135, 387
135, 386
135, 385
135, 384
135, 383
134, 382
134, 381
134, 380
134, 379
134, 378
134, 377
134, 376
134, 375
134, 374
134, 373
134, 372
133, 371
133, 370
133, 369
133, 368
133, 367
133, 366
132, 365
132, 364
132, 363
132, 362
132, 361
132, 360
131, 359
131, 358
130, 357
130, 356
130, 355
130, 354
130, 353
129, 352
129, 351
129, 350
129, 349
128, 348
128, 347
128, 346
128, 345
129, 344
129, 343
129, 342
129, 341
129, 340
129, 339
129, 338
129, 337
129, 336
129, 335
129, 334
129, 333
128, 332
128, 331
128, 330
128, 329
128, 328
128, 327
128, 326
128, 325
128, 324
128, 323
128, 322
128, 321
128, 320
128, 319
128, 318
128, 317
128, 316
127, 315
127, 314
127, 313
127, 312
127, 311
127, 310
127, 309
127, 308
126, 307
126, 306
126, 305
126, 304
126, 303
126, 302
127, 301
127, 300
127, 299
126, 298
126, 297
126, 296
126, 295
126, 294
126, 293
126, 292
126, 291
126, 290
126, 289
126, 288
126, 287
126, 286
125, 285
125, 284
125, 283
125, 282
125, 281
124, 280
124, 279
124, 278
124, 277
124, 276
124, 275
124, 274
124, 273
124, 272
124, 271
123, 270
123, 269
123, 268
123, 267
123, 266
123, 265
123, 264
122, 263
122, 262
122, 261
122, 260
122, 259
122, 258
121, 257
121, 256
121, 255
121, 254
122, 253
123, 252
123, 251
123, 250
123, 249
123, 248
123, 247
123, 246
123, 245
122, 244
122, 243
122, 242
122, 241
122, 240
122, 239
122, 238
122, 237
122, 236
122, 235
122, 234
122, 233
122, 232
122, 231
122, 230
122, 229
122, 228
122, 227
122, 226
121, 225
121, 224
121, 223
121, 222
121, 221
121, 220
121, 219
121, 218
121, 217
121, 216
121, 215
121, 214
120, 213
121, 212
121, 211
121, 210
121, 209
120, 208
120, 207
120, 206
120, 205
120, 204
120, 203
120, 202
120, 201
120, 200
120, 199
120, 198
120, 197
120, 196
120, 195
120, 194
120, 193
120, 192
120, 191
120, 190
120, 189
120, 188
120, 187
120, 186
120, 185
120, 184
120, 183
120, 182
120, 181
120, 180
120, 179
120, 178
120, 177
120, 176
120, 175
120, 174
120, 173
120, 172
121, 171
121, 170
121, 169
121, 168
121, 167
121, 166
122, 165
122, 164
122, 163
122, 162
122, 161
123, 160
124, 159
124, 158
124, 157
124, 156
125, 155
126, 154
127, 154
128, 153
129, 153
130, 153
131, 153
132, 153
133, 152
134, 152
135, 152
136, 152
137, 152
138, 151
139, 151
140, 151
141, 151
142, 151
143, 151
144, 150
145, 150
146, 150
147, 150
148, 150
149, 150
150, 150
151, 150
152, 150
153, 150
154, 150
155, 150
156, 149
157, 150
158, 150
159, 150
160, 150
161, 150
162, 150
163, 150
164, 150
165, 150
166, 149
167, 149
168, 149
169, 149
170, 149
171, 149
172, 149
173, 149
174, 148
175, 149
176, 149
177, 149
178, 149
179, 149
180, 149
181, 149
182, 149
183, 149
184, 149
185, 149
186, 149
187, 149
188, 149
189, 149
190, 149
191, 149
192, 149
193, 149
194, 148
195, 148
196, 148
197, 148
198, 148
199, 148
200, 148
201, 148
202, 148
203, 148
204, 148
205, 148
206, 147
207, 147
208, 147
209, 147
210, 147
211, 147
212, 147
213, 147
214, 148
215, 148
216, 148
217, 148
218, 148
219, 148
220, 148
221, 148
222, 148
223, 148
224, 149
225, 149
226, 149
227, 149
228, 149
229, 149
230, 149
231, 149
232, 149
233, 149
234, 149
235, 149
236, 150
237, 150
237, 151
238, 152
238, 153
238, 154
238, 155
239, 156
239, 157
239, 158
239, 159
239, 160
240, 161
240, 162
240, 163
240, 164
240, 165
240, 166
240, 167
240, 168
240, 169
240, 170
240, 171
240, 172
240, 173
240, 174
240, 175
240, 176
240, 177
240, 178
240, 179
240, 180
240, 181
240, 182
240, 183
240, 184
240, 185
240, 186
240, 187
240, 188
240, 189
240, 190
240, 191
240, 192
240, 193
240, 194
240, 195
240, 196
240, 197
240, 198
241, 199
241, 200
241, 201
241, 202
241, 203
241, 204
241, 205
241, 206
241, 207
241, 208
241, 209
241, 210
241, 211
241, 212
240, 213
240, 214
240, 215
240, 216
240, 217
240, 218
240, 219
239, 220
239, 221
239, 222
239, 223
239, 224
239, 225
239, 226
239, 227
239, 228
239, 229
239, 230
239, 231
239, 232
239, 233
239, 234
239, 235
239, 236
239, 237
239, 238
239, 239
239, 240
239, 241
239, 242
239, 243
239, 244
239, 245
238, 246
238, 247
238, 248
238, 249
238, 250
238, 251
238, 252
238, 253
238, 254
238, 255
238, 256
238, 257
238, 258
238, 259
238, 260
237, 261
237, 262
237, 263
238, 264
238, 265
238, 266
238, 267
238, 268
238, 269
238, 270
238, 271
238, 272
238, 273
238, 274
238, 275
238, 276
238, 277
238, 278
238, 279
238, 280
238, 281
237, 282
237, 283
237, 284
237, 285
238, 286
238, 287
238, 288
238, 289
238, 290
238, 291
238, 292
238, 293
238, 294
238, 295
238, 296
238, 297
238, 298
239, 299
239, 300
238, 301
237, 302
237, 303
237, 304
237, 305
236, 306
236, 307
236, 308
236, 309
236, 310
236, 311
236, 312
236, 313
236, 314
235, 315
235, 316
235, 317
235, 318
235, 319
236, 320
235, 321
235, 322
235, 323
235, 324
235, 325
235, 326
235, 327
235, 328
235, 329
235, 330
235, 331
235, 332
235, 333
235, 334
235, 335
235, 336
234, 337
234, 338
234, 339
234, 340
235, 341
235, 342
235, 343
235, 344
235, 345
235, 346
235, 347
235, 348
235, 349
235, 350
235, 351
234, 352
234, 353
233, 354
233, 355
233, 356
233, 357
233, 358
233, 359
233, 360
233, 361
233, 362
233, 363
233, 364
233, 365
233, 366
233, 367
233, 368
233, 369
232, 370
231, 371
231, 372
231, 373
231, 374
231, 375
231, 376
231, 377
231, 378
231, 379
231, 380
231, 381
230, 382
229, 383
229, 384
229, 385
229, 386
228, 387
228, 388
228, 389
229, 390
229, 391
229, 392
229, 393
229, 394
229, 395
228, 396
227, 397
227, 398
227, 399
227, 400
227, 401
227, 402
227, 403
227, 404
227, 405
226, 406
226, 407
226, 408
225, 409
225, 410
225, 411
225, 412
225, 413
225, 414
225, 415
225, 416
225, 417
225, 418
225, 419
225, 420
225, 421
224, 422
223, 423
223, 424
223, 425
223, 426
223, 427
223, 428
223, 429
223, 430
223, 431
223, 432
223, 433
223, 434
223, 435
223, 436
223, 437
223, 438
223, 439
222, 440
221, 441
221, 442
221, 443
221, 444
221, 445
221, 446
221, 447
221, 448
221, 449
220, 450
220, 451
219, 452
219, 453
219, 454
219, 455
218, 456
218, 457
218, 458
217, 459
217, 460
217, 461
217, 462
217, 463
217, 464
217, 465
217, 466
216, 467
216, 468
216, 469
215, 470
215, 471
215, 472
215, 473
215, 474
214, 475
214, 476
214, 477
214, 478
213, 479
213, 480
213, 481
213, 482
213, 483
213, 484
213, 485
212, 486
212, 487
212, 488
212, 489
211, 490
211, 491
211, 492
211, 493
211, 494
211, 495
210, 496
210, 497
210, 498
210, 499
210, 500
210, 501
210, 502
209, 503
209, 504
209, 505
209, 506
209, 507
208, 508
208, 509
208, 510
207, 511
207, 512
207, 513
207, 514
207, 515
207, 516
207, 517
207, 518
206, 519
206, 520
206, 521
206, 522
206, 523
207, 524
208, 525
209, 526
210, 527
210, 528
211, 529
211, 530
212, 531
212, 532
212, 533
212, 534
212, 535
212, 536
213, 537
213, 538
213, 539
212, 540
212, 541
212, 542
212, 543
212, 544
213, 545
212, 546
212, 547
212, 548
212, 549
212, 550
212, 551
213, 552
213, 553
213, 554
213, 555
213, 556
214, 557
214, 558
215, 559
215, 560
216, 561
216, 562
216, 563
216, 564
216, 565
217, 566
217, 567
217, 568
217, 569
217, 570
217, 571
218, 572
218, 573
218, 574
218, 575
219, 576
219, 577
219, 578
219, 579
219, 580
220, 581
220, 582
220, 583
220, 584
220, 585
221, 586
221, 587
221, 588
221, 589
221, 590
221, 591
222, 592
222, 593
222, 594
222, 595
222, 596
223, 597
223, 598
223, 599
223, 600
223, 601
223, 602
224, 603
224, 604
224, 605
224, 606
225, 607
225, 608
225, 609
225, 610
225, 611
225, 612
226, 613
226, 614
226, 615
226, 616
227, 617
227, 618
227, 619
227, 620
227, 621
228, 622
229, 622
229, 623
229, 624
229, 625
230, 626
231, 627
231, 628
231, 629
232, 630
233, 631
233, 632
233, 633
234, 634
235, 635
235, 636
235, 637
235, 638
236, 639
237, 640
237, 641
237, 642
237, 643
237, 644
237, 645
237, 646
238, 647
239, 647
239, 648
239, 649
239, 650
239, 651
239, 652
240, 653
241, 654
241, 655
241, 656
241, 657
241, 658
241, 659
241, 660
242, 661
243, 662
243, 663
243, 664
243, 665
243, 666
243, 667
243, 668
243, 669
243, 670
244, 671
244, 672
245, 673
245, 674
245, 675
245, 676
245, 677
245, 678
245, 679
245, 680
245, 681
245, 682
245, 683
246, 684
246, 685
247, 686
247, 687
247, 688
247, 689
247, 690
247, 691
247, 692
247, 693
247, 694
247, 695
248, 696
249, 697
249, 698
249, 699
249, 700
249, 701
249, 702
249, 703
249, 704
249, 705
249, 706
249, 707
249, 708
249, 709
249, 710
249, 711
249, 712
249, 713
249, 714
249, 715
249, 716
249, 717
249, 718
249, 719
249, 720
249, 721
249, 722
249, 723
249, 724
249, 725
249, 726
249, 727
249, 728
249, 729
249, 730
249, 731
249, 732
248, 733
247, 734
247, 735
247, 736
247, 737
247, 738
247, 739
247, 740
247, 741
247, 742
247, 743
247, 744
247, 745
247, 746
247, 747
247, 748
247, 749
247, 750
247, 751
247, 752
247, 753
247, 754
247, 755
248, 756
248, 757
248, 758
248, 759
249, 760
249, 761
249, 762
249, 763
249, 764
249, 765
249, 766
250, 767
250, 768
249, 769
249, 770
249, 771
249, 772
250, 773
250, 774
250, 775
250, 776
250, 777
250, 778
250, 779
250, 780
250, 781
250, 782
250, 783
251, 784
251, 785
251, 786
251, 787
251, 788
251, 789
251, 790
251, 791
251, 792
251, 793
251, 794
251, 795
251, 796
251, 797
251, 798
251, 799
251, 800
251, 801
251, 802
251, 803
251, 804
251, 805
251, 806
251, 807
251, 808
251, 809
251, 810
251, 811
251, 812
251, 813
251, 814
251, 815
251, 816
252, 817
252, 818
252, 819
252, 820
252, 821
252, 822
252, 823
252, 824
252, 825
252, 826
252, 827
252, 828
252, 829
252, 830
252, 831
252, 832
252, 833
252, 834
252, 835
252, 836
252, 837
252, 838
252, 839
252, 840
252, 841
252, 842
252, 843
252, 844
252, 845
252, 846
252, 847
252, 848
252, 849
252, 850
252, 851
252, 852
252, 853
252, 854
252, 855
252, 856
252, 857
252, 858
252, 859
252, 860
252, 861
252, 862
252, 863
252, 864
252, 865
252, 866
252, 867
252, 868
252, 869
252, 870
252, 871
252, 872
252, 873
252, 874
252, 875
252, 876
252, 877
252, 878
252, 879
252, 880
252, 881
252, 882
252, 883
251, 884
251, 885
251, 886
251, 887
251, 888
251, 889
251, 890
251, 891
251, 892
251, 893
251, 894
251, 895
251, 896
251, 897
250, 898
250, 899
250, 900
250, 901
250, 902
250, 903
250, 904
250, 905
250, 906
249, 907
249, 908
249, 909
249, 910
249, 911
249, 912
248, 913
248, 914
248, 915
248, 916
247, 917
247, 918
247, 919
247, 920
247, 921
247, 922
246, 923
246, 924
246, 925
245, 926
245, 927
245, 928
245, 929
245, 930
244, 931
244, 932
243, 933
243, 934
242, 935
242, 936
242, 937
242, 938
241, 939
241, 940
240, 941
240, 942
239, 943
239, 944
238, 945
238, 946
237, 947
237, 948
236, 949
235, 950
234, 951
233, 952
232, 953
231, 954
230, 955
229, 956
228, 957
227, 958
226, 958
225, 959
224, 960
223, 960
222, 961
221, 961
220, 962
219, 962
218, 963
217, 963
216, 964
215, 964
214, 965
213, 965
212, 965
211, 966
210, 966
209, 967
208, 967
207, 967
206, 968
205, 968
204, 968
203, 967
202, 967
201, 967
200, 967
199, 967
198, 967
197, 968
196, 968
195, 968
194, 969
193, 969
192, 970
191, 971
190, 972
190, 973
189, 973
188, 973
187, 973
186, 973
187, 973
188, 972
189, 972
190, 972
191, 971
191, 970
191, 969
191, 968
190, 967
189, 967
188, 967
187, 967
186, 967
185, 966
184, 966
183, 966
182, 966
181, 966
180, 966
179, 966
178, 966
177, 966
176, 966
175, 966
174, 966
173, 966
172, 966
171, 966
170, 966
169, 967
169, 968
168, 969
167, 969
166, 970
166, 971
166, 972
167, 973
168, 974
169, 974
170, 975
171, 975
172, 975
173, 975
174, 975
175, 975
176, 975
177, 975
178, 975
179, 974
180, 975
181, 975
182, 975
183, 974
184, 974
184, 975
183, 976
182, 976
181, 976
180, 976
179, 976
178, 977
177, 978
176, 978
175, 977
174, 977
173, 977
172, 977
171, 977
170, 977
169, 977
168, 977
167, 977
166, 977
165, 976
164, 976
163, 976
162, 975
161, 975
160, 975
161, 975
162, 974
162, 973
162, 972
161, 971
160, 971
159, 971
158, 971
157, 971
156, 972
155, 972
154, 971
153, 970
152, 970
151, 969
150, 968
149, 968
148, 967
147, 967
146, 966
145, 966
144, 966
143, 965
142, 965
141, 965
140, 965
139, 964
138, 963
137, 963
136, 962
136, 961
136, 960
135, 959
134, 958
133, 958
132, 957
131, 957
130, 956
129, 956
128, 955
127, 954
126, 953
126, 952
125, 951
124, 950
123, 950
123, 949
122, 948
121, 947
120, 946
120, 945
119, 944
118, 943
117, 942
117, 941
116, 940
116, 939
116, 938
115, 937
115, 936
114, 935
114, 934
114, 933
114, 932
114, 931
113, 930
112, 929
112, 928
112, 927
112, 926
111, 925
111, 924
111, 923
110, 922
110, 921
110, 920
110, 919
110, 918
109, 917
109, 916
109, 915
109, 914
109, 913
108, 912
108, 911
108, 910
108, 909
107, 908
107, 907
107, 906
106, 905
106, 904
106, 903
105, 902
105, 901
105, 900
104, 899
104, 898
104, 897
103, 896
103, 895
103, 894
103, 893
103, 892
103, 891
103, 890
103, 889
103, 888
103, 887
103, 886
103, 885
103, 884
103, 883
102, 882
102, 881
102, 880
102, 879
102, 878
102, 877
