167, 297
168, 296
169, 296
170, 295
171, 295
172, 295
173, 295
174, 295
175, 295
176, 294
177, 294
178, 294
179, 294
180, 294
181, 294
182, 294
183, 294
184, 293
185, 293
186, 293
187, 293
188, 293
189, 293
190, 293
191, 293
192, 294
193, 294
194, 294
195, 294
196, 294
197, 294
198, 294
199, 294
200, 294
201, 294
202, 294
203, 294
204, 294
205, 294
206, 294
207, 294
208, 293
209, 293
210, 293
211, 293
212, 293
213, 293
214, 294
215, 294
216, 294
217, 293
218, 294
219, 294
220, 294
221, 293
222, 293
223, 293
224, 293
225, 293
226, 293
227, 293
228, 293
229, 293
230, 293
231, 293
232, 293
233, 293
234, 294
235, 294
236, 294
237, 293
238, 293
239, 293
240, 293
241, 293
242, 293
243, 293
244, 293
245, 293
246, 293
247, 293
248, 293
249, 293
250, 293
251, 293
252, 293
253, 293
254, 293
255, 293
256, 293
257, 293
258, 293
259, 293
260, 293
261, 293
262, 293
263, 293
264, 293
265, 293
266, 293
267, 293
268, 293
269, 293
270, 293
271, 293
272, 293
273, 292
274, 292
275, 292
276, 292
277, 292
278, 292
279, 292
280, 292
281, 292
282, 292
283, 292
284, 292
285, 292
286, 292
287, 292
288, 292
289, 292
290, 292
291, 292
292, 292
293, 293
294, 293
295, 293
296, 293
297, 293
298, 292
299, 292
300, 292
301, 292
302, 292
303, 292
304, 293
305, 293
306, 293
307, 292
308, 292
309, 292
310, 292
311, 292
312, 292
313, 292
314, 292
315, 292
316, 292
317, 292
318, 292
319, 292
320, 292
321, 292
322, 292
323, 292
324, 292
325, 292
326, 292
327, 292
328, 292
329, 292
330, 292
331, 293
332, 293
333, 293
334, 293
335, 292
336, 293
337, 293
338, 293
339, 293
340, 292
341, 292
342, 292
343, 292
344, 293
345, 293
346, 293
347, 293
348, 292
349, 292
350, 292
351, 292
352, 292
353, 292
354, 292
355, 292
356, 292
357, 292
358, 292
359, 292
360, 292
361, 292
362, 292
363, 292
364, 292
365, 292
366, 292
367, 292
368, 292
369, 292
370, 292
371, 293
372, 293
373, 293
374, 292
375, 292
376, 292
377, 292
378, 292
379, 292
380, 292
381, 292
382, 292
383, 292
384, 292
385, 292
386, 292
387, 292
388, 292
389, 292
390, 292
391, 293
392, 293
393, 293
394, 293
395, 293
395, 294
396, 295
396, 296
395, 297
395, 298
395, 299
395, 300
395, 301
395, 302
395, 303
395, 304
394, 305
394, 306
394, 307
394, 308
395, 309
395, 310
394, 311
393, 312
393, 313
392, 314
392, 315
392, 316
392, 317
392, 318
392, 319
392, 320
391, 321
391, 322
391, 323
391, 324
391, 325
391, 326
391, 327
391, 328
391, 329
390, 330
390, 331
390, 332
390, 333
390, 334
389, 335
389, 336
389, 337
389, 338
389, 339
389, 340
389, 341
389, 342
389, 343
388, 344
388, 345
388, 346
387, 347
387, 348
387, 349
387, 350
387, 351
387, 352
387, 353
387, 354
387, 355
386, 356
386, 357
385, 358
385, 359
385, 360
385, 361
385, 362
385, 363
385, 364
384, 365
384, 366
384, 367
384, 368
384, 369
385, 370
384, 371
384, 372
384, 373
384, 374
383, 375
383, 376
383, 377
383, 378
382, 379
382, 380
381, 381
381, 382
381, 383
381, 384
381, 385
381, 386
381, 387
381, 388
381, 389
381, 390
380, 391
380, 392
380, 393
379, 394
379, 395
379, 396
379, 397
379, 398
378, 399
378, 400
378, 401
377, 402
377, 403
376, 404
376, 405
376, 406
376, 407
376, 408
375, 409
375, 410
375, 411
375, 412
375, 413
375, 414
374, 415
374, 416
373, 417
373, 418
373, 419
373, 420
373, 421
373, 422
373, 423
372, 424
372, 425
371, 426
371, 427
371, 428
371, 429
371, 430
371, 431
370, 432
370, 433
370, 434
369, 435
369, 436
369, 437
369, 438
369, 439
368, 440
368, 441
368, 442
367, 443
367, 444
367, 445
367, 446
367, 447
366, 448
366, 449
365, 450
365, 451
365, 452
365, 453
365, 454
365, 455
364, 456
364, 457
363, 458
363, 459
363, 460
363, 461
363, 462
362, 463
361, 464
360, 465
360, 466
360, 467
361, 468
360, 469
360, 470
360, 471
359, 472
359, 473
359, 474
359, 475
359, 476
358, 477
358, 478
358, 479
357, 480
357, 481
357, 482
357, 483
356, 484
356, 485
356, 486
355, 487
355, 488
355, 489
355, 490
354, 491
354, 492
353, 493
353, 494
353, 495
353, 496
352, 497
352, 498
352, 499
352, 500
351, 501
351, 502
351, 503
350, 504
350, 505
349, 506
349, 507
349, 508
349, 509
349, 510
348, 511
348, 512
348, 513
347, 514
347, 515
347, 516
346, 517
346, 518
345, 519
345, 520
345, 521
344, 522
344, 523
344, 524
343, 525
343, 526
343, 527
342, 528
342, 529
341, 530
341, 531
341, 532
341, 533
341, 534
340, 535
340, 536
339, 537
339, 538
339, 539
339, 540
339, 541
339, 542
338, 543
338, 544
337, 545
337, 546
336, 547
336, 548
335, 549
335, 550
335, 551
335, 552
335, 553
335, 554
335, 555
335, 556
335, 557
335, 558
335, 559
336, 560
336, 561
336, 562
336, 563
336, 564
336, 565
336, 566
337, 567
337, 568
337, 569
337, 570
336, 571
336, 572
336, 573
336, 574
336, 575
337, 576
337, 577
337, 578
337, 579
337, 580
338, 581
338, 582
338, 583
338, 584
339, 585
339, 586
339, 587
340, 588
340, 589
340, 590
341, 591
341, 592
342, 593
343, 593
344, 594
345, 594
346, 595
347, 596
348, 597
349, 598
349, 599
349, 600
349, 601
349, 602
350, 603
350, 604
350, 605
351, 606
351, 607
351, 608
351, 609
351, 610
351, 611
351, 612
351, 613
352, 614
352, 615
352, 616
352, 617
353, 618
353, 619
353, 620
353, 621
353, 622
353, 623
353, 624
353, 625
354, 626
354, 627
354, 628
354, 629
354, 630
355, 631
355, 632
355, 633
355, 634
355, 635
355, 636
355, 637
356, 638
356, 639
356, 640
356, 641
356, 642
356, 643
356, 644
357, 645
357, 646
357, 647
357, 648
357, 649
357, 650
357, 651
357, 652
358, 653
358, 654
358, 655
358, 656
359, 657
359, 658
359, 659
359, 660
359, 661
359, 662
359, 663
359, 664
360, 665
360, 666
360, 667
360, 668
360, 669
360, 670
361, 671
361, 672
361, 673
361, 674
361, 675
361, 676
361, 677
362, 678
362, 679
362, 680
362, 681
363, 682
363, 683
363, 684
363, 685
363, 686
363, 687
363, 688
363, 689
363, 690
364, 691
364, 692
364, 693
364, 694
365, 695
365, 696
365, 697
365, 698
365, 699
365, 700
365, 701
365, 702
365, 703
365, 704
365, 705
365, 706
366, 707
366, 708
366, 709
366, 710
366, 711
366, 712
366, 713
366, 714
367, 715
366, 716
366, 717
366, 718
366, 719
366, 720
366, 721
366, 722
367, 723
367, 724
367, 725
367, 726
367, 727
367, 728
367, 729
367, 730
367, 731
368, 732
368, 733
368, 734
368, 735
368, 736
368, 737
368, 738
368, 739
369, 740
369, 741
369, 742
369, 743
369, 744
369, 745
369, 746
369, 747
369, 748
370, 749
370, 750
370, 751
370, 752
370, 753
370, 754
370, 755
370, 756
370, 757
370, 758
371, 759
371, 760
371, 761
371, 762
371, 763
371, 764
371, 765
371, 766
371, 767
371, 768
371, 769
371, 770
371, 771
371, 772
371, 773
371, 774
371, 775
371, 776
371, 777
371, 778
371, 779
371, 780
372, 781
372, 782
372, 783
372, 784
373, 785
373, 786
373, 787
373, 788
373, 789
373, 790
373, 791
373, 792
373, 793
373, 794
373, 795
373, 796
374, 797
374, 798
374, 799
374, 800
374, 801
374, 802
374, 803
374, 804
374, 805
374, 806
374, 807
374, 808
374, 809
374, 810
374, 811
374, 812
374, 813
374, 814
374, 815
374, 816
374, 817
374, 818
374, 819
375, 820
375, 821
375, 822
375, 823
375, 824
375, 825
375, 826
375, 827
375, 828
375, 829
375, 830
375, 831
375, 832
375, 833
375, 834
375, 835
375, 836
375, 837
375, 838
375, 839
375, 840
376, 841
376, 842
376, 843
376, 844
376, 845
376, 846
376, 847
376, 848
376, 849
376, 850
376, 851
376, 852
376, 853
376, 854
376, 855
376, 856
376, 857
376, 858
376, 859
376, 860
376, 861
376, 862
376, 863
376, 864
376, 865
377, 866
376, 867
376, 868
376, 869
376, 870
376, 871
377, 872
377, 873
377, 874
377, 875
377, 876
377, 877
377, 878
377, 879
377, 880
377, 881
377, 882
377, 883
377, 884
377, 885
377, 886
376, 887
376, 888
376, 889
376, 890
376, 891
376, 892
376, 893
376, 894
376, 895
376, 896
376, 897
376, 898
376, 899
376, 900
376, 901
377, 902
377, 903
377, 904
377, 905
377, 906
377, 907
377, 908
376, 909
376, 910
376, 911
376, 912
376, 913
376, 914
376, 915
376, 916
376, 917
376, 918
376, 919
376, 920
376, 921
376, 922
376, 923
376, 924
375, 925
375, 926
375, 927
375, 928
375, 929
375, 930
374, 931
374, 932
374, 933
374, 934
374, 935
374, 936
373, 937
373, 938
373, 939
372, 940
372, 941
372, 942
371, 943
371, 944
371, 945
370, 946
370, 947
369, 948
369, 949
368, 950
367, 951
366, 952
365, 953
364, 954
363, 955
363, 956
362, 957
361, 958
361, 959
360, 960
359, 961
358, 961
357, 962
356, 962
355, 963
355, 964
354, 964
353, 965
352, 966
351, 966
350, 966
349, 966
348, 967
347, 968
346, 968
345, 968
344, 969
343, 970
342, 970
341, 971
340, 971
339, 971
338, 971
337, 972
337, 973
336, 973
335, 973
334, 974
333, 975
332, 976
331, 976
330, 976
329, 977
328, 977
327, 977
326, 977
325, 977
324, 977
323, 977
322, 978
321, 978
320, 978
319, 978
318, 978
317, 979
316, 979
315, 978
314, 978
313, 978
312, 978
311, 978
310, 978
309, 978
308, 978
307, 978
306, 978
305, 978
304, 977
303, 977
302, 976
301, 975
300, 975
299, 974
298, 973
297, 973
296, 973
295, 973
294, 972
293, 972
292, 971
291, 971
290, 970
289, 970
288, 969
287, 969
286, 968
285, 968
284, 967
283, 967
282, 966
281, 965
280, 964
279, 963
278, 962
277, 961
276, 960
275, 960
275, 959
274, 958
273, 958
272, 957
272, 956
271, 955
270, 955
270, 954
269, 953
269, 952
269, 951
269, 950
268, 949
267, 949
267, 948
267, 947
266, 946
265, 946
265, 945
265, 944
265, 943
264, 942
263, 941
263, 940
263, 939
263, 938
262, 937
261, 936
261, 935
261, 934
261, 933
261, 932
261, 931
260, 930
260, 929
260, 928
259, 927
259, 926
259, 925
258, 924
258, 923
258, 922
258, 921
258, 920
258, 919
258, 918
258, 917
257, 916
257, 915
257, 914
257, 913
256, 912
256, 911
256, 910
256, 909
256, 908
256, 907
256, 906
256, 905
255, 904
255, 903
255, 902
255, 901
255, 900
255, 899
255, 898
255, 897
255, 896
255, 895
255, 894
255, 893
255, 892
255, 891
255, 890
254, 889
254, 888
254, 887
254, 886
254, 885
254, 884
254, 883
253, 882
253, 881
253, 880
253, 879
253, 878
253, 877
253, 876
253, 875
253, 874
252, 873
252, 872
252, 871
252, 870
252, 869
252, 868
252, 867
252, 866
252, 865
252, 864
252, 863
252, 862
252, 861
252, 860
253, 859
253, 858
253, 857
252, 856
252, 855
252, 854
252, 853
251, 852
251, 851
251, 850
251, 849
251, 848
251, 847
251, 846
250, 845
250, 844
250, 843
250, 842
250, 841
250, 840
250, 839
250, 838
250, 837
250, 836
250, 835
250, 834
250, 833
250, 832
250, 831
250, 830
250, 829
250, 828
250, 827
250, 826
250, 825
250, 824
250, 823
250, 822
250, 821
250, 820
250, 819
250, 818
250, 817
250, 816
250, 815
250, 814
250, 813
250, 812
250, 811
250, 810
249, 809
249, 808
249, 807
249, 806
249, 805
249, 804
249, 803
249, 802
249, 801
249, 800
249, 799
249, 798
249, 797
249, 796
249, 795
249, 794
249, 793
249, 792
249, 791
249, 790
249, 789
249, 788
249, 787
249, 786
249, 785
249, 784
249, 783
249, 782
249, 781
249, 780
249, 779
249, 778
249, 777
249, 776
249, 775
249, 774
249, 773
249, 772
249, 771
249, 770
249, 769
249, 768
249, 767
249, 766
249, 765
249, 764
249, 763
249, 762
249, 761
249, 760
249, 759
249, 758
249, 757
250, 756
250, 755
250, 754
249, 753
249, 752
249, 751
249, 750
249, 749
249, 748
249, 747
248, 746
248, 745
248, 744
248, 743
248, 742
248, 741
248, 740
248, 739
249, 738
249, 737
249, 736
249, 735
249, 734
249, 733
248, 732
248, 731
248, 730
249, 729
249, 728
249, 727
249, 726
249, 725
249, 724
248, 723
248, 722
248, 721
248, 720
248, 719
248, 718
248, 717
248, 716
248, 715
248, 714
248, 713
248, 712
248, 711
248, 710
248, 709
248, 708
248, 707
248, 706
248, 705
248, 704
248, 703
248, 702
248, 701
248, 700
248, 699
248, 698
248, 697
248, 696
248, 695
248, 694
248, 693
248, 692
249, 691
249, 690
249, 689
249, 688
249, 687
249, 686
249, 685
249, 684
249, 683
249, 682
249, 681
249, 680
249, 679
249, 678
249, 677
250, 676
250, 675
250, 674
250, 673
250, 672
250, 671
250, 670
250, 669
250, 668
250, 667
251, 666
251, 665
251, 664
250, 663
251, 662
251, 661
251, 660
250, 659
249, 658
249, 657
249, 656
249, 655
249, 654
248, 653
249, 652
249, 651
249, 650
249, 649
249, 648
249, 647
248, 646
249, 645
249, 644
249, 643
249, 642
249, 641
249, 640
249, 639
250, 638
250, 637
250, 636
250, 635
250, 634
250, 633
250, 632
250, 631
250, 630
250, 629
249, 628
249, 627
249, 626
250, 625
250, 624
250, 623
250, 622
251, 621
251, 620
251, 619
251, 618
251, 617
251, 616
251, 615
251, 614
251, 613
251, 612
251, 611
251, 610
251, 609
250, 608
250, 607
250, 606
250, 605
250, 604
251, 603
251, 602
251, 601
252, 600
252, 599
253, 599
254, 598
255, 597
256, 596
257, 595
257, 594
258, 593
258, 592
258, 591
259, 590
259, 589
259, 588
259, 587
259, 586
259, 585
259, 584
259, 583
259, 582
259, 581
259, 580
259, 579
258, 578
258, 577
257, 576
257, 575
256, 574
256, 573
257, 572
257, 571
257, 570
257, 569
256, 568
256, 567
256, 566
257, 565
257, 564
257, 563
256, 562
257, 561
257, 560
257, 559
257, 558
257, 557
257, 556
256, 555
256, 554
255, 553
255, 552
255, 551
254, 550
254, 549
253, 548
253, 547
252, 546
252, 545
251, 544
251, 543
250, 542
250, 541
249, 540
249, 539
249, 538
248, 537
248, 536
247, 535
247, 534
247, 533
246, 532
246, 531
245, 530
245, 529
245, 528
244, 527
244, 526
243, 525
243, 524
242, 523
241, 522
241, 521
241, 520
241, 519
241, 518
240, 517
239, 516
239, 515
238, 514
238, 513
238, 512
237, 511
237, 510
236, 509
236, 508
235, 507
234, 506
234, 505
233, 504
233, 503
233, 502
232, 501
232, 500
232, 499
232, 498
231, 497
231, 496
231, 495
230, 494
230, 493
229, 492
229, 491
229, 490
228, 489
228, 488
227, 487
227, 486
226, 485
226, 484
226, 483
225, 482
225, 481
225, 480
224, 479
223, 478
223, 477
222, 476
222, 475
222, 474
221, 473
221, 472
221, 471
220, 470
220, 469
219, 468
219, 467
219, 466
218, 465
218, 464
218, 463
217, 462
217, 461
216, 460
216, 459
216, 458
215, 457
215, 456
215, 455
214, 454
214, 453
213, 452
213, 451
213, 450
213, 449
212, 448
212, 447
211, 446
211, 445
211, 444
210, 443
210, 442
210, 441
209, 440
209, 439
208, 438
208, 437
208, 436
208, 435
207, 434
207, 433
207, 432
207, 431
206, 430
206, 429
205, 428
205, 427
205, 426
205, 425
205, 424
204, 423
204, 422
203, 421
203, 420
203, 419
203, 418
202, 417
202, 416
201, 415
201, 414
201, 413
201, 412
200, 411
200, 410
200, 409
199, 408
199, 407
198, 406
198, 405
197, 404
197, 403
197, 402
197, 401
197, 400
196, 399
196, 398
196, 397
195, 396
195, 395
195, 394
194, 393
193, 392
193, 391
193, 390
192, 389
192, 388
192, 387
191, 386
190, 385
190, 384
190, 383
190, 382
189, 381
189, 380
189, 379
189, 378
188, 377
188, 376
188, 375
188, 374
188, 373
187, 372
187, 371
187, 370
186, 369
186, 368
185, 367
185, 366
185, 365
184, 364
184, 363
184, 362
184, 361
184, 360
183, 359
183, 358
183, 357
182, 356
182, 355
182, 354
181, 353
180, 352
180, 351
179, 350
179, 349
179, 348
178, 347
178, 346
178, 345
178, 344
178, 343
177, 342
177, 341
177, 340
177, 339
177, 338
176, 337
176, 336
176, 335
175, 334
175, 333
174, 332
174, 331
174, 330
174, 329
174, 328
173, 327
173, 326
173, 325
173, 324
172, 323
172, 322
172, 321
172, 320
171, 319
171, 318
171, 317
170, 316
170, 315
170, 314
170, 313
170, 312
169, 311
169, 310
168, 309
168, 308
168, 307
167, 306
167, 305
167, 304
167, 303
166, 302
166, 301
166, 300
166, 299
166, 298
