184, 315
184, 314
183, 313
183, 312
182, 311
182, 310
181, 309
180, 308
180, 307
180, 306
179, 305
179, 304
178, 303
178, 302
178, 301
178, 300
177, 299
177, 298
176, 297
175, 296
175, 295
175, 294
175, 293
174, 292
174, 291
173, 290
173, 289
172, 288
172, 287
171, 286
171, 285
170, 284
170, 283
170, 282
169, 281
169, 280
168, 279
168, 278
168, 277
168, 276
167, 275
166, 274
166, 273
166, 272
165, 271
164, 270
164, 269
163, 268
163, 267
163, 266
162, 265
162, 264
162, 263
161, 262
161, 261
160, 260
160, 259
160, 258
159, 257
159, 256
158, 255
158, 254
158, 253
157, 252
157, 251
156, 250
156, 249
155, 248
155, 247
155, 246
154, 245
154, 244
153, 243
153, 242
152, 241
152, 240
152, 239
151, 238
151, 237
150, 236
150, 235
150, 234
150, 233
149, 232
148, 231
148, 230
147, 229
147, 228
146, 227
146, 226
146, 225
146, 224
145, 223
144, 222
144, 221
144, 220
143, 219
143, 218
143, 217
142, 216
142, 215
142, 214
141, 213
140, 212
140, 211
140, 210
140, 209
139, 208
139, 207
138, 206
138, 205
137, 204
137, 203
137, 202
136, 201
135, 200
134, 199
134, 198
134, 197
134, 196
134, 195
134, 194
134, 193
133, 192
133, 191
132, 190
132, 189
132, 188
132, 187
131, 186
130, 185
130, 184
130, 183
129, 182
129, 181
129, 180
128, 179
128, 178
127, 177
127, 176
126, 175
126, 174
126, 173
126, 172
125, 171
125, 170
125, 169
124, 168
124, 167
124, 166
123, 165
123, 164
123, 163
122, 162
122, 161
122, 160
121, 159
121, 158
120, 157
120, 156
120, 155
119, 154
119, 153
118, 152
118, 151
118, 150
117, 149
117, 148
117, 147
116, 146
116, 145
115, 144
115, 143
114, 142
114, 141
114, 140
114, 139
114, 138
113, 137
113, 136
112, 135
112, 134
112, 133
111, 132
111, 131
111, 130
111, 129
110, 128
110, 127
109, 126
109, 125
109, 124
108, 123
108, 122
108, 121
107, 120
107, 119
107, 118
106, 117
106, 116
106, 115
106, 114
105, 113
105, 112
104, 111
104, 110
104, 109
103, 108
103, 107
103, 106
102, 105
102, 104
102, 103
101, 102
101, 101
100, 100
100, 99
100, 98
99, 97
99, 96
99, 95
98, 94
98, 93
97, 92
97, 91
97, 90
96, 89
96, 88
96, 87
96, 86
96, 85
95, 84
95, 83
94, 82
94, 81
94, 80
94, 79
93, 78
93, 77
93, 76
93, 75
94, 74
95, 74
96, 74
97, 73
98, 73
99, 73
100, 73
101, 73
102, 73
103, 73
104, 73
105, 73
106, 73
107, 73
108, 73
109, 73
110, 73
111, 73
112, 73
113, 73
114, 73
115, 73
116, 73
117, 73
118, 73
119, 73
120, 73
121, 73
122, 73
123, 73
124, 73
125, 73
126, 73
127, 73
128, 73
129, 73
130, 73
131, 73
132, 73
133, 73
134, 73
135, 73
136, 73
137, 73
138, 73
139, 73
140, 73
141, 73
142, 73
143, 73
144, 73
145, 73
146, 73
147, 73
148, 73
149, 73
150, 73
151, 73
152, 73
153, 73
154, 73
155, 73
156, 73
157, 73
158, 73
159, 73
160, 73
161, 73
162, 73
163, 73
164, 73
165, 73
166, 73
167, 73
168, 73
169, 73
170, 73
171, 73
172, 73
173, 73
174, 73
175, 73
176, 73
177, 73
178, 73
179, 73
180, 73
181, 73
182, 73
183, 73
184, 73
185, 73
186, 73
187, 73
188, 73
189, 73
190, 73
191, 73
192, 73
193, 73
194, 73
195, 73
196, 73
197, 73
198, 73
199, 73
200, 73
201, 73
202, 73
203, 73
204, 73
205, 73
206, 73
207, 73
208, 73
209, 73
210, 73
211, 73
212, 73
213, 73
214, 73
215, 73
216, 73
217, 73
218, 73
219, 73
220, 73
221, 73
222, 73
223, 73
224, 74
225, 74
226, 74
227, 74
228, 74
229, 74
230, 74
231, 74
232, 74
233, 74
234, 74
235, 74
236, 74
237, 74
238, 74
239, 74
240, 74
241, 74
242, 74
243, 74
244, 74
245, 74
246, 74
247, 74
248, 74
249, 74
250, 74
251, 74
252, 74
253, 75
254, 75
255, 75
256, 74
257, 74
258, 75
259, 75
260, 75
261, 75
262, 75
263, 74
264, 74
265, 74
266, 74
267, 74
268, 74
269, 74
270, 74
271, 75
272, 75
273, 75
274, 75
275, 75
276, 75
277, 75
278, 75
279, 75
280, 75
281, 75
282, 75
283, 75
284, 75
285, 75
286, 75
287, 75
288, 75
289, 75
290, 75
291, 75
292, 76
293, 76
294, 76
295, 75
296, 75
297, 75
298, 75
299, 75
300, 75
301, 75
302, 75
303, 75
304, 75
305, 75
306, 75
307, 75
308, 75
309, 76
310, 76
311, 76
312, 76
313, 76
314, 76
315, 76
316, 76
317, 76
318, 76
319, 76
320, 76
321, 76
322, 76
323, 76
324, 76
325, 76
326, 76
327, 76
328, 76
329, 76
330, 76
331, 76
332, 76
333, 76
334, 76
335, 76
336, 76
337, 76
338, 76
339, 76
340, 76
341, 76
342, 77
343, 77
344, 77
345, 76
346, 77
347, 77
348, 77
349, 77
350, 77
351, 77
352, 77
353, 77
354, 77
355, 77
356, 77
357, 77
358, 77
359, 77
360, 77
361, 77
362, 77
363, 77
364, 77
365, 77
366, 77
367, 77
368, 77
369, 77
370, 77
371, 77
372, 77
373, 78
374, 78
375, 78
376, 77
377, 77
378, 78
379, 78
380, 78
381, 78
382, 78
383, 78
384, 78
385, 78
386, 78
387, 78
388, 78
389, 78
390, 78
391, 78
392, 78
393, 78
394, 78
395, 78
396, 78
397, 78
398, 78
399, 78
400, 79
401, 79
402, 79
403, 79
404, 79
405, 79
406, 79
407, 79
408, 79
409, 79
410, 79
411, 79
412, 79
413, 79
414, 79
415, 79
416, 79
417, 79
418, 79
419, 79
420, 79
421, 79
422, 79
423, 79
424, 79
425, 79
426, 79
427, 79
428, 79
429, 79
430, 79
431, 79
432, 79
433, 80
434, 80
435, 80
436, 80
437, 80
438, 80
439, 80
440, 80
441, 80
442, 80
443, 80
444, 80
445, 80
446, 80
447, 80
448, 80
449, 80
450, 80
451, 80
452, 80
453, 80
454, 80
455, 80
456, 80
457, 80
458, 80
459, 80
460, 81
461, 81
462, 81
463, 81
464, 81
465, 81
466, 82
467, 82
468, 82
469, 82
470, 83
471, 83
471, 84
472, 85
473, 85
473, 86
473, 87
473, 88
473, 89
473, 90
473, 91
473, 92
473, 93
473, 94
472, 95
472, 96
472, 97
471, 98
471, 99
471, 100
471, 101
471, 102
471, 103
471, 104
471, 105
471, 106
471, 107
471, 108
471, 109
471, 110
471, 111
471, 112
471, 113
471, 114
471, 115
471, 116
471, 117
471, 118
471, 119
471, 120
470, 121
470, 122
470, 123
470, 124
469, 125
469, 126
469, 127
469, 128
469, 129
469, 130
469, 131
469, 132
469, 133
469, 134
469, 135
469, 136
469, 137
469, 138
469, 139
468, 140
468, 141
468, 142
467, 143
467, 144
467, 145
467, 146
467, 147
467, 148
467, 149
467, 150
467, 151
467, 152
467, 153
467, 154
467, 155
467, 156
467, 157
467, 158
467, 159
467, 160
467, 161
467, 162
466, 163
466, 164
465, 165
465, 166
465, 167
465, 168
465, 169
465, 170
465, 171
465, 172
464, 173
464, 174
464, 175
464, 176
464, 177
463, 178
463, 179
463, 180
463, 181
463, 182
463, 183
463, 184
463, 185
463, 186
463, 187
463, 188
463, 189
463, 190
462, 191
462, 192
461, 193
461, 194
461, 195
461, 196
461, 197
461, 198
461, 199
461, 200
461, 201
461, 202
460, 203
460, 204
460, 205
460, 206
459, 207
459, 208
459, 209
459, 210
459, 211
459, 212
459, 213
459, 214
459, 215
459, 216
459, 217
458, 218
458, 219
457, 220
457, 221
457, 222
457, 223
457, 224
457, 225
457, 226
457, 227
457, 228
456, 229
456, 230
456, 231
456, 232
456, 233
455, 234
455, 235
455, 236
455, 237
455, 238
455, 239
455, 240
455, 241
455, 242
455, 243
455, 244
454, 245
454, 246
454, 247
453, 248
453, 249
453, 250
453, 251
453, 252
453, 253
453, 254
453, 255
452, 256
452, 257
452, 258
451, 259
451, 260
451, 261
451, 262
451, 263
451, 264
451, 265
450, 266
450, 267
450, 268
449, 269
449, 270
449, 271
449, 272
448, 273
447, 274
447, 275
447, 276
447, 277
447, 278
447, 279
447, 280
447, 281
447, 282
447, 283
447, 284
447, 285
446, 286
446, 287
446, 288
445, 289
445, 290
445, 291
445, 292
445, 293
445, 294
445, 295
445, 296
445, 297
445, 298
445, 299
444, 300
443, 301
443, 302
443, 303
443, 304
442, 305
441, 306
441, 307
441, 308
440, 309
440, 310
440, 311
439, 312
439, 313
439, 314
439, 315
439, 316
439, 317
439, 318
439, 319
439, 320
438, 321
437, 322
437, 323
437, 324
437, 325
437, 326
437, 327
436, 328
436, 329
436, 330
436, 331
435, 332
435, 333
435, 334
435, 335
435, 336
435, 337
435, 338
435, 339
434, 340
433, 341
433, 342
433, 343
433, 344
433, 345
432, 346
432, 347
432, 348
433, 349
433, 350
432, 351
432, 352
431, 353
430, 354
430, 355
430, 356
430, 357
430, 358
429, 359
429, 360
429, 361
428, 362
428, 363
428, 364
427, 365
427, 366
427, 367
427, 368
427, 369
427, 370
427, 371
426, 372
426, 373
425, 374
425, 375
425, 376
425, 377
425, 378
425, 379
425, 380
425, 381
424, 382
424, 383
424, 384
424, 385
423, 386
423, 387
423, 388
422, 389
422, 390
421, 391
421, 392
421, 393
421, 394
420, 395
420, 396
420, 397
420, 398
420, 399
419, 400
419, 401
419, 402
418, 403
418, 404
418, 405
419, 406
419, 407
418, 408
418, 409
417, 410
417, 411
416, 412
415, 413
415, 414
415, 415
415, 416
414, 417
414, 418
414, 419
414, 420
413, 421
413, 422
413, 423
413, 424
413, 425
413, 426
412, 427
411, 428
411, 429
411, 430
411, 431
411, 432
411, 433
411, 434
410, 435
410, 436
410, 437
409, 438
409, 439
409, 440
408, 441
408, 442
408, 443
407, 444
407, 445
407, 446
407, 447
407, 448
406, 449
406, 450
405, 451
405, 452
405, 453
405, 454
404, 455
404, 456
404, 457
404, 458
403, 459
403, 460
403, 461
402, 462
402, 463
402, 464
401, 465
401, 466
401, 467
401, 468
400, 469
400, 470
400, 471
399, 472
399, 473
399, 474
399, 475
398, 476
398, 477
398, 478
397, 479
397, 480
397, 481
396, 482
396, 483
395, 484
395, 485
395, 486
395, 487
395, 488
394, 489
394, 490
393, 491
393, 492
393, 493
392, 494
392, 495
391, 496
391, 497
391, 498
391, 499
390, 500
390, 501
389, 502
389, 503
389, 504
389, 505
389, 506
388, 507
388, 508
387, 509
387, 510
386, 511
386, 512
386, 513
385, 514
385, 515
385, 516
385, 517
385, 518
384, 519
384, 520
384, 521
384, 522
384, 523
385, 524
384, 524
383, 525
383, 526
383, 527
383, 528
383, 529
382, 530
381, 531
381, 532
381, 533
381, 534
381, 535
381, 536
380, 537
379, 538
379, 539
379, 540
379, 541
379, 542
378, 543
378, 544
378, 545
377, 546
377, 547
376, 548
375, 549
375, 550
375, 551
374, 552
374, 553
373, 554
373, 555
373, 556
373, 557
373, 558
372, 559
371, 560
370, 561
369, 562
369, 563
368, 564
368, 565
368, 566
369, 567
370, 568
371, 569
372, 570
373, 571
373, 572
373, 573
373, 574
373, 575
373, 576
373, 577
373, 578
374, 579
374, 580
374, 581
374, 582
374, 583
374, 584
375, 585
375, 586
375, 587
375, 588
375, 589
376, 590
376, 591
376, 592
376, 593
376, 594
377, 595
377, 596
377, 597
377, 598
377, 599
377, 600
377, 601
378, 602
379, 603
379, 604
380, 605
381, 606
382, 606
383, 607
384, 608
385, 608
386, 609
387, 609
388, 610
389, 611
389, 612
390, 613
390, 614
390, 615
391, 616
391, 617
391, 618
392, 619
392, 620
392, 621
393, 622
393, 623
393, 624
393, 625
393, 626
394, 627
394, 628
395, 629
395, 630
395, 631
395, 632
395, 633
395, 634
396, 635
396, 636
396, 637
397, 638
397, 639
397, 640
397, 641
397, 642
397, 643
397, 644
398, 645
398, 646
399, 647
399, 648
399, 649
399, 650
399, 651
399, 652
399, 653
400, 654
400, 655
401, 656
401, 657
401, 658
401, 659
401, 660
401, 661
402, 662
402, 663
402, 664
403, 665
403, 666
403, 667
403, 668
403, 669
403, 670
404, 671
404, 672
404, 673
405, 674
405, 675
405, 676
405, 677
405, 678
405, 679
406, 680
406, 681
406, 682
407, 683
407, 684
407, 685
407, 686
407, 687
408, 688
408, 689
408, 690
409, 691
409, 692
409, 693
409, 694
409, 695
409, 696
410, 697
410, 698
410, 699
411, 700
411, 701
411, 702
411, 703
411, 704
411, 705
411, 706
412, 707
412, 708
413, 709
413, 710
413, 711
413, 712
413, 713
413, 714
414, 715
414, 716
415, 717
415, 718
415, 719
415, 720
415, 721
415, 722
415, 723
416, 724
416, 725
417, 726
417, 727
417, 728
417, 729
417, 730
417, 731
418, 732
418, 733
419, 734
419, 735
419, 736
419, 737
419, 738
419, 739
420, 740
420, 741
420, 742
421, 743
421, 744
421, 745
421, 746
421, 747
421, 748
421, 749
422, 750
422, 751
423, 752
423, 753
423, 754
423, 755
423, 756
423, 757
424, 758
424, 759
424, 760
425, 761
425, 762
425, 763
425, 764
425, 765
425, 766
426, 767
426, 768
426, 769
426, 770
427, 771
427, 772
427, 773
427, 774
427, 775
428, 776
428, 777
428, 778
428, 779
429, 780
429, 781
429, 782
429, 783
429, 784
429, 785
430, 786
430, 787
431, 788
431, 789
431, 790
431, 791
431, 792
431, 793
431, 794
432, 795
432, 796
433, 797
433, 798
433, 799
433, 800
433, 801
433, 802
433, 803
433, 804
434, 805
434, 806
434, 807
435, 808
435, 809
435, 810
435, 811
435, 812
435, 813
435, 814
436, 815
436, 816
436, 817
436, 818
436, 819
437, 820
437, 821
437, 822
437, 823
437, 824
437, 825
438, 826
438, 827
438, 828
439, 829
439, 830
439, 831
439, 832
439, 833
439, 834
439, 835
439, 836
439, 837
440, 838
440, 839
440, 840
440, 841
440, 842
441, 843
441, 844
441, 845
441, 846
441, 847
441, 848
441, 849
441, 850
441, 851
442, 852
442, 853
442, 854
442, 855
442, 856
442, 857
443, 858
443, 859
443, 860
443, 861
443, 862
443, 863
443, 864
443, 865
443, 866
443, 867
443, 868
444, 869
444, 870
444, 871
444, 872
444, 873
444, 874
444, 875
444, 876
444, 877
444, 878
444, 879
445, 880
445, 881
445, 882
445, 883
445, 884
445, 885
445, 886
445, 887
445, 888
445, 889
445, 890
445, 891
445, 892
445, 893
445, 894
445, 895
445, 896
445, 897
445, 898
445, 899
445, 900
445, 901
445, 902
445, 903
445, 904
445, 905
445, 906
445, 907
445, 908
445, 909
445, 910
445, 911
445, 912
445, 913
445, 914
445, 915
445, 916
445, 917
445, 918
445, 919
445, 920
445, 921
444, 922
444, 923
444, 924
444, 925
444, 926
444, 927
443, 928
443, 929
443, 930
443, 931
443, 932
443, 933
443, 934
443, 935
443, 936
442, 937
442, 938
442, 939
442, 940
441, 941
441, 942
441, 943
441, 944
440, 945
440, 946
439, 947
439, 948
439, 949
439, 950
438, 951
438, 952
437, 953
437, 954
436, 955
435, 956
435, 957
434, 958
433, 959
433, 960
432, 961
432, 962
431, 963
430, 964
429, 965
428, 966
427, 967
426, 968
425, 969
424, 969
423, 970
422, 971
421, 972
420, 972
419, 973
418, 973
417, 973
416, 974
415, 974
414, 974
413, 975
412, 976
411, 976
410, 976
409, 975
408, 975
407, 975
406, 975
405, 975
404, 975
403, 975
402, 975
401, 975
400, 975
399, 974
398, 974
397, 974
396, 974
395, 974
394, 974
393, 974
392, 974
391, 974
390, 974
389, 974
388, 974
387, 974
386, 974
385, 974
384, 974
383, 974
382, 974
381, 974
380, 975
379, 975
378, 975
377, 975
376, 975
375, 975
374, 975
373, 975
372, 975
371, 975
370, 975
369, 975
368, 975
367, 975
366, 975
365, 975
364, 976
363, 977
363, 978
363, 979
364, 980
365, 980
366, 980
367, 981
368, 981
369, 981
370, 981
371, 982
372, 982
373, 982
372, 983
371, 983
370, 983
369, 983
368, 984
367, 984
366, 984
365, 984
364, 984
363, 984
362, 984
361, 984
360, 983
359, 983
358, 983
357, 982
356, 981
355, 980
355, 979
354, 978
353, 978
352, 977
351, 977
350, 977
349, 977
348, 977
347, 976
346, 976
345, 975
344, 975
343, 974
342, 974
341, 973
340, 973
340, 972
339, 971
338, 971
337, 970
336, 969
335, 968
334, 967
333, 966
332, 965
331, 964
331, 963
330, 962
329, 961
328, 960
328, 959
327, 958
326, 957
326, 956
325, 955
325, 954
324, 953
324, 952
323, 951
322, 950
322, 949
322, 948
321, 947
321, 946
321, 945
320, 944
319, 943
319, 942
319, 941
318, 940
318, 939
318, 938
317, 937
317, 936
317, 935
316, 934
316, 933
316, 932
315, 931
315, 930
314, 929
314, 928
314, 927
314, 926
313, 925
313, 924
313, 923
312, 922
312, 921
312, 920
312, 919
311, 918
311, 917
311, 916
311, 915
310, 914
310, 913
310, 912
309, 911
309, 910
309, 909
309, 908
308, 907
308, 906
308, 905
308, 904
308, 903
307, 902
307, 901
307, 900
307, 899
307, 898
306, 897
306, 896
306, 895
306, 894
306, 893
305, 892
305, 891
305, 890
305, 889
305, 888
305, 887
304, 886
304, 885
304, 884
304, 883
304, 882
304, 881
304, 880
303, 879
303, 878
303, 877
303, 876
303, 875
303, 874
303, 873
303, 872
303, 871
303, 870
303, 869
302, 868
302, 867
302, 866
302, 865
302, 864
302, 863
302, 862
302, 861
302, 860
302, 859
302, 858
302, 857
302, 856
302, 855
302, 854
302, 853
302, 852
302, 851
302, 850
302, 849
302, 848
302, 847
302, 846
302, 845
302, 844
302, 843
302, 842
302, 841
302, 840
302, 839
302, 838
302, 837
302, 836
302, 835
301, 834
301, 833
302, 832
302, 831
302, 830
302, 829
302, 828
302, 827
302, 826
302, 825
302, 824
302, 823
302, 822
302, 821
302, 820
302, 819
302, 818
302, 817
302, 816
302, 815
302, 814
302, 813
302, 812
302, 811
302, 810
302, 809
302, 808
302, 807
302, 806
302, 805
302, 804
302, 803
302, 802
302, 801
302, 800
302, 799
302, 798
302, 797
302, 796
302, 795
302, 794
302, 793
302, 792
302, 791
302, 790
302, 789
302, 788
302, 787
302, 786
302, 785
302, 784
302, 783
302, 782
302, 781
302, 780
302, 779
302, 778
302, 777
302, 776
302, 775
302, 774
302, 773
302, 772
302, 771
302, 770
302, 769
302, 768
302, 767
302, 766
303, 765
303, 764
303, 763
303, 762
303, 761
303, 760
303, 759
303, 758
302, 757
302, 756
302, 755
302, 754
302, 753
302, 752
302, 751
303, 750
303, 749
303, 748
303, 747
302, 746
302, 745
302, 744
302, 743
303, 742
303, 741
303, 740
303, 739
303, 738
303, 737
303, 736
303, 735
303, 734
303, 733
303, 732
303, 731
303, 730
303, 729
303, 728
303, 727
303, 726
303, 725
303, 724
303, 723
303, 722
303, 721
303, 720
303, 719
303, 718
303, 717
303, 716
303, 715
303, 714
303, 713
303, 712
303, 711
303, 710
303, 709
303, 708
303, 707
303, 706
304, 705
304, 704
304, 703
304, 702
303, 701
303, 700
303, 699
303, 698
303, 697
304, 696
304, 695
304, 694
304, 693
304, 692
304, 691
304, 690
304, 689
304, 688
304, 687
304, 686
304, 685
304, 684
304, 683
304, 682
304, 681
304, 680
304, 679
304, 678
304, 677
304, 676
304, 675
304, 674
304, 673
304, 672
304, 671
304, 670
304, 669
304, 668
304, 667
304, 666
304, 665
304, 664
304, 663
304, 662
304, 661
304, 660
304, 659
304, 658
304, 657
304, 656
304, 655
304, 654
304, 653
304, 652
304, 651
304, 650
304, 649
304, 648
305, 647
305, 646
305, 645
305, 644
305, 643
304, 642
305, 641
305, 640
305, 639
304, 638
304, 637
304, 636
304, 635
304, 634
304, 633
305, 632
305, 631
305, 630
305, 629
305, 628
305, 627
305, 626
305, 625
305, 624
305, 623
305, 622
305, 621
305, 620
305, 619
306, 618
306, 617
307, 616
308, 615
308, 614
309, 614
310, 613
311, 612
312, 611
312, 610
313, 609
313, 608
313, 607
313, 606
313, 605
313, 604
313, 603
313, 602
313, 601
313, 600
313, 599
312, 598
312, 597
312, 596
312, 595
311, 594
311, 593
310, 592
310, 591
310, 590
310, 589
310, 588
310, 587
310, 586
311, 585
311, 584
311, 583
310, 582
310, 581
311, 580
311, 579
311, 578
312, 577
312, 576
312, 575
313, 574
314, 573
314, 572
314, 571
314, 570
313, 569
313, 568
313, 567
312, 566
311, 565
311, 564
310, 563
309, 562
308, 562
308, 561
307, 560
306, 559
306, 558
305, 557
304, 556
304, 555
303, 554
302, 553
302, 552
302, 551
301, 550
300, 549
300, 548
299, 547
298, 546
298, 545
297, 544
296, 543
296, 542
296, 541
296, 540
295, 539
294, 539
294, 538
293, 537
293, 536
292, 535
292, 534
291, 533
290, 532
290, 531
290, 530
289, 529
288, 528
289, 528
290, 527
290, 526
290, 525
289, 524
288, 524
287, 524
286, 524
287, 524
288, 523
288, 522
288, 521
287, 520
286, 520
285, 520
284, 520
284, 519
285, 518
285, 517
285, 516
284, 515
283, 515
283, 514
283, 513
282, 512
282, 511
281, 510
281, 509
280, 508
279, 508
278, 508
279, 507
279, 506
279, 505
278, 504
277, 504
276, 504
276, 503
275, 502
274, 501
275, 500
275, 499
275, 498
274, 497
274, 496
273, 495
273, 494
272, 493
271, 493
271, 492
271, 491
270, 490
270, 489
269, 488
268, 487
268, 486
268, 485
267, 484
266, 483
265, 483
264, 482
265, 481
265, 480
265, 479
264, 478
264, 477
263, 476
262, 476
262, 475
262, 474
261, 473
261, 472
260, 471
259, 471
258, 471
259, 470
259, 469
259, 468
258, 467
257, 467
256, 467
256, 466
255, 465
255, 464
254, 463
254, 462
253, 461
252, 460
252, 459
252, 458
252, 457
252, 456
251, 455
250, 454
249, 453
249, 452
248, 451
247, 450
246, 449
247, 448
247, 447
247, 446
246, 445
246, 444
245, 443
244, 443
243, 442
242, 441
242, 440
242, 439
242, 438
241, 437
240, 437
241, 436
241, 435
241, 434
240, 433
239, 433
238, 433
238, 432
239, 431
239, 430
239, 429
238, 428
237, 428
236, 428
236, 427
235, 426
234, 425
234, 424
234, 423
233, 422
232, 421
232, 420
232, 419
231, 418
231, 417
230, 416
230, 415
230, 414
229, 413
228, 412
228, 411
228, 410
227, 409
226, 408
226, 407
226, 406
226, 405
226, 404
225, 403
224, 402
224, 401
223, 400
222, 399
222, 398
222, 397
221, 396
221, 395
220, 394
220, 393
220, 392
220, 391
219, 390
218, 390
217, 389
217, 388
216, 387
216, 386
216, 385
215, 384
214, 383
215, 382
215, 381
215, 380
214, 379
213, 379
213, 378
213, 377
213, 376
212, 375
212, 374
211, 373
210, 372
210, 371
210, 370
209, 369
209, 368
209, 367
208, 366
208, 365
207, 364
207, 363
206, 362
205, 362
205, 361
205, 360
205, 359
204, 358
204, 357
203, 356
202, 355
202, 354
202, 353
201, 352
200, 351
200, 350
200, 349
199, 348
199, 347
199, 346
198, 345
197, 344
197, 343
197, 342
196, 341
196, 340
195, 339
195, 338
194, 337
194, 336
193, 335
193, 334
192, 333
192, 332
192, 331
191, 330
191, 329
190, 328
189, 327
189, 326
188, 325
188, 324
187, 323
187, 322
187, 321
186, 320
186, 319
185, 318
185, 317
185, 316
