131, 290
131, 289
131, 288
131, 287
131, 286
131, 285
131, 284
131, 283
131, 282
131, 281
131, 280
131, 279
131, 278
131, 277
131, 276
131, 275
131, 274
132, 273
132, 272
132, 271
132, 270
133, 269
133, 268
133, 267
133, 266
133, 265
134, 264
134, 263
134, 262
135, 261
135, 260
136, 259
136, 258
137, 257
137, 256
137, 255
138, 254
139, 253
139, 252
139, 251
139, 250
140, 250
141, 249
141, 248
141, 247
140, 246
141, 246
142, 245
142, 244
142, 243
142, 242
142, 241
143, 240
143, 239
144, 238
145, 238
146, 237
147, 236
147, 235
148, 234
149, 233
149, 232
150, 231
151, 230
151, 229
151, 228
151, 227
152, 227
153, 227
154, 226
155, 225
155, 224
155, 223
155, 222
156, 222
157, 221
157, 220
158, 220
159, 220
160, 219
161, 218
161, 217
161, 216
162, 216
163, 215
164, 215
165, 215
166, 214
166, 213
167, 212
168, 211
168, 210
169, 209
170, 209
171, 208
172, 208
173, 207
174, 207
175, 206
176, 206
177, 205
178, 205
179, 205
180, 205
181, 204
182, 204
183, 204
183, 205
183, 206
183, 207
183, 208
183, 209
184, 210
185, 211
186, 212
187, 212
187, 213
187, 214
187, 215
187, 216
187, 217
187, 218
188, 219
188, 220
188, 221
189, 222
189, 223
189, 224
189, 225
189, 226
189, 227
189, 228
189, 229
189, 230
189, 231
189, 232
189, 233
189, 234
189, 235
190, 236
190, 237
190, 238
190, 239
191, 240
191, 241
191, 242
191, 243
191, 244
191, 245
191, 246
191, 247
191, 248
191, 249
191, 250
191, 251
191, 252
191, 253
191, 254
191, 255
192, 256
192, 257
192, 258
192, 259
193, 260
193, 261
193, 262
193, 263
193, 264
193, 265
193, 266
193, 267
193, 268
193, 269
193, 270
193, 271
193, 272
194, 273
194, 274
194, 275
194, 276
194, 277
194, 278
195, 279
195, 280
195, 281
195, 282
195, 283
195, 284
195, 285
195, 286
195, 287
195, 288
195, 289
195, 290
195, 291
196, 292
196, 293
196, 294
196, 295
196, 296
196, 297
197, 298
197, 299
197, 300
197, 301
197, 302
197, 303
197, 304
197, 305
197, 306
197, 307
197, 308
197, 309
197, 310
198, 311
198, 312
198, 313
198, 314
198, 315
198, 316
199, 317
199, 318
199, 319
200, 320
199, 321
199, 322
199, 323
199, 324
199, 325
199, 326
200, 327
200, 328
200, 329
199, 330
199, 331
199, 332
199, 333
200, 334
200, 335
200, 336
201, 337
201, 338
201, 339
201, 340
201, 341
201, 342
201, 343
201, 344
201, 345
201, 346
201, 347
201, 348
201, 349
201, 350
202, 351
202, 352
202, 353
202, 354
202, 355
202, 356
202, 357
203, 358
204, 358
204, 359
203, 360
203, 361
203, 362
203, 363
204, 364
203, 365
203, 366
203, 367
203, 368
203, 369
204, 370
204, 371
204, 372
204, 373
204, 374
204, 375
204, 376
205, 377
205, 378
205, 379
205, 380
205, 381
205, 382
205, 383
205, 384
205, 385
205, 386
205, 387
205, 388
205, 389
206, 390
206, 391
206, 392
206, 393
206, 394
206, 395
206, 396
207, 397
207, 398
207, 399
207, 400
207, 401
207, 402
207, 403
207, 404
208, 405
209, 405
208, 405
207, 406
207, 407
207, 408
207, 409
208, 410
208, 411
208, 412
208, 413
208, 414
208, 415
209, 416
209, 417
209, 418
209, 419
209, 420
209, 421
209, 422
209, 423
209, 424
209, 425
209, 426
209, 427
209, 428
209, 429
209, 430
210, 431
210, 432
210, 433
210, 434
210, 435
210, 436
211, 437
211, 438
211, 439
211, 440
211, 441
211, 442
211, 443
211, 444
211, 445
211, 446
211, 447
211, 448
211, 449
211, 450
211, 451
212, 452
212, 453
212, 454
212, 455
212, 456
212, 457
213, 458
214, 459
215, 459
216, 459
217, 460
218, 460
219, 461
220, 461
221, 462
222, 462
223, 463
224, 464
224, 465
225, 466
225, 467
225, 468
225, 469
226, 470
226, 471
226, 472
226, 473
226, 474
226, 475
226, 476
227, 477
227, 478
227, 479
227, 480
226, 481
226, 482
226, 483
225, 484
225, 485
224, 486
224, 487
223, 488
222, 489
221, 489
220, 490
219, 491
218, 492
217, 493
216, 494
216, 495
215, 496
214, 497
214, 498
213, 499
212, 500
212, 501
212, 502
211, 503
211, 504
211, 505
211, 506
211, 507
210, 508
210, 509
210, 510
210, 511
210, 512
210, 513
210, 514
210, 515
210, 516
210, 517
210, 518
211, 519
211, 520
211, 521
211, 522
211, 523
211, 524
211, 525
212, 526
212, 527
212, 528
213, 529
213, 530
213, 531
213, 532
214, 533
214, 534
214, 535
214, 536
215, 537
215, 538
215, 539
215, 540
216, 541
216, 542
216, 543
216, 544
217, 545
217, 546
217, 547
217, 548
218, 549
218, 550
218, 551
218, 552
219, 553
219, 554
219, 555
219, 556
220, 557
220, 558
220, 559
221, 560
221, 561
221, 562
221, 563
221, 564
222, 565
222, 566
222, 567
223, 568
223, 569
223, 570
223, 571
224, 572
224, 573
224, 574
224, 575
225, 576
225, 577
225, 578
225, 579
226, 580
226, 581
226, 582
226, 583
227, 584
227, 585
227, 586
227, 587
227, 588
228, 589
228, 590
228, 591
228, 592
229, 593
229, 594
229, 595
229, 596
229, 597
230, 598
230, 599
230, 600
230, 601
231, 602
231, 603
231, 604
231, 605
231, 606
231, 607
232, 608
232, 609
232, 610
232, 611
233, 612
233, 613
233, 614
233, 615
233, 616
233, 617
234, 618
234, 619
234, 620
234, 621
235, 622
235, 623
235, 624
235, 625
235, 626
235, 627
236, 628
236, 629
236, 630
236, 631
236, 632
237, 633
237, 634
237, 635
237, 636
237, 637
237, 638
238, 639
238, 640
238, 641
238, 642
238, 643
239, 644
239, 645
239, 646
239, 647
239, 648
239, 649
239, 650
240, 651
240, 652
240, 653
240, 654
240, 655
240, 656
241, 657
241, 658
241, 659
241, 660
241, 661
241, 662
241, 663
241, 664
241, 665
242, 666
242, 667
242, 668
242, 669
242, 670
242, 671
242, 672
243, 673
243, 674
243, 675
243, 676
243, 677
243, 678
243, 679
243, 680
243, 681
243, 682
243, 683
243, 684
244, 685
244, 686
244, 687
244, 688
244, 689
244, 690
244, 691
244, 692
244, 693
244, 694
245, 695
245, 696
245, 697
245, 698
245, 699
245, 700
245, 701
245, 702
245, 703
245, 704
245, 705
245, 706
245, 707
245, 708
245, 709
245, 710
245, 711
245, 712
245, 713
245, 714
246, 715
246, 716
246, 717
246, 718
246, 719
246, 720
246, 721
246, 722
246, 723
246, 724
246, 725
246, 726
246, 727
246, 728
246, 729
246, 730
246, 731
246, 732
246, 733
246, 734
246, 735
246, 736
246, 737
246, 738
246, 739
246, 740
246, 741
246, 742
246, 743
246, 744
246, 745
246, 746
246, 747
246, 748
246, 749
246, 750
246, 751
246, 752
246, 753
246, 754
246, 755
246, 756
246, 757
246, 758
246, 759
246, 760
246, 761
246, 762
246, 763
246, 764
246, 765
246, 766
246, 767
246, 768
246, 769
246, 770
246, 771
246, 772
246, 773
246, 774
246, 775
246, 776
246, 777
246, 778
246, 779
246, 780
246, 781
246, 782
246, 783
246, 784
246, 785
246, 786
246, 787
246, 788
246, 789
246, 790
247, 791
247, 792
247, 793
247, 794
247, 795
247, 796
247, 797
247, 798
248, 799
248, 800
248, 801
249, 802
249, 803
249, 804
250, 805
250, 806
251, 807
251, 808
252, 809
252, 810
253, 811
254, 812
254, 813
255, 814
256, 815
257, 816
258, 817
259, 818
260, 819
261, 820
262, 821
263, 821
264, 822
265, 823
266, 823
267, 824
268, 824
269, 825
270, 825
271, 826
272, 827
272, 828
273, 829
274, 830
274, 831
274, 832
274, 833
274, 834
274, 835
275, 836
275, 837
275, 838
275, 839
275, 840
275, 841
275, 842
275, 843
275, 844
274, 845
274, 846
274, 847
274, 848
274, 849
274, 850
273, 851
273, 852
273, 853
273, 854
273, 855
272, 856
272, 857
272, 858
271, 859
271, 860
271, 861
271, 862
270, 863
270, 864
269, 865
269, 866
269, 867
268, 868
267, 869
267, 870
266, 871
266, 872
265, 873
264, 874
264, 875
263, 876
262, 877
261, 878
260, 879
259, 880
258, 881
257, 882
256, 883
255, 884
254, 884
253, 885
252, 885
251, 886
250, 887
249, 887
248, 888
247, 889
246, 890
245, 890
244, 891
243, 891
242, 892
242, 893
241, 894
240, 895
240, 896
239, 897
238, 897
237, 897
236, 897
235, 898
234, 899
233, 899
232, 899
231, 899
230, 899
229, 899
228, 899
227, 899
226, 899
225, 899
224, 899
223, 899
222, 899
221, 899
220, 899
219, 899
218, 899
217, 898
216, 898
215, 898
214, 898
213, 898
212, 897
211, 897
210, 896
209, 896
208, 896
207, 895
207, 894
206, 893
205, 893
204, 892
203, 892
202, 891
201, 890
200, 890
199, 889
198, 888
198, 887
198, 886
197, 885
196, 884
195, 883
194, 883
193, 883
193, 882
193, 881
192, 880
191, 880
190, 879
190, 878
189, 877
189, 876
188, 875
187, 874
186, 874
186, 873
186, 872
185, 871
185, 870
184, 869
184, 868
183, 867
183, 866
182, 865
182, 864
181, 863
181, 862
180, 861
180, 860
180, 859
180, 858
180, 857
179, 856
179, 855
179, 854
178, 853
178, 852
178, 851
178, 850
178, 849
178, 848
178, 847
178, 846
178, 845
177, 844
177, 843
177, 842
176, 841
176, 840
176, 839
176, 838
176, 837
176, 836
176, 835
176, 834
176, 833
176, 832
176, 831
175, 830
175, 829
175, 828
175, 827
175, 826
175, 825
174, 824
174, 823
174, 822
174, 821
174, 820
174, 819
174, 818
174, 817
174, 816
174, 815
174, 814
174, 813
174, 812
174, 811
174, 810
173, 809
173, 808
173, 807
173, 806
172, 805
172, 804
172, 803
172, 802
172, 801
172, 800
172, 799
172, 798
172, 797
171, 796
171, 795
171, 794
171, 793
171, 792
171, 791
171, 790
171, 789
171, 788
171, 787
170, 786
170, 785
170, 784
170, 783
170, 782
170, 781
170, 780
170, 779
170, 778
170, 777
170, 776
170, 775
170, 774
170, 773
170, 772
170, 771
169, 770
169, 769
169, 768
168, 767
168, 766
168, 765
168, 764
168, 763
168, 762
168, 761
168, 760
168, 759
168, 758
168, 757
168, 756
168, 755
168, 754
168, 753
167, 752
167, 751
167, 750
167, 749
167, 748
167, 747
167, 746
167, 745
167, 744
167, 743
166, 742
166, 741
166, 740
166, 739
166, 738
166, 737
166, 736
166, 735
166, 734
166, 733
166, 732
165, 731
165, 730
165, 729
165, 728
165, 727
165, 726
165, 725
164, 724
164, 723
164, 722
164, 721
164, 720
164, 719
164, 718
164, 717
164, 716
164, 715
164, 714
164, 713
164, 712
164, 711
164, 710
163, 709
163, 708
163, 707
163, 706
163, 705
163, 704
163, 703
162, 702
162, 701
162, 700
162, 699
162, 698
162, 697
162, 696
162, 695
162, 694
162, 693
162, 692
162, 691
161, 690
161, 689
161, 688
161, 687
161, 686
161, 685
161, 684
161, 683
161, 682
161, 681
160, 680
160, 679
160, 678
160, 677
160, 676
160, 675
160, 674
160, 673
160, 672
159, 671
159, 670
159, 669
159, 668
159, 667
159, 666
159, 665
159, 664
159, 663
159, 662
159, 661
159, 660
158, 659
158, 658
158, 657
158, 656
158, 655
158, 654
158, 653
158, 652
158, 651
157, 650
157, 649
157, 648
157, 647
157, 646
156, 645
156, 644
156, 643
156, 642
156, 641
156, 640
156, 639
156, 638
156, 637
156, 636
156, 635
156, 634
156, 633
156, 632
156, 631
156, 630
156, 629
156, 628
156, 627
156, 626
155, 625
155, 624
155, 623
155, 622
155, 621
155, 620
154, 619
154, 618
154, 617
154, 616
154, 615
154, 614
154, 613
154, 612
154, 611
154, 610
154, 609
154, 608
154, 607
154, 606
153, 605
153, 604
153, 603
153, 602
153, 601
153, 600
152, 599
152, 598
152, 597
152, 596
152, 595
152, 594
152, 593
152, 592
152, 591
152, 590
152, 589
152, 588
152, 587
151, 586
151, 585
151, 584
151, 583
151, 582
151, 581
151, 580
151, 579
150, 578
150, 577
150, 576
150, 575
150, 574
150, 573
150, 572
150, 571
150, 570
150, 569
149, 568
150, 567
150, 566
150, 565
149, 564
149, 563
149, 562
149, 561
149, 560
149, 559
148, 558
148, 557
148, 556
148, 555
148, 554
148, 553
148, 552
148, 551
148, 550
148, 549
148, 548
148, 547
148, 546
148, 545
148, 544
147, 543
147, 542
147, 541
147, 540
147, 539
147, 538
147, 537
147, 536
146, 535
146, 534
146, 533
146, 532
146, 531
146, 530
146, 529
146, 528
146, 527
146, 526
146, 525
145, 524
145, 523
145, 522
145, 521
145, 520
145, 519
145, 518
145, 517
144, 516
144, 515
144, 514
144, 513
144, 512
144, 511
144, 510
144, 509
144, 508
144, 507
143, 506
143, 505
143, 504
143, 503
143, 502
143, 501
143, 500
143, 499
143, 498
142, 497
142, 496
142, 495
142, 494
142, 493
142, 492
142, 491
142, 490
142, 489
142, 488
142, 487
141, 486
141, 485
141, 484
141, 483
141, 482
141, 481
141, 480
141, 479
140, 478
140, 477
140, 476
140, 475
140, 474
140, 473
140, 472
140, 471
140, 470
140, 469
140, 468
140, 467
140, 466
140, 465
140, 464
140, 463
140, 462
141, 461
141, 460
141, 459
142, 458
143, 457
144, 457
145, 456
146, 455
147, 454
147, 453
147, 452
147, 451
147, 450
147, 449
147, 448
147, 447
147, 446
146, 445
145, 445
145, 444
145, 443
145, 442
145, 441
145, 440
145, 439
145, 438
144, 437
145, 436
145, 435
145, 434
145, 433
144, 432
144, 431
144, 430
144, 429
143, 428
143, 427
143, 426
143, 425
142, 424
142, 423
142, 422
142, 421
142, 420
142, 419
142, 418
142, 417
142, 416
142, 415
142, 414
142, 413
142, 412
141, 411
141, 410
141, 409
140, 408
140, 407
140, 406
140, 405
141, 404
141, 403
141, 402
141, 401
140, 400
140, 399
140, 398
140, 397
140, 396
140, 395
140, 394
140, 393
140, 392
140, 391
140, 390
140, 389
140, 388
139, 387
138, 386
138, 385
138, 384
139, 383
139, 382
139, 381
139, 380
138, 379
138, 378
138, 377
139, 376
139, 375
139, 374
138, 373
137, 372
137, 371
137, 370
137, 369
137, 368
137, 367
137, 366
137, 365
137, 364
137, 363
136, 362
137, 361
137, 360
137, 359
136, 358
136, 357
136, 356
136, 355
135, 354
136, 353
136, 352
136, 351
135, 350
135, 349
135, 348
135, 347
135, 346
135, 345
134, 344
134, 343
134, 342
135, 341
135, 340
135, 339
134, 338
134, 337
134, 336
134, 335
134, 334
134, 333
134, 332
134, 331
134, 330
134, 329
134, 328
134, 327
133, 326
132, 325
132, 324
132, 323
132, 322
132, 321
132, 320
132, 319
132, 318
132, 317
132, 316
132, 315
132, 314
132, 313
133, 312
133, 311
133, 310
132, 309
132, 308
132, 307
132, 306
132, 305
132, 304
132, 303
132, 302
131, 301
131, 300
131, 299
131, 298
131, 297
131, 296
131, 295
131, 294
131, 293
131, 292
130, 291
