101, 778
101, 777
102, 776
102, 775
102, 774
102, 773
102, 772
102, 771
102, 770
102, 769
102, 768
102, 767
103, 766
103, 765
103, 764
103, 763
103, 762
103, 761
103, 760
103, 759
104, 758
104, 757
104, 756
104, 755
104, 754
104, 753
104, 752
104, 751
104, 750
104, 749
104, 748
104, 747
104, 746
104, 745
104, 744
104, 743
104, 742
105, 741
105, 740
105, 739
105, 738
106, 737
106, 736
106, 735
106, 734
106, 733
106, 732
106, 731
106, 730
106, 729
106, 728
106, 727
106, 726
106, 725
106, 724
106, 723
106, 722
106, 721
106, 720
106, 719
107, 718
107, 717
107, 716
107, 715
108, 714
108, 713
108, 712
108, 711
108, 710
108, 709
108, 708
108, 707
108, 706
108, 705
108, 704
108, 703
108, 702
108, 701
108, 700
108, 699
108, 698
108, 697
108, 696
109, 695
109, 694
109, 693
109, 692
109, 691
110, 690
110, 689
110, 688
110, 687
110, 686
110, 685
110, 684
110, 683
110, 682
110, 681
110, 680
110, 679
110, 678
110, 677
110, 676
110, 675
110, 674
111, 673
111, 672
111, 671
111, 670
111, 669
111, 668
112, 667
112, 666
112, 665
112, 664
112, 663
112, 662
112, 661
112, 660
112, 659
112, 658
112, 657
112, 656
112, 655
112, 654
112, 653
113, 652
113, 651
113, 650
113, 649
114, 648
114, 647
114, 646
114, 645
114, 644
114, 643
114, 642
114, 641
114, 640
114, 639
114, 638
114, 637
114, 636
114, 635
115, 634
115, 633
115, 632
115, 631
115, 630
116, 629
116, 628
116, 627
116, 626
116, 625
116, 624
116, 623
116, 622
116, 621
116, 620
116, 619
116, 618
116, 617
117, 616
117, 615
117, 614
117, 613
117, 612
117, 611
117, 610
118, 609
118, 608
118, 607
118, 606
118, 605
118, 604
118, 603
118, 602
118, 601
118, 600
118, 599
118, 598
118, 597
118, 596
118, 595
118, 594
118, 593
118, 592
118, 591
119, 590
119, 589
119, 588
119, 587
119, 586
120, 585
120, 584
120, 583
120, 582
120, 581
120, 580
120, 579
120, 578
120, 577
120, 576
120, 575
120, 574
120, 573
120, 572
120, 571
120, 570
120, 569
121, 568
121, 567
121, 566
121, 565
121, 564
121, 563
121, 562
122, 561
122, 560
122, 559
122, 558
122, 557
122, 556
122, 555
122, 554
122, 553
122, 552
122, 551
122, 550
122, 549
123, 548
123, 547
123, 546
123, 545
123, 544
123, 543
123, 542
124, 541
124, 540
124, 539
124, 538
124, 537
124, 536
124, 535
124, 534
124, 533
124, 532
124, 531
124, 530
124, 529
124, 528
124, 527
124, 526
124, 525
125, 524
125, 523
125, 522
125, 521
125, 520
125, 519
125, 518
125, 517
125, 516
126, 515
126, 514
126, 513
126, 512
126, 511
126, 510
126, 509
126, 508
126, 507
126, 506
126, 505
126, 504
126, 503
126, 502
126, 501
127, 500
127, 499
127, 498
127, 497
127, 496
128, 495
128, 494
128, 493
128, 492
128, 491
128, 490
128, 489
128, 488
128, 487
128, 486
128, 485
128, 484
128, 483
128, 482
129, 481
129, 480
129, 479
129, 478
130, 477
130, 476
130, 475
130, 474
130, 473
130, 472
130, 471
130, 470
130, 469
130, 468
130, 467
130, 466
130, 465
130, 464
130, 463
130, 462
130, 461
130, 460
131, 459
131, 458
131, 457
131, 456
131, 455
132, 454
132, 453
132, 452
132, 451
132, 450
132, 449
132, 448
132, 447
132, 446
132, 445
132, 444
132, 443
132, 442
132, 441
132, 440
133, 439
133, 438
133, 437
133, 436
133, 435
134, 434
134, 433
134, 432
134, 431
134, 430
134, 429
134, 428
134, 427
134, 426
134, 425
134, 424
135, 423
135, 422
135, 421
135, 420
135, 419
135, 418
135, 417
135, 416
135, 415
136, 414
136, 413
136, 412
136, 411
136, 410
136, 409
136, 408
136, 407
136, 406
137, 405
137, 404
137, 403
136, 402
136, 401
136, 400
135, 399
134, 399
134, 398
134, 397
134, 396
134, 395
134, 394
134, 393
134, 392
133, 391
132, 391
131, 391
131, 390
131, 389
131, 388
131, 387
131, 386
131, 385
131, 384
131, 383
131, 382
131, 381
131, 380
131, 379
131, 378
131, 377
132, 376
132, 375
132, 374
132, 373
132, 372
133, 371
133, 370
133, 369
133, 368
133, 367
133, 366
133, 365
132, 364
133, 363
133, 362
133, 361
133, 360
134, 361
135, 361
136, 361
137, 360
137, 359
137, 358
137, 357
137, 356
136, 355
135, 355
135, 354
135, 353
135, 352
135, 351
136, 351
137, 351
138, 350
138, 349
138, 348
138, 347
138, 346
138, 345
138, 344
138, 343
138, 342
138, 341
138, 340
138, 339
138, 338
138, 337
139, 336
139, 335
139, 334
139, 333
139, 332
139, 331
139, 330
139, 329
139, 328
139, 327
140, 326
140, 325
140, 324
139, 323
138, 323
137, 323
136, 323
137, 323
138, 323
139, 323
140, 322
140, 321
140, 320
140, 319
140, 318
140, 317
140, 316
139, 315
138, 315
137, 315
137, 314
138, 314
139, 314
140, 313
140, 312
141, 311
141, 310
141, 309
141, 308
141, 307
141, 306
141, 305
141, 304
141, 303
140, 302
139, 302
138, 302
139, 301
139, 300
139, 299
140, 299
141, 299
142, 298
142, 297
142, 296
142, 295
142, 294
142, 293
142, 292
142, 291
142, 290
142, 289
142, 288
142, 287
142, 286
143, 285
143, 284
143, 283
143, 282
143, 281
143, 280
143, 279
143, 278
144, 277
144, 276
144, 275
144, 274
144, 273
144, 272
144, 271
144, 270
144, 269
144, 268
144, 267
144, 266
144, 265
144, 264
144, 263
144, 262
144, 261
145, 260
145, 259
145, 258
145, 257
145, 256
145, 255
146, 254
146, 253
146, 252
146, 251
146, 250
146, 249
146, 248
146, 247
146, 246
146, 245
146, 244
146, 243
146, 242
146, 241
146, 240
146, 239
146, 238
146, 237
147, 236
147, 235
147, 234
147, 233
148, 232
148, 231
148, 230
148, 229
148, 228
148, 227
148, 226
148, 225
148, 224
148, 223
148, 222
148, 221
148, 220
148, 219
148, 218
148, 217
148, 216
148, 215
148, 214
148, 213
149, 212
149, 211
149, 210
149, 209
149, 208
150, 207
150, 206
150, 205
150, 204
150, 203
150, 202
150, 201
150, 200
150, 199
150, 198
150, 197
150, 196
150, 195
150, 194
150, 193
150, 192
150, 191
150, 190
150, 189
151, 188
151, 187
151, 186
152, 185
152, 184
152, 183
152, 182
152, 181
152, 180
152, 179
152, 178
152, 177
152, 176
152, 175
152, 174
153, 173
154, 172
154, 171
154, 170
154, 169
154, 168
154, 167
154, 166
154, 165
154, 164
155, 163
156, 162
156, 161
156, 160
156, 159
156, 158
156, 157
157, 156
157, 155
158, 154
158, 153
158, 152
158, 151
158, 150
158, 149
159, 148
160, 147
160, 146
160, 145
160, 144
160, 143
161, 142
161, 141
162, 140
162, 139
162, 138
162, 137
163, 136
163, 135
164, 134
164, 133
164, 132
165, 131
165, 130
166, 129
166, 128
166, 127
167, 126
167, 125
168, 124
168, 123
169, 122
169, 121
170, 120
170, 119
171, 118
171, 117
172, 116
173, 115
173, 114
174, 113
174, 112
175, 111
176, 110
176, 109
177, 108
177, 107
178, 106
179, 105
180, 104
181, 103
182, 102
182, 101
183, 100
184, 99
185, 98
185, 97
186, 97
187, 96
187, 95
187, 94
187, 93
188, 93
189, 93
190, 92
191, 92
192, 91
192, 90
193, 89
194, 89
195, 88
196, 87
197, 86
198, 86
199, 85
200, 84
201, 84
202, 84
203, 84
204, 84
205, 85
205, 86
205, 87
205, 88
205, 89
205, 90
205, 91
205, 92
205, 93
205, 94
205, 95
205, 96
205, 97
205, 98
205, 99
205, 100
205, 101
205, 102
205, 103
205, 104
205, 105
205, 106
205, 107
205, 108
205, 109
205, 110
205, 111
205, 112
205, 113
205, 114
205, 115
205, 116
205, 117
205, 118
205, 119
205, 120
205, 121
205, 122
205, 123
205, 124
205, 125
205, 126
205, 127
205, 128
205, 129
205, 130
205, 131
205, 132
205, 133
205, 134
205, 135
205, 136
205, 137
205, 138
205, 139
205, 140
205, 141
205, 142
205, 143
204, 144
204, 145
204, 146
204, 147
204, 148
204, 149
204, 150
205, 151
205, 152
205, 153
205, 154
205, 155
205, 156
205, 157
205, 158
205, 159
205, 160
205, 161
205, 162
204, 163
204, 164
204, 165
204, 166
204, 167
203, 168
203, 169
203, 170
203, 171
203, 172
203, 173
203, 174
203, 175
203, 176
203, 177
203, 178
203, 179
203, 180
203, 181
203, 182
203, 183
203, 184
203, 185
203, 186
203, 187
203, 188
203, 189
203, 190
203, 191
203, 192
203, 193
203, 194
203, 195
203, 196
203, 197
203, 198
203, 199
203, 200
203, 201
203, 202
203, 203
203, 204
203, 205
203, 206
203, 207
203, 208
203, 209
203, 210
203, 211
203, 212
203, 213
203, 214
203, 215
203, 216
203, 217
203, 218
203, 219
203, 220
203, 221
203, 222
203, 223
203, 224
203, 225
203, 226
203, 227
203, 228
202, 229
202, 230
202, 231
202, 232
201, 233
201, 234
201, 235
201, 236
201, 237
201, 238
201, 239
201, 240
201, 241
201, 242
201, 243
201, 244
201, 245
201, 246
201, 247
201, 248
201, 249
201, 250
201, 251
201, 252
201, 253
201, 254
201, 255
201, 256
201, 257
201, 258
201, 259
201, 260
201, 261
200, 262
200, 263
200, 264
200, 265
200, 266
200, 267
200, 268
200, 269
201, 270
201, 271
201, 272
201, 273
201, 274
201, 275
201, 276
201, 277
201, 278
201, 279
201, 280
201, 281
201, 282
201, 283
201, 284
201, 285
201, 286
200, 287
200, 288
200, 289
201, 290
200, 291
200, 292
200, 293
200, 294
200, 295
201, 296
201, 297
201, 298
200, 299
200, 300
200, 301
199, 302
199, 303
199, 304
199, 305
199, 306
199, 307
199, 308
199, 309
199, 310
199, 311
199, 312
199, 313
199, 314
199, 315
199, 316
199, 317
199, 318
199, 319
199, 320
199, 321
199, 322
199, 323
199, 324
199, 325
199, 326
199, 327
199, 328
199, 329
199, 330
199, 331
199, 332
199, 333
199, 334
199, 335
199, 336
199, 337
199, 338
199, 339
199, 340
199, 341
199, 342
199, 343
199, 344
199, 345
199, 346
199, 347
199, 348
199, 349
199, 350
198, 351
198, 352
198, 353
198, 354
199, 355
199, 356
199, 357
199, 358
199, 359
199, 360
199, 361
199, 362
199, 363
199, 364
199, 365
199, 366
199, 367
199, 368
199, 369
199, 370
199, 371
199, 372
198, 373
198, 374
198, 375
198, 376
198, 377
198, 378
198, 379
198, 380
198, 381
198, 382
198, 383
198, 384
197, 385
197, 386
197, 387
197, 388
197, 389
196, 389
195, 390
194, 390
193, 391
192, 391
191, 392
190, 393
189, 394
189, 395
189, 396
189, 397
190, 398
190, 399
191, 400
191, 401
192, 402
193, 403
193, 404
193, 405
193, 406
192, 407
192, 408
192, 409
193, 410
192, 411
192, 412
192, 413
192, 414
192, 415
192, 416
192, 417
192, 418
192, 419
192, 420
192, 421
193, 422
192, 423
192, 424
192, 425
192, 426
193, 427
192, 427
191, 428
191, 429
191, 430
191, 431
191, 432
191, 433
191, 434
192, 435
192, 436
192, 437
192, 438
191, 439
191, 440
191, 441
191, 442
191, 443
191, 444
191, 445
191, 446
191, 447
191, 448
191, 449
191, 450
191, 451
191, 452
191, 453
191, 454
192, 455
191, 455
190, 456
190, 457
190, 458
190, 459
191, 460
191, 461
191, 462
192, 463
191, 464
190, 465
190, 466
190, 467
190, 468
189, 469
189, 470
189, 471
190, 472
191, 472
192, 472
191, 473
191, 474
190, 475
189, 476
189, 477
189, 478
189, 479
189, 480
189, 481
190, 482
190, 483
190, 484
190, 485
190, 486
190, 487
189, 488
188, 489
188, 490
188, 491
189, 492
190, 493
190, 494
189, 495
189, 496
189, 497
189, 498
189, 499
189, 500
189, 501
189, 502
189, 503
189, 504
190, 505
189, 506
189, 507
189, 508
188, 509
188, 510
188, 511
189, 512
190, 512
190, 513
190, 514
189, 514
188, 515
188, 516
188, 517
188, 518
189, 519
189, 520
188, 521
187, 522
187, 523
187, 524
187, 525
187, 526
188, 527
188, 528
188, 529
188, 530
187, 531
187, 532
187, 533
186, 534
186, 535
186, 536
187, 537
188, 538
188, 539
187, 539
186, 540
186, 541
186, 542
186, 543
186, 544
187, 545
187, 546
187, 547
187, 548
188, 549
188, 550
187, 550
186, 551
186, 552
185, 553
185, 554
185, 555
185, 556
185, 557
185, 558
186, 559
186, 560
186, 561
186, 562
187, 563
188, 564
188, 565
188, 566
187, 566
186, 567
186, 568
185, 568
184, 569
184, 570
184, 571
185, 572
186, 572
185, 572
184, 572
183, 573
183, 574
183, 575
184, 576
183, 577
183, 578
183, 579
184, 580
183, 581
183, 582
183, 583
184, 584
185, 584
184, 585
184, 586
184, 587
184, 588
184, 589
184, 590
185, 591
184, 591
183, 592
182, 592
181, 593
181, 594
181, 595
181, 596
181, 597
181, 598
181, 599
182, 600
183, 600
184, 600
185, 600
184, 601
184, 602
184, 603
184, 604
183, 604
182, 604
181, 605
180, 606
180, 607
180, 608
181, 609
180, 610
180, 611
180, 612
180, 613
180, 614
180, 615
180, 616
181, 617
182, 617
183, 618
182, 619
182, 620
182, 621
181, 621
180, 621
179, 622
179, 623
179, 624
179, 625
179, 626
178, 627
178, 628
178, 629
178, 630
178, 631
178, 632
178, 633
179, 634
180, 635
181, 635
180, 636
180, 637
180, 638
181, 639
182, 639
183, 639
184, 639
184, 640
183, 641
183, 642
182, 642
181, 642
180, 642
179, 642
178, 643
178, 644
177, 645
177, 646
177, 647
177, 648
177, 649
177, 650
177, 651
177, 652
178, 653
179, 653
180, 653
181, 652
180, 653
180, 654
180, 655
179, 654
178, 654
177, 654
176, 654
175, 655
175, 656
175, 657
175, 658
176, 659
177, 660
176, 661
176, 662
176, 663
176, 664
176, 665
175, 666
175, 667
175, 668
175, 669
175, 670
175, 671
175, 672
175, 673
176, 674
176, 675
176, 676
176, 677
177, 678
177, 679
177, 680
176, 681
175, 681
174, 682
174, 683
174, 684
175, 685
176, 685
177, 685
178, 685
179, 685
178, 685
177, 685
176, 685
175, 686
175, 687
175, 688
175, 689
175, 690
174, 691
174, 692
174, 693
174, 694
174, 695
174, 696
174, 697
174, 698
175, 699
175, 700
176, 701
175, 701
174, 702
174, 703
173, 704
173, 705
173, 706
174, 707
173, 708
173, 709
173, 710
174, 711
175, 712
176, 712
177, 712
176, 712
175, 713
175, 714
174, 715
174, 716
174, 717
174, 718
174, 719
174, 720
175, 721
175, 722
176, 723
175, 724
174, 724
173, 725
173, 726
173, 727
174, 728
174, 729
174, 730
173, 730
172, 731
172, 732
172, 733
172, 734
172, 735
172, 736
172, 737
173, 738
174, 738
175, 739
175, 740
175, 741
175, 742
175, 743
175, 744
175, 745
175, 746
174, 746
173, 747
173, 748
173, 749
173, 750
173, 751
173, 752
173, 753
173, 754
174, 755
174, 756
174, 757
175, 758
174, 759
174, 760
174, 761
173, 762
173, 763
173, 764
173, 765
173, 766
173, 767
174, 768
174, 769
174, 770
174, 771
173, 772
173, 773
173, 774
174, 775
175, 775
176, 775
177, 774
177, 775
177, 776
176, 776
175, 776
174, 777
173, 778
173, 779
173, 780
174, 781
175, 781
176, 781
175, 781
174, 781
173, 781
172, 781
171, 782
171, 783
171, 784
170, 785
170, 786
169, 786
168, 787
167, 788
166, 789
166, 790
166, 791
167, 792
167, 793
168, 794
169, 794
170, 794
171, 794
172, 793
172, 792
172, 791
172, 790
172, 789
172, 790
172, 791
173, 792
174, 792
173, 793
172, 794
171, 795
171, 796
170, 797
169, 796
168, 796
167, 796
166, 797
166, 798
166, 799
165, 799
164, 799
163, 800
163, 801
163, 802
162, 801
161, 801
160, 801
159, 802
159, 803
158, 804
157, 804
156, 805
156, 806
155, 806
154, 807
154, 808
153, 808
152, 809
151, 809
150, 810
149, 810
148, 810
147, 811
146, 812
145, 812
144, 813
143, 814
142, 814
141, 814
140, 815
140, 816
139, 816
138, 816
137, 816
136, 816
135, 816
134, 817
133, 818
132, 818
131, 818
130, 818
129, 818
128, 818
127, 817
126, 817
125, 816
124, 816
123, 815
122, 814
121, 814
120, 813
119, 813
118, 813
117, 813
116, 813
115, 813
114, 813
113, 813
112, 813
111, 813
110, 813
109, 812
108, 812
107, 811
106, 810
105, 809
104, 808
104, 807
103, 806
103, 805
103, 804
102, 803
102, 802
101, 801
101, 800
101, 799
101, 798
101, 797
100, 796
100, 795
100, 794
100, 793
100, 792
100, 791
100, 790
100, 789
101, 788
101, 787
101, 786
100, 785
101, 784
101, 783
101, 782
100, 781
100, 780
100, 779
