67, 1000
67, 999
67, 998
67, 997
67, 996
68, 995
68, 994
68, 993
68, 992
68, 991
68, 990
68, 989
68, 988
68, 987
68, 986
68, 985
68, 984
69, 983
69, 982
69, 981
69, 980
70, 979
70, 978
70, 977
70, 976
70, 975
70, 974
70, 973
70, 972
70, 971
70, 970
71, 969
71, 968
71, 967
71, 966
72, 965
72, 964
72, 963
72, 962
72, 961
72, 960
72, 959
72, 958
73, 957
73, 956
73, 955
73, 954
73, 953
74, 952
74, 951
74, 950
74, 949
74, 948
74, 947
74, 946
74, 945
74, 944
74, 943
75, 942
75, 941
75, 940
75, 939
75, 938
76, 937
76, 936
76, 935
76, 934
76, 933
76, 932
76, 931
76, 930
77, 929
77, 928
77, 927
77, 926
78, 925
78, 924
78, 923
78, 922
78, 921
78, 920
78, 919
78, 918
78, 917
78, 916
79, 915
79, 914
79, 913
80, 912
80, 911
80, 910
80, 909
80, 908
80, 907
80, 906
80, 905
80, 904
80, 903
81, 902
81, 901
81, 900
81, 899
81, 898
82, 897
82, 896
82, 895
82, 894
82, 893
82, 892
82, 891
82, 890
82, 889
82, 888
82, 887
83, 886
83, 885
83, 884
83, 883
83, 882
84, 881
84, 880
84, 879
84, 878
84, 877
84, 876
84, 875
84, 874
85, 873
85, 872
85, 871
85, 870
86, 869
86, 868
86, 867
86, 866
86, 865
86, 864
86, 863
86, 862
86, 861
86, 860
87, 859
87, 858
87, 857
87, 856
87, 855
88, 854
88, 853
88, 852
88, 851
88, 850
88, 849
88, 848
88, 847
88, 846
88, 845
89, 844
89, 843
89, 842
89, 841
89, 840
89, 839
89, 838
89, 837
90, 836
90, 835
90, 834
90, 833
90, 832
90, 831
90, 830
90, 829
90, 828
91, 827
91, 826
91, 825
91, 824
91, 823
92, 822
92, 821
92, 820
92, 819
92, 818
92, 817
92, 816
92, 815
93, 814
93, 813
93, 812
93, 811
93, 810
94, 809
94, 808
94, 807
94, 806
94, 805
94, 804
94, 803
94, 802
94, 801
94, 800
95, 799
95, 798
95, 797
95, 796
95, 795
96, 794
96, 793
96, 792
96, 791
96, 790
96, 789
96, 788
96, 787
96, 786
96, 785
96, 784
97, 783
97, 782
97, 781
97, 780
97, 779
97, 778
98, 777
98, 776
98, 775
98, 774
98, 773
98, 772
98, 771
98, 770
99, 769
99, 768
99, 767
99, 766
99, 765
99, 764
100, 763
100, 762
100, 761
100, 760
100, 759
100, 758
100, 757
100, 756
100, 755
100, 754
101, 753
101, 752
101, 751
101, 750
102, 749
102, 748
102, 747
102, 746
102, 745
102, 744
102, 743
102, 742
102, 741
102, 740
103, 739
103, 738
103, 737
103, 736
103, 735
104, 734
104, 733
104, 732
104, 731
104, 730
104, 729
104, 728
104, 727
104, 726
104, 725
105, 724
105, 723
105, 722
106, 721
106, 720
106, 719
106, 718
106, 717
106, 716
106, 715
106, 714
106, 713
106, 712
107, 711
107, 710
107, 709
107, 708
107, 707
108, 706
108, 705
108, 704
108, 703
108, 702
108, 701
108, 700
108, 699
108, 698
108, 697
109, 696
109, 695
109, 694
109, 693
109, 692
110, 691
110, 690
110, 689
110, 688
110, 687
110, 686
110, 685
110, 684
110, 683
111, 682
111, 681
111, 680
111, 679
112, 678
112, 677
112, 676
112, 675
112, 674
112, 673
112, 672
112, 671
113, 670
113, 669
113, 668
113, 667
113, 666
114, 665
114, 664
114, 663
114, 662
114, 661
114, 660
114, 659
114, 658
114, 657
115, 656
115, 655
115, 654
115, 653
116, 652
116, 651
116, 650
116, 649
116, 648
116, 647
116, 646
117, 645
117, 644
117, 643
117, 642
117, 641
118, 640
118, 639
118, 638
118, 637
118, 636
118, 635
118, 634
118, 633
118, 632
119, 631
119, 630
119, 629
119, 628
119, 627
119, 626
120, 625
120, 624
120, 623
120, 622
120, 621
120, 620
120, 619
120, 618
121, 617
121, 616
121, 615
121, 614
121, 613
122, 612
122, 611
122, 610
122, 609
122, 608
122, 607
122, 606
122, 605
123, 604
123, 603
123, 602
123, 601
123, 600
124, 599
124, 598
124, 597
124, 596
124, 595
124, 594
124, 593
124, 592
124, 591
125, 590
125, 589
125, 588
125, 587
126, 586
126, 585
126, 584
126, 583
126, 582
126, 581
126, 580
126, 579
126, 578
126, 577
127, 576
127, 575
127, 574
128, 573
128, 572
128, 571
128, 570
128, 569
128, 568
128, 567
128, 566
128, 565
129, 564
129, 563
129, 562
129, 561
129, 560
130, 559
130, 558
130, 557
130, 556
130, 555
130, 554
130, 553
130, 552
131, 551
131, 550
131, 549
131, 548
131, 547
132, 546
132, 545
132, 544
132, 543
132, 542
132, 541
132, 540
132, 539
133, 538
133, 537
133, 536
133, 535
133, 534
134, 533
134, 532
134, 531
134, 530
134, 529
134, 528
134, 527
134, 526
134, 525
134, 524
135, 523
135, 522
135, 521
135, 520
136, 519
136, 518
136, 517
136, 516
136, 515
136, 514
136, 513
136, 512
136, 511
136, 510
136, 509
136, 508
136, 507
136, 506
137, 505
137, 504
137, 503
138, 502
138, 501
139, 500
139, 499
140, 499
141, 498
141, 497
141, 496
142, 495
142, 494
142, 493
141, 492
140, 492
139, 492
138, 493
138, 494
138, 495
138, 494
138, 493
139, 492
139, 491
139, 490
138, 489
139, 488
139, 487
139, 486
138, 485
139, 484
139, 483
139, 482
138, 481
138, 480
138, 479
139, 478
139, 477
139, 476
139, 475
139, 474
140, 473
141, 472
141, 471
141, 470
140, 469
140, 468
141, 467
141, 466
142, 465
142, 464
142, 463
142, 462
141, 461
142, 460
143, 459
143, 458
143, 457
143, 456
143, 455
143, 454
144, 453
144, 452
145, 451
145, 450
145, 449
145, 448
145, 447
145, 446
145, 445
145, 444
145, 443
145, 442
145, 441
145, 440
146, 439
147, 438
147, 437
147, 436
147, 435
148, 435
149, 434
149, 433
149, 432
148, 431
147, 431
148, 430
148, 429
148, 428
148, 427
148, 426
149, 425
149, 424
149, 423
149, 422
149, 421
149, 420
150, 419
150, 418
150, 417
150, 416
150, 415
150, 414
150, 413
151, 412
152, 411
152, 410
152, 409
152, 408
152, 407
153, 406
153, 405
153, 404
153, 403
153, 402
153, 401
152, 400
153, 400
154, 400
155, 399
155, 398
155, 397
154, 396
154, 395
154, 394
154, 393
154, 392
155, 391
155, 390
155, 389
155, 388
156, 387
156, 386
156, 385
156, 384
156, 383
157, 382
157, 381
157, 380
158, 379
158, 378
158, 377
158, 376
158, 375
159, 374
160, 373
160, 372
160, 371
160, 370
159, 369
158, 369
159, 368
159, 367
160, 366
161, 365
161, 364
161, 363
161, 362
161, 361
162, 361
163, 360
163, 359
163, 358
163, 357
162, 356
163, 355
163, 354
163, 353
163, 352
164, 351
164, 350
164, 349
164, 348
165, 347
165, 346
165, 345
164, 344
165, 343
165, 342
165, 341
165, 340
166, 340
167, 339
168, 338
168, 337
168, 336
168, 335
167, 334
168, 333
168, 332
168, 331
168, 330
168, 331
168, 332
169, 333
170, 333
171, 333
172, 332
172, 331
172, 330
172, 329
171, 328
170, 328
169, 328
169, 327
169, 326
169, 325
169, 324
169, 323
169, 324
169, 325
170, 326
171, 326
172, 326
173, 325
173, 324
173, 323
174, 322
174, 321
174, 320
174, 319
174, 318
174, 317
175, 316
175, 315
175, 314
176, 313
176, 312
176, 311
176, 310
176, 309
176, 308
176, 307
176, 306
177, 305
177, 304
177, 303
177, 302
178, 301
178, 300
178, 299
178, 298
178, 297
177, 296
178, 296
179, 295
179, 294
179, 293
179, 292
180, 291
180, 290
180, 289
180, 288
180, 287
180, 286
181, 285
181, 284
181, 283
182, 282
182, 281
182, 280
182, 279
182, 278
182, 277
182, 276
183, 275
183, 274
183, 273
184, 272
184, 271
184, 270
184, 269
184, 268
184, 267
184, 266
185, 265
185, 264
185, 263
185, 262
185, 261
186, 260
186, 259
186, 258
186, 257
186, 256
186, 255
187, 254
187, 253
188, 252
188, 251
188, 250
188, 249
188, 248
188, 247
188, 246
188, 245
189, 244
189, 243
190, 242
190, 241
190, 240
190, 239
190, 238
190, 237
190, 236
191, 235
191, 234
192, 233
192, 232
192, 231
192, 230
192, 229
192, 228
192, 227
192, 226
193, 225
193, 224
194, 223
194, 222
194, 221
194, 220
194, 219
194, 218
194, 217
194, 216
195, 215
195, 214
196, 213
196, 212
196, 211
196, 210
196, 209
196, 208
196, 207
197, 206
197, 205
198, 204
198, 203
198, 202
198, 201
198, 200
198, 199
198, 198
199, 197
199, 196
199, 195
200, 194
200, 193
200, 192
200, 191
200, 190
200, 189
201, 188
202, 187
202, 186
202, 185
202, 184
202, 183
202, 182
202, 181
202, 180
203, 179
204, 178
204, 177
204, 176
204, 175
204, 174
204, 173
204, 172
205, 171
206, 170
206, 169
206, 168
206, 167
206, 166
206, 165
207, 165
208, 164
208, 163
208, 162
208, 161
208, 160
208, 159
209, 158
209, 157
210, 156
210, 155
210, 154
210, 153
211, 152
211, 151
211, 150
211, 149
212, 148
212, 147
212, 146
212, 145
213, 144
213, 143
213, 142
213, 141
214, 140
214, 139
214, 138
214, 137
215, 136
215, 135
215, 134
216, 133
216, 132
216, 131
216, 130
217, 129
217, 128
217, 127
218, 126
218, 125
218, 124
218, 123
219, 122
219, 121
219, 120
219, 119
220, 118
221, 117
221, 116
222, 115
222, 114
222, 113
222, 112
222, 111
222, 110
222, 109
222, 108
222, 107
223, 106
223, 105
223, 104
223, 103
223, 102
223, 101
224, 100
224, 99
224, 98
225, 97
225, 96
225, 95
225, 94
226, 93
226, 92
226, 91
226, 90
227, 89
227, 88
227, 87
227, 86
227, 85
228, 84
228, 83
228, 82
229, 81
229, 80
229, 79
229, 78
230, 77
230, 76
230, 75
230, 74
231, 73
231, 74
231, 75
232, 76
233, 76
234, 76
235, 77
235, 78
235, 79
236, 80
236, 81
236, 82
237, 83
237, 84
237, 85
238, 86
238, 87
238, 88
238, 89
238, 90
239, 91
239, 92
239, 93
239, 94
239, 95
239, 96
239, 97
239, 98
240, 99
240, 100
240, 101
240, 102
240, 103
240, 104
240, 105
241, 106
241, 107
241, 108
241, 109
241, 110
241, 111
241, 112
241, 113
242, 114
242, 115
242, 116
242, 117
242, 118
242, 119
242, 120
242, 121
243, 122
243, 123
243, 124
243, 125
243, 126
243, 127
243, 128
243, 129
243, 130
243, 131
243, 132
243, 133
243, 134
243, 135
243, 136
243, 137
243, 138
243, 139
244, 140
245, 140
245, 141
246, 142
245, 143
244, 143
243, 144
243, 145
243, 146
243, 147
243, 148
243, 149
243, 150
243, 151
243, 152
243, 153
243, 154
243, 155
243, 156
243, 157
243, 158
244, 159
245, 160
245, 161
246, 162
246, 163
246, 164
246, 165
246, 166
246, 167
246, 168
246, 169
247, 170
246, 171
246, 172
246, 173
246, 174
246, 175
247, 176
247, 177
246, 178
246, 179
246, 180
246, 181
246, 182
246, 183
245, 184
245, 185
245, 186
245, 187
245, 188
245, 189
245, 190
245, 191
245, 192
245, 193
245, 194
245, 195
245, 196
245, 197
245, 198
245, 199
245, 200
245, 201
245, 202
245, 203
245, 204
245, 205
245, 206
245, 207
245, 208
245, 209
245, 210
246, 211
246, 212
246, 213
246, 214
245, 215
245, 216
245, 217
245, 218
246, 219
245, 220
245, 221
245, 222
246, 223
245, 224
245, 225
245, 226
246, 227
246, 228
246, 229
246, 230
246, 231
245, 232
245, 233
245, 234
245, 235
245, 236
245, 237
245, 238
245, 239
245, 240
245, 241
245, 242
245, 243
245, 244
245, 245
244, 246
244, 247
244, 248
243, 249
243, 250
243, 251
243, 252
243, 253
243, 254
243, 255
243, 256
243, 257
243, 258
243, 259
243, 260
243, 261
243, 262
243, 263
243, 264
243, 265
243, 266
243, 267
243, 268
243, 269
243, 270
243, 271
243, 272
243, 273
243, 274
243, 275
243, 276
243, 277
242, 278
242, 279
242, 280
242, 281
243, 282
242, 283
242, 284
241, 285
241, 286
241, 287
241, 288
241, 289
241, 290
241, 291
241, 292
241, 293
241, 294
242, 295
242, 296
242, 297
241, 298
241, 299
241, 300
241, 301
241, 302
241, 303
241, 304
241, 305
240, 306
240, 307
240, 308
241, 309
240, 309
239, 310
239, 311
239, 312
239, 313
239, 314
239, 315
239, 316
239, 317
239, 318
239, 319
239, 320
239, 321
239, 322
239, 323
239, 324
239, 325
239, 326
239, 327
239, 328
238, 329
238, 330
238, 331
237, 332
237, 333
237, 334
237, 335
237, 336
237, 337
237, 338
237, 339
237, 340
237, 341
237, 342
237, 343
237, 344
237, 345
237, 346
237, 347
237, 348
237, 349
237, 350
237, 351
237, 352
237, 353
236, 354
235, 355
235, 356
235, 357
235, 358
235, 359
235, 360
235, 361
235, 362
235, 363
235, 364
235, 365
235, 366
235, 367
235, 368
235, 369
235, 370
235, 371
235, 372
235, 373
235, 374
235, 375
235, 376
235, 377
235, 378
234, 378
233, 379
233, 380
233, 381
233, 382
233, 383
233, 384
233, 385
233, 386
233, 387
233, 388
233, 389
233, 390
233, 391
233, 392
233, 393
233, 394
233, 395
233, 396
232, 397
232, 398
232, 399
232, 400
232, 401
231, 402
231, 403
231, 404
231, 405
231, 406
231, 407
231, 408
231, 409
231, 410
231, 411
231, 412
231, 413
231, 414
231, 415
231, 416
231, 417
231, 418
231, 419
231, 420
231, 421
231, 422
231, 423
231, 424
231, 425
231, 426
231, 427
231, 428
231, 429
231, 430
231, 431
231, 432
230, 432
229, 433
229, 434
229, 435
229, 436
229, 437
229, 438
229, 439
229, 440
229, 441
229, 442
229, 443
229, 444
229, 445
229, 446
229, 447
229, 448
229, 449
229, 450
229, 451
229, 452
229, 453
229, 454
229, 455
229, 456
229, 457
229, 458
229, 459
229, 460
229, 461
229, 462
228, 463
228, 464
228, 465
229, 466
229, 467
229, 468
229, 469
229, 470
229, 471
229, 472
229, 473
229, 474
229, 475
229, 476
229, 477
229, 478
230, 479
229, 480
229, 481
229, 482
229, 483
230, 484
230, 485
231, 486
231, 487
231, 488
231, 489
232, 490
233, 491
233, 492
233, 493
233, 494
233, 495
233, 496
234, 497
235, 497
235, 498
235, 499
235, 500
235, 501
235, 502
236, 503
236, 504
237, 505
237, 506
237, 507
237, 508
237, 509
237, 510
237, 511
237, 512
237, 513
238, 514
238, 515
238, 516
238, 517
238, 518
238, 519
238, 520
238, 521
238, 522
239, 523
239, 524
239, 525
239, 526
239, 527
239, 528
239, 529
239, 530
239, 531
240, 532
241, 533
241, 534
241, 535
241, 536
241, 537
241, 538
240, 538
239, 539
239, 540
239, 541
239, 542
239, 543
240, 544
241, 545
242, 545
243, 546
244, 546
244, 547
245, 548
246, 548
247, 549
248, 550
249, 551
250, 552
251, 553
251, 554
251, 555
252, 556
253, 557
254, 558
255, 559
255, 560
255, 561
256, 562
257, 563
258, 564
259, 565
259, 566
260, 567
261, 568
261, 569
262, 570
262, 571
262, 572
263, 573
264, 573
264, 574
265, 575
266, 576
267, 577
267, 578
268, 579
269, 580
270, 581
271, 582
272, 583
273, 584
274, 585
274, 586
275, 587
276, 588
277, 589
278, 590
278, 591
279, 592
280, 593
280, 594
281, 595
282, 596
282, 597
282, 598
282, 599
282, 600
282, 601
283, 602
282, 603
281, 603
280, 603
279, 603
278, 604
278, 605
277, 606
276, 607
275, 607
274, 608
274, 609
273, 609
272, 610
271, 610
270, 611
269, 611
268, 612
267, 612
266, 613
265, 614
264, 614
263, 614
262, 615
262, 616
261, 616
260, 616
259, 616
258, 617
257, 618
256, 618
255, 618
254, 619
253, 620
252, 621
251, 621
250, 622
249, 623
248, 623
247, 623
246, 623
245, 624
244, 625
243, 626
242, 626
241, 626
240, 627
240, 628
239, 628
238, 629
238, 630
238, 631
238, 632
237, 633
236, 634
236, 635
236, 636
235, 636
234, 636
233, 636
232, 637
231, 637
230, 638
230, 639
230, 640
230, 641
230, 642
230, 643
230, 644
229, 644
228, 645
228, 646
228, 647
228, 648
228, 649
228, 650
228, 651
228, 652
228, 653
227, 654
227, 655
227, 656
227, 657
226, 658
226, 659
226, 660
226, 661
226, 662
226, 663
226, 664
226, 665
226, 666
226, 667
226, 668
226, 669
227, 670
228, 670
227, 670
226, 670
225, 671
225, 672
225, 673
226, 674
227, 674
228, 674
228, 675
228, 676
228, 677
227, 677
226, 678
226, 679
226, 680
226, 681
226, 682
226, 683
226, 684
226, 685
225, 686
225, 687
225, 688
225, 689
226, 690
227, 690
228, 690
228, 691
228, 692
228, 693
228, 694
228, 695
228, 696
228, 697
227, 698
227, 699
227, 700
228, 701
228, 702
228, 703
228, 704
228, 705
228, 706
228, 707
228, 708
228, 709
227, 709
226, 710
226, 711
226, 712
226, 713
227, 714
228, 714
228, 715
228, 716
228, 717
228, 718
228, 719
228, 720
229, 721
230, 721
230, 722
230, 723
230, 724
230, 725
229, 726
228, 727
228, 728
228, 729
229, 730
228, 731
228, 732
228, 733
229, 734
230, 734
230, 735
231, 736
230, 737
230, 738
230, 739
230, 740
230, 741
230, 742
231, 743
231, 744
232, 745
232, 746
232, 747
231, 748
231, 749
231, 750
231, 751
231, 752
231, 753
232, 754
232, 755
232, 756
232, 757
233, 758
232, 759
232, 760
232, 761
233, 762
233, 763
233, 764
233, 765
234, 766
234, 767
234, 768
233, 769
233, 770
233, 771
233, 772
233, 773
233, 774
232, 774
231, 774
230, 775
230, 776
230, 777
231, 778
232, 778
232, 779
232, 780
231, 781
231, 782
231, 783
231, 784
231, 785
232, 786
232, 787
232, 788
232, 789
232, 790
232, 791
232, 792
232, 793
232, 794
232, 795
232, 796
232, 797
232, 798
231, 799
230, 800
230, 801
230, 802
231, 803
232, 803
233, 803
233, 804
232, 805
232, 806
232, 807
232, 808
232, 809
232, 810
232, 811
232, 812
232, 813
232, 814
232, 813
231, 812
230, 812
229, 812
228, 812
227, 813
227, 814
227, 815
228, 816
229, 816
230, 816
231, 816
231, 817
231, 818
231, 819
231, 820
231, 821
231, 822
231, 823
230, 824
230, 825
230, 826
230, 827
230, 828
230, 829
230, 830
230, 831
229, 832
228, 833
227, 834
227, 835
227, 836
228, 837
229, 837
229, 838
229, 839
229, 840
229, 841
229, 842
229, 843
228, 843
227, 844
227, 845
227, 846
226, 847
226, 848
226, 849
225, 850
225, 851
225, 852
225, 853
225, 854
225, 855
225, 856
225, 857
225, 858
224, 859
224, 860
224, 861
224, 862
223, 863
223, 864
223, 865
223, 866
223, 867
223, 868
223, 869
223, 870
223, 871
222, 871
221, 871
220, 871
219, 872
219, 873
219, 874
220, 875
221, 875
221, 876
221, 877
220, 877
219, 877
218, 878
218, 879
218, 880
218, 881
218, 882
218, 883
219, 884
219, 885
219, 886
219, 887
218, 888
218, 889
218, 890
218, 891
217, 891
216, 892
215, 893
215, 894
215, 895
216, 896
215, 897
215, 898
215, 899
215, 900
214, 901
213, 902
213, 903
213, 904
213, 905
214, 906
213, 907
213, 908
213, 909
213, 910
213, 911
213, 912
212, 913
212, 914
212, 915
212, 916
211, 917
211, 918
211, 919
211, 920
211, 921
211, 922
210, 922
209, 922
208, 923
208, 924
208, 925
208, 926
207, 926
206, 927
206, 928
206, 929
206, 930
207, 931
207, 932
207, 933
207, 934
206, 935
205, 936
204, 937
204, 938
204, 939
204, 940
204, 941
204, 942
204, 943
203, 944
203, 945
202, 945
201, 945
200, 946
200, 947
200, 948
201, 949
202, 949
203, 949
203, 950
203, 951
203, 952
202, 953
201, 953
200, 954
200, 955
200, 956
200, 957
201, 958
202, 958
201, 958
200, 959
199, 960
199, 961
199, 962
198, 963
198, 964
198, 965
199, 966
198, 966
197, 966
196, 966
195, 967
195, 968
195, 969
196, 970
197, 970
198, 970
199, 971
198, 972
198, 973
198, 974
198, 975
197, 975
196, 976
196, 977
196, 978
197, 979
198, 979
199, 979
200, 979
199, 979
198, 979
197, 980
197, 981
197, 982
198, 983
199, 983
200, 983
199, 984
198, 985
198, 986
198, 987
199, 988
200, 988
201, 989
202, 989
202, 990
202, 991
203, 992
204, 992
205, 993
206, 993
207, 993
208, 993
209, 994
210, 994
211, 994
212, 995
213, 995
214, 995
215, 995
216, 995
217, 996
218, 996
218, 997
219, 998
220, 999
221, 1000
222, 1001
222, 1002
223, 1003
223, 1004
223, 1005
223, 1006
222, 1007
222, 1008
222, 1009
222, 1010
222, 1011
222, 1012
222, 1013
222, 1014
223, 1015
224, 1015
225, 1015
226, 1016
227, 1017
227, 1018
228, 1019
229, 1019
230, 1019
231, 1019
232, 1019
233, 1019
234, 1019
233, 1019
232, 1019
231, 1020
231, 1021
231, 1022
230, 1022
229, 1022
228, 1023
228, 1024
228, 1025
228, 1026
229, 1027
230, 1027
231, 1027
232, 1027
233, 1026
233, 1025
233, 1024
233, 1023
233, 1024
233, 1025
233, 1026
233, 1027
232, 1028
232, 1029
232, 1030
233, 1031
234, 1032
233, 1032
232, 1032
231, 1033
231, 1034
231, 1035
232, 1036
233, 1036
234, 1036
233, 1036
232, 1036
231, 1036
230, 1036
229, 1036
228, 1036
227, 1037
227, 1038
227, 1039
227, 1040
228, 1041
229, 1041
230, 1041
231, 1040
232, 1041
232, 1042
231, 1043
231, 1044
230, 1044
229, 1045
229, 1046
229, 1047
230, 1048
229, 1048
228, 1048
227, 1048
226, 1049
226, 1050
226, 1051
226, 1052
227, 1053
228, 1053
227, 1053
226, 1054
225, 1055
225, 1056
225, 1057
225, 1058
224, 1059
224, 1060
224, 1061
225, 1062
226, 1062
225, 1062
224, 1062
223, 1062
222, 1062
221, 1063
221, 1064
221, 1065
222, 1066
222, 1067
221, 1068
220, 1068
219, 1068
218, 1069
218, 1070
218, 1071
219, 1072
220, 1072
219, 1073
219, 1074
219, 1075
218, 1076
217, 1076
216, 1076
215, 1076
214, 1076
213, 1076
212, 1077
211, 1078
211, 1079
211, 1080
212, 1081
211, 1081
210, 1081
209, 1082
208, 1083
208, 1084
208, 1085
209, 1086
208, 1086
207, 1087
207, 1088
206, 1089
205, 1089
204, 1089
203, 1090
202, 1091
201, 1091
200, 1091
199, 1092
199, 1093
199, 1094
200, 1095
201, 1095
200, 1095
199, 1095
198, 1095
197, 1096
196, 1096
195, 1096
194, 1096
193, 1096
192, 1096
191, 1097
191, 1098
191, 1099
190, 1100
189, 1101
188, 1101
187, 1101
186, 1101
185, 1101
184, 1101
183, 1101
182, 1102
181, 1103
180, 1103
179, 1102
178, 1102
177, 1102
176, 1102
175, 1103
175, 1104
174, 1105
173, 1105
172, 1105
171, 1106
170, 1106
169, 1106
168, 1106
167, 1106
166, 1107
165, 1107
164, 1107
163, 1107
162, 1107
161, 1107
160, 1107
159, 1108
158, 1108
157, 1108
156, 1109
155, 1108
154, 1108
153, 1108
152, 1108
151, 1109
150, 1109
149, 1109
148, 1109
147, 1109
146, 1109
145, 1109
144, 1109
143, 1110
142, 1110
141, 1110
140, 1109
139, 1109
138, 1109
137, 1109
136, 1109
135, 1108
134, 1108
133, 1108
132, 1108
131, 1107
130, 1107
129, 1107
128, 1106
127, 1105
126, 1105
125, 1105
124, 1104
123, 1104
123, 1103
122, 1102
121, 1102
120, 1102
119, 1101
118, 1100
117, 1099
116, 1099
115, 1098
115, 1097
114, 1096
113, 1095
112, 1094
111, 1093
110, 1093
109, 1092
108, 1091
107, 1091
106, 1090
105, 1090
104, 1089
103, 1088
102, 1088
101, 1087
100, 1086
99, 1085
98, 1084
97, 1084
96, 1083
95, 1082
94, 1081
93, 1081
92, 1080
91, 1079
90, 1078
89, 1077
88, 1076
87, 1075
86, 1074
85, 1073
84, 1072
84, 1071
83, 1070
82, 1070
82, 1069
81, 1068
81, 1067
80, 1066
80, 1065
79, 1064
78, 1063
78, 1062
77, 1061
76, 1060
76, 1059
76, 1058
75, 1057
75, 1056
74, 1055
74, 1054
73, 1053
73, 1052
72, 1051
72, 1050
72, 1049
71, 1048
71, 1047
70, 1046
70, 1045
70, 1044
70, 1043
69, 1042
69, 1041
69, 1040
69, 1039
68, 1038
68, 1037
68, 1036
68, 1035
68, 1034
68, 1033
67, 1032
67, 1031
67, 1030
66, 1029
66, 1028
66, 1027
66, 1026
66, 1025
66, 1024
66, 1023
66, 1022
66, 1021
66, 1020
66, 1019
66, 1018
66, 1017
66, 1016
66, 1015
66, 1014
66, 1013
66, 1012
66, 1011
66, 1010
66, 1009
66, 1008
66, 1007
66, 1006
66, 1005
66, 1004
66, 1003
66, 1002
66, 1001
