146, 395
147, 394
147, 393
148, 392
148, 391
148, 390
148, 389
148, 388
148, 387
148, 386
148, 385
148, 384
148, 383
148, 382
148, 381
148, 380
148, 379
148, 378
148, 377
148, 376
148, 375
148, 374
148, 373
148, 372
148, 371
148, 370
148, 369
148, 368
148, 367
148, 366
149, 365
149, 364
149, 363
149, 362
149, 361
149, 360
149, 359
149, 358
149, 357
149, 356
149, 355
149, 354
149, 353
149, 352
149, 351
149, 350
149, 349
149, 348
149, 347
149, 346
149, 345
149, 344
149, 343
149, 342
149, 341
149, 340
149, 339
149, 338
149, 337
149, 336
149, 335
149, 334
149, 333
149, 332
149, 331
149, 330
149, 329
149, 328
150, 327
150, 326
150, 325
150, 324
150, 323
150, 322
150, 321
150, 320
150, 319
150, 318
150, 317
150, 316
150, 315
150, 314
150, 313
150, 312
150, 311
150, 310
150, 309
150, 308
150, 307
150, 306
150, 305
150, 304
150, 303
150, 302
150, 301
150, 300
150, 299
150, 298
150, 297
150, 296
150, 295
150, 294
150, 293
150, 292
150, 291
150, 290
150, 289
150, 288
150, 287
150, 286
150, 285
150, 284
150, 283
151, 282
151, 281
151, 280
151, 279
151, 278
151, 277
151, 276
151, 275
151, 274
151, 273
151, 272
151, 271
151, 270
151, 269
151, 268
151, 267
151, 266
151, 265
151, 264
151, 263
151, 262
151, 261
151, 260
151, 259
151, 258
151, 257
151, 256
151, 255
151, 254
151, 253
151, 252
151, 251
152, 250
152, 249
152, 248
152, 247
152, 246
152, 245
152, 244
152, 243
152, 242
152, 241
152, 240
152, 239
152, 238
152, 237
152, 236
152, 235
152, 234
152, 233
152, 232
152, 231
152, 230
152, 229
152, 228
152, 227
152, 226
152, 225
152, 224
152, 223
152, 222
152, 221
152, 220
152, 219
152, 218
152, 217
152, 216
152, 215
152, 214
153, 213
153, 212
153, 211
153, 210
153, 209
153, 208
153, 207
153, 206
153, 205
153, 204
153, 203
153, 202
153, 201
153, 200
153, 199
153, 198
153, 197
153, 196
153, 195
153, 194
153, 193
153, 192
153, 191
153, 190
153, 189
153, 188
154, 187
154, 186
154, 185
154, 184
154, 183
154, 182
154, 181
154, 180
154, 179
154, 178
154, 177
154, 176
154, 175
154, 174
154, 173
154, 172
154, 171
154, 170
154, 169
154, 168
154, 167
154, 166
154, 165
154, 164
155, 163
155, 162
156, 161
156, 160
156, 159
157, 158
157, 157
158, 156
158, 155
159, 154
159, 153
160, 152
160, 151
161, 150
161, 149
162, 148
162, 147
163, 146
163, 145
164, 144
164, 143
164, 142
165, 141
165, 140
166, 139
166, 138
167, 137
167, 136
168, 135
168, 134
169, 133
169, 132
170, 131
171, 130
171, 129
171, 128
172, 127
172, 126
173, 125
173, 124
174, 123
174, 122
175, 121
175, 120
176, 119
176, 118
177, 117
177, 116
178, 115
178, 114
179, 113
179, 112
180, 111
180, 110
181, 109
181, 108
182, 107
182, 106
182, 105
183, 104
183, 103
184, 102
184, 101
185, 100
185, 99
186, 98
186, 97
187, 96
187, 95
188, 94
188, 93
189, 92
189, 91
190, 90
190, 89
191, 88
191, 87
192, 86
192, 85
192, 84
193, 83
194, 82
194, 81
195, 80
195, 79
195, 78
196, 77
196, 76
197, 75
197, 74
197, 73
198, 72
199, 71
200, 70
201, 69
201, 70
202, 71
203, 72
204, 73
204, 74
204, 75
205, 76
206, 77
206, 78
207, 79
208, 80
208, 81
208, 82
208, 83
209, 84
209, 85
210, 86
210, 87
211, 88
211, 89
212, 90
213, 91
213, 92
214, 93
214, 94
214, 95
215, 96
215, 97
215, 98
214, 99
213, 100
213, 101
213, 102
213, 103
213, 104
213, 105
213, 106
213, 107
213, 108
213, 109
213, 110
213, 111
214, 112
215, 113
215, 114
215, 115
216, 116
216, 117
215, 118
215, 119
215, 120
214, 121
213, 122
213, 123
213, 124
212, 125
212, 126
212, 127
212, 128
212, 129
212, 130
212, 131
213, 132
213, 133
213, 134
213, 135
213, 136
214, 137
214, 138
215, 139
215, 140
215, 141
215, 142
215, 143
215, 144
214, 145
213, 146
213, 147
213, 148
213, 149
213, 150
213, 151
213, 152
213, 153
212, 154
212, 155
212, 156
212, 157
213, 158
213, 159
213, 160
214, 161
214, 162
215, 163
215, 164
215, 165
215, 166
215, 167
214, 167
213, 168
213, 169
213, 170
213, 171
213, 172
212, 173
212, 174
212, 175
212, 176
212, 177
212, 178
212, 179
212, 180
213, 181
213, 182
213, 183
213, 184
214, 185
214, 186
215, 187
214, 188
214, 189
213, 190
213, 191
213, 192
212, 193
212, 194
212, 195
212, 196
212, 197
212, 198
211, 199
211, 200
211, 201
211, 202
211, 203
212, 204
213, 205
213, 206
213, 207
213, 208
214, 209
215, 210
215, 211
214, 212
213, 213
213, 214
213, 215
213, 216
213, 217
212, 218
211, 219
211, 220
211, 221
211, 222
211, 223
211, 224
211, 225
211, 226
211, 227
211, 228
211, 229
212, 230
213, 231
213, 232
213, 233
214, 234
215, 235
214, 236
214, 237
213, 238
213, 239
212, 240
211, 241
211, 242
211, 243
211, 244
211, 245
211, 246
211, 247
211, 248
211, 249
211, 250
211, 251
211, 252
211, 253
211, 254
212, 255
213, 255
213, 256
213, 257
213, 258
213, 259
213, 260
213, 261
213, 262
213, 263
213, 264
212, 265
211, 266
211, 267
211, 268
211, 269
211, 270
211, 271
211, 272
211, 273
211, 274
211, 275
211, 276
211, 277
211, 278
211, 279
212, 280
213, 280
213, 281
213, 282
213, 283
213, 284
213, 285
213, 286
213, 287
213, 288
212, 289
211, 290
211, 291
211, 292
211, 293
211, 294
211, 295
211, 296
211, 297
211, 298
211, 299
211, 300
211, 301
211, 302
211, 303
211, 304
212, 305
213, 305
213, 306
213, 307
213, 308
213, 309
213, 310
213, 311
212, 312
212, 313
211, 314
211, 315
211, 316
211, 317
211, 318
211, 319
211, 320
211, 321
211, 322
211, 323
211, 324
211, 325
211, 326
211, 327
211, 328
211, 329
212, 330
213, 330
213, 331
213, 332
213, 333
213, 334
212, 335
211, 336
211, 337
211, 338
211, 339
211, 340
210, 341
209, 342
209, 343
209, 344
209, 345
209, 346
209, 347
209, 348
210, 349
211, 350
211, 351
211, 352
211, 353
211, 354
211, 355
212, 356
213, 356
213, 357
213, 358
212, 359
211, 360
211, 361
211, 362
211, 363
211, 364
210, 365
209, 366
209, 367
209, 368
209, 369
209, 370
209, 371
209, 372
209, 373
209, 374
209, 375
209, 376
210, 377
211, 377
211, 378
211, 379
211, 380
211, 381
212, 382
211, 383
211, 384
211, 385
211, 386
211, 387
210, 388
209, 389
209, 390
209, 391
209, 392
209, 393
209, 394
209, 395
209, 396
209, 397
209, 398
209, 399
209, 400
209, 401
209, 402
210, 403
211, 404
211, 405
211, 406
211, 407
212, 408
213, 408
213, 409
213, 410
213, 411
213, 412
213, 413
213, 414
213, 415
212, 416
212, 417
211, 417
210, 417
209, 418
209, 419
209, 420
209, 421
210, 422
211, 423
212, 424
213, 424
213, 425
213, 426
212, 427
212, 428
211, 429
210, 429
209, 430
209, 431
209, 432
209, 433
208, 433
207, 434
207, 435
207, 436
207, 437
208, 438
207, 439
207, 440
206, 441
205, 442
204, 443
204, 444
204, 445
203, 446
203, 447
203, 448
204, 449
204, 450
204, 451
204, 452
204, 453
203, 454
203, 455
202, 456
202, 457
202, 458
202, 459
202, 460
202, 461
202, 462
202, 463
202, 464
201, 465
201, 466
201, 467
201, 468
201, 469
201, 470
200, 471
200, 472
200, 473
200, 474
200, 475
200, 476
200, 477
200, 478
200, 479
200, 480
199, 481
199, 482
199, 483
199, 484
199, 485
199, 486
199, 487
199, 488
199, 489
199, 490
199, 491
199, 492
199, 493
199, 494
199, 495
199, 496
199, 497
199, 498
199, 499
199, 500
199, 501
199, 502
200, 503
200, 504
200, 505
200, 506
200, 507
200, 508
200, 509
200, 510
200, 511
200, 512
200, 513
200, 514
200, 515
200, 516
201, 517
201, 518
201, 519
201, 520
201, 521
201, 522
201, 523
201, 524
201, 525
201, 526
201, 527
201, 528
201, 529
201, 530
202, 531
202, 532
202, 533
202, 534
202, 535
202, 536
203, 537
203, 538
203, 539
203, 540
203, 541
203, 542
203, 543
203, 544
203, 545
204, 546
204, 547
204, 548
204, 549
204, 550
204, 551
204, 552
204, 553
204, 554
204, 555
205, 556
205, 557
205, 558
205, 559
206, 560
206, 561
206, 562
206, 563
206, 564
206, 565
206, 566
206, 567
206, 568
207, 569
207, 570
207, 571
207, 572
207, 573
207, 574
208, 575
208, 576
208, 577
208, 578
208, 579
208, 580
208, 581
209, 582
209, 583
209, 584
209, 585
209, 586
209, 587
209, 588
209, 589
210, 590
210, 591
210, 592
210, 593
210, 594
210, 595
210, 596
211, 597
211, 598
211, 599
211, 600
211, 601
211, 602
211, 603
211, 604
212, 605
212, 606
212, 607
212, 608
212, 609
212, 610
212, 611
213, 612
213, 613
213, 614
213, 615
213, 616
213, 617
214, 618
214, 619
214, 620
214, 621
214, 622
214, 623
214, 624
214, 625
215, 626
215, 627
215, 628
215, 629
215, 630
215, 631
215, 632
215, 633
215, 634
216, 635
216, 636
216, 637
216, 638
216, 639
216, 640
217, 641
217, 642
217, 643
217, 644
217, 645
217, 646
217, 647
217, 648
217, 649
218, 650
218, 651
218, 652
218, 653
218, 654
219, 655
219, 656
219, 657
219, 658
219, 659
219, 660
219, 661
219, 662
219, 663
220, 664
220, 665
220, 666
220, 667
220, 668
220, 669
221, 670
221, 671
221, 672
221, 673
221, 674
221, 675
221, 676
221, 677
221, 678
221, 679
221, 680
221, 681
222, 682
222, 683
222, 684
222, 685
222, 686
222, 687
222, 688
222, 689
223, 690
223, 691
223, 692
223, 693
223, 694
223, 695
223, 696
223, 697
223, 698
223, 699
223, 700
223, 701
223, 702
223, 703
223, 704
223, 705
223, 706
223, 707
223, 708
223, 709
222, 710
222, 711
222, 712
222, 713
222, 714
222, 715
222, 716
222, 717
221, 718
221, 719
221, 720
221, 721
221, 722
220, 723
220, 724
219, 725
219, 726
219, 727
218, 728
218, 729
218, 730
217, 731
217, 732
216, 733
216, 734
215, 735
214, 736
214, 737
213, 738
212, 739
211, 740
211, 741
210, 742
210, 743
210, 742
210, 741
209, 740
208, 740
207, 740
206, 741
206, 742
206, 743
206, 744
207, 745
208, 745
209, 745
208, 745
207, 746
207, 747
206, 748
205, 748
204, 749
203, 750
203, 751
202, 752
201, 753
201, 754
200, 754
199, 754
198, 755
197, 756
196, 756
195, 756
194, 757
193, 757
192, 758
192, 759
192, 760
191, 760
190, 760
189, 761
188, 762
188, 763
188, 764
188, 765
187, 766
187, 767
187, 768
187, 769
187, 770
187, 771
188, 772
188, 773
187, 774
186, 773
185, 772
185, 771
185, 770
184, 769
183, 769
182, 769
181, 769
180, 770
179, 771
179, 772
178, 773
178, 774
177, 775
176, 775
175, 775
174, 775
173, 776
173, 777
173, 778
174, 779
175, 779
176, 779
176, 780
175, 781
174, 781
173, 781
172, 781
171, 781
171, 780
170, 779
169, 778
168, 778
167, 778
166, 779
165, 779
164, 780
163, 780
162, 781
161, 781
160, 782
160, 783
159, 783
158, 784
157, 785
156, 785
155, 786
154, 787
153, 788
153, 787
153, 786
153, 785
153, 784
153, 783
153, 782
154, 781
154, 780
154, 779
154, 778
154, 777
155, 776
155, 775
155, 774
155, 773
155, 772
155, 771
155, 770
156, 769
156, 768
156, 767
156, 766
156, 765
156, 764
156, 763
156, 762
156, 761
156, 760
156, 759
156, 758
156, 757
156, 756
156, 755
156, 754
157, 753
157, 752
157, 751
157, 750
157, 749
157, 748
157, 747
157, 746
157, 745
157, 744
158, 743
158, 742
158, 741
158, 740
158, 739
158, 738
158, 737
158, 736
158, 735
158, 734
158, 733
158, 732
158, 731
158, 730
158, 729
158, 728
158, 727
158, 726
158, 725
158, 724
158, 723
158, 722
158, 721
158, 720
158, 719
158, 718
158, 717
158, 716
158, 715
158, 714
158, 713
158, 712
158, 711
158, 710
158, 709
158, 708
158, 707
158, 706
158, 705
158, 704
158, 703
158, 702
158, 701
158, 700
158, 699
158, 698
158, 697
158, 696
158, 695
158, 694
157, 693
158, 692
158, 691
158, 690
158, 689
158, 688
158, 687
158, 686
158, 685
158, 684
158, 683
157, 682
157, 681
158, 680
158, 679
158, 678
158, 677
158, 676
158, 675
158, 674
157, 673
157, 672
158, 671
158, 670
158, 669
158, 668
158, 667
158, 666
158, 665
158, 664
157, 663
157, 662
157, 661
157, 660
157, 659
157, 658
157, 657
157, 656
157, 655
157, 654
158, 653
158, 652
158, 651
157, 650
157, 649
157, 648
157, 647
157, 646
157, 645
157, 644
157, 643
157, 642
157, 641
157, 640
157, 639
157, 638
157, 637
157, 636
157, 635
157, 634
157, 633
157, 632
157, 631
157, 630
157, 629
157, 628
157, 627
157, 626
157, 625
157, 624
157, 623
157, 622
156, 621
157, 620
157, 619
157, 618
157, 617
157, 616
157, 615
157, 614
157, 613
157, 612
157, 611
157, 610
157, 609
157, 608
157, 607
157, 606
156, 605
156, 604
156, 603
156, 602
156, 601
156, 600
156, 599
157, 598
157, 597
157, 596
156, 595
156, 594
156, 593
156, 592
156, 591
156, 590
156, 589
156, 588
156, 587
156, 586
156, 585
156, 584
156, 583
156, 582
156, 581
156, 580
156, 579
156, 578
156, 577
156, 576
156, 575
156, 574
156, 573
156, 572
156, 571
156, 570
156, 569
156, 568
156, 567
156, 566
156, 565
156, 564
156, 563
156, 562
156, 561
156, 560
156, 559
156, 558
156, 557
156, 556
156, 555
156, 554
156, 553
156, 552
156, 551
156, 550
156, 549
156, 548
156, 547
156, 546
156, 545
156, 544
156, 543
156, 542
156, 541
156, 540
156, 539
156, 538
156, 537
156, 536
156, 535
156, 534
156, 533
156, 532
156, 531
156, 530
156, 529
156, 528
156, 527
156, 526
156, 525
156, 524
156, 523
156, 522
156, 521
156, 520
156, 519
156, 518
156, 517
156, 516
156, 515
156, 514
156, 513
156, 512
156, 511
156, 510
156, 509
156, 508
156, 507
156, 506
156, 505
156, 504
156, 503
156, 502
156, 501
156, 500
156, 499
156, 498
156, 497
156, 496
156, 495
155, 494
156, 493
156, 492
156, 491
155, 490
155, 489
155, 488
155, 487
156, 486
156, 485
156, 484
156, 483
156, 482
156, 481
156, 480
156, 479
156, 478
156, 477
156, 476
156, 475
156, 474
156, 473
156, 472
156, 471
156, 470
156, 469
156, 468
156, 467
156, 466
156, 465
156, 464
156, 463
156, 462
156, 461
156, 460
156, 459
156, 458
156, 457
156, 456
156, 455
156, 454
156, 453
156, 452
156, 451
156, 450
156, 449
156, 448
156, 447
156, 446
156, 445
156, 444
156, 443
156, 442
156, 441
156, 440
156, 439
155, 438
155, 437
155, 436
155, 435
155, 434
155, 433
155, 432
154, 431
154, 430
154, 429
154, 428
154, 427
154, 426
154, 425
154, 424
153, 423
153, 422
153, 421
153, 420
152, 419
153, 418
153, 417
153, 416
153, 415
152, 414
152, 413
152, 412
151, 411
151, 410
151, 409
151, 408
151, 407
151, 406
150, 405
149, 404
150, 403
150, 402
150, 401
150, 400
150, 399
149, 398
148, 398
147, 398
146, 397
145, 397
145, 396
