117, 1069
117, 1068
117, 1067
117, 1066
117, 1065
117, 1064
117, 1063
117, 1062
117, 1061
118, 1060
118, 1059
118, 1058
118, 1057
118, 1056
118, 1055
118, 1054
118, 1053
118, 1052
119, 1051
119, 1050
119, 1049
119, 1048
119, 1047
119, 1046
119, 1045
119, 1044
120, 1043
120, 1042
120, 1041
120, 1040
120, 1039
120, 1038
120, 1037
120, 1036
120, 1035
121, 1034
121, 1033
121, 1032
121, 1031
121, 1030
121, 1029
121, 1028
121, 1027
122, 1026
122, 1025
122, 1024
122, 1023
122, 1022
122, 1021
122, 1020
122, 1019
122, 1018
122, 1017
123, 1016
123, 1015
123, 1014
123, 1013
123, 1012
123, 1011
124, 1010
124, 1009
124, 1008
124, 1007
124, 1006
124, 1005
124, 1004
124, 1003
124, 1002
125, 1001
125, 1000
125, 999
125, 998
125, 997
125, 996
125, 995
126, 994
126, 993
126, 992
126, 991
126, 990
126, 989
126, 988
126, 987
126, 986
126, 985
127, 984
127, 983
127, 982
127, 981
127, 980
127, 979
127, 978
128, 977
128, 976
128, 975
128, 974
128, 973
128, 972
128, 971
128, 970
128, 969
129, 968
129, 967
129, 966
129, 965
129, 964
129, 963
129, 962
130, 961
130, 960
130, 959
130, 958
130, 957
130, 956
130, 955
130, 954
130, 953
131, 952
131, 951
131, 950
131, 949
131, 948
131, 947
131, 946
132, 945
132, 944
132, 943
132, 942
132, 941
132, 940
132, 939
132, 938
133, 937
133, 936
133, 935
133, 934
133, 933
133, 932
133, 931
133, 930
134, 929
134, 928
134, 927
134, 926
134, 925
134, 924
134, 923
134, 922
135, 921
135, 920
135, 919
135, 918
135, 917
135, 916
135, 915
136, 914
136, 913
136, 912
136, 911
136, 910
136, 909
136, 908
136, 907
136, 906
137, 905
137, 904
137, 903
137, 902
137, 901
137, 900
137, 899
137, 898
138, 897
138, 896
138, 895
138, 894
138, 893
138, 892
138, 891
138, 890
139, 889
139, 888
139, 887
139, 886
139, 885
139, 884
139, 883
140, 882
140, 881
140, 880
140, 879
140, 878
140, 877
140, 876
140, 875
140, 874
141, 873
141, 872
141, 871
141, 870
141, 869
141, 868
142, 867
142, 866
142, 865
142, 864
142, 863
142, 862
142, 861
142, 860
142, 859
142, 858
143, 857
143, 856
143, 855
143, 854
143, 853
143, 852
144, 851
144, 850
144, 849
144, 848
144, 847
144, 846
144, 845
144, 844
144, 843
145, 842
145, 841
145, 840
145, 839
145, 838
145, 837
145, 836
145, 835
146, 834
146, 833
146, 832
146, 831
146, 830
146, 829
146, 828
146, 827
147, 826
147, 825
147, 824
147, 823
147, 822
147, 821
147, 820
148, 819
148, 818
148, 817
148, 816
148, 815
148, 814
148, 813
148, 812
148, 811
149, 810
149, 809
149, 808
149, 807
149, 806
149, 805
149, 804
149, 803
150, 802
150, 801
150, 800
150, 799
150, 798
150, 797
150, 796
150, 795
151, 794
151, 793
151, 792
151, 791
151, 790
151, 789
152, 788
152, 787
152, 786
152, 785
152, 784
152, 783
152, 782
152, 781
152, 780
153, 779
153, 778
153, 777
153, 776
153, 775
153, 774
153, 773
154, 772
154, 771
154, 770
154, 769
154, 768
154, 767
154, 766
154, 765
154, 764
155, 763
155, 762
155, 761
155, 760
155, 759
155, 758
155, 757
156, 756
156, 755
156, 754
156, 753
156, 752
156, 751
156, 750
156, 749
156, 748
157, 747
157, 746
157, 745
157, 744
157, 743
157, 742
157, 741
158, 740
158, 739
158, 738
158, 737
158, 736
158, 735
158, 734
158, 733
159, 732
159, 731
159, 730
159, 729
159, 728
159, 727
159, 726
160, 725
160, 724
160, 723
160, 722
160, 721
160, 720
160, 719
160, 718
161, 717
161, 716
161, 715
161, 714
161, 713
161, 712
161, 711
161, 710
162, 709
162, 708
162, 707
162, 706
162, 705
162, 704
162, 703
162, 702
163, 701
163, 700
163, 699
163, 698
163, 697
163, 696
164, 695
165, 694
166, 693
167, 693
168, 692
169, 691
170, 691
171, 690
172, 689
172, 688
173, 687
173, 686
174, 685
174, 684
174, 683
174, 682
174, 681
174, 680
174, 679
174, 678
174, 677
174, 676
173, 675
173, 674
173, 673
173, 672
173, 671
173, 670
173, 669
174, 668
174, 667
174, 666
174, 665
175, 664
175, 663
175, 662
176, 661
176, 660
176, 659
176, 658
176, 657
175, 656
175, 655
175, 654
175, 653
175, 652
174, 651
174, 650
174, 649
174, 648
174, 647
174, 646
175, 645
175, 644
175, 643
175, 642
174, 641
174, 640
174, 639
174, 638
173, 637
173, 636
172, 635
171, 635
170, 635
171, 634
171, 633
171, 632
171, 631
171, 630
171, 629
171, 628
171, 627
171, 626
171, 625
171, 624
171, 623
171, 622
171, 621
170, 620
170, 619
170, 618
170, 617
171, 616
171, 615
171, 614
171, 613
171, 612
171, 611
171, 610
171, 609
171, 608
171, 607
171, 606
171, 605
171, 604
171, 603
171, 602
172, 601
172, 600
172, 599
172, 598
172, 597
172, 596
172, 595
172, 594
172, 593
172, 592
173, 591
173, 590
173, 589
173, 588
173, 587
173, 586
173, 585
173, 584
173, 583
173, 582
173, 581
173, 580
173, 579
173, 578
173, 577
173, 576
173, 575
174, 574
174, 573
174, 572
174, 571
174, 570
174, 569
174, 568
174, 567
174, 566
174, 565
175, 564
175, 563
175, 562
175, 561
175, 560
175, 559
175, 558
175, 557
175, 556
175, 555
175, 554
175, 553
175, 552
175, 551
175, 550
175, 549
175, 548
175, 547
175, 546
175, 545
175, 544
175, 543
175, 542
175, 541
176, 540
176, 539
176, 538
176, 537
176, 536
176, 535
176, 534
176, 533
176, 532
176, 531
177, 530
177, 529
177, 528
177, 527
177, 526
177, 525
177, 524
177, 523
177, 522
177, 521
177, 520
177, 519
177, 518
177, 517
177, 516
177, 515
177, 514
177, 513
177, 512
177, 511
177, 510
177, 509
177, 508
177, 507
177, 506
177, 505
177, 504
177, 503
178, 502
178, 501
178, 500
178, 499
178, 498
178, 497
178, 496
178, 495
178, 494
178, 493
178, 492
179, 491
179, 490
179, 489
179, 488
179, 487
179, 486
179, 485
179, 484
179, 483
179, 482
179, 481
179, 480
179, 479
179, 478
179, 477
179, 476
179, 475
179, 474
179, 473
179, 472
179, 471
180, 470
180, 469
180, 468
180, 467
180, 466
180, 465
180, 464
180, 463
180, 462
180, 461
180, 460
180, 459
180, 458
180, 457
181, 456
181, 455
181, 454
181, 453
181, 452
181, 451
181, 450
181, 449
181, 448
181, 447
181, 446
181, 445
181, 444
181, 443
181, 442
181, 441
181, 440
181, 439
181, 438
181, 437
181, 436
181, 435
181, 434
181, 433
181, 432
182, 431
182, 430
182, 429
182, 428
182, 427
182, 426
182, 425
182, 424
182, 423
182, 422
182, 421
182, 420
182, 419
182, 418
182, 417
182, 416
182, 415
182, 414
183, 413
183, 412
183, 411
183, 410
183, 409
183, 408
183, 407
183, 406
183, 405
183, 404
183, 403
183, 402
183, 401
183, 400
183, 399
183, 398
183, 397
183, 396
183, 395
183, 394
183, 393
183, 392
183, 391
183, 390
183, 389
184, 388
184, 387
184, 386
184, 385
184, 384
184, 383
184, 382
184, 381
184, 380
184, 379
184, 378
184, 377
184, 376
184, 375
184, 374
184, 373
184, 372
184, 371
184, 370
185, 369
185, 368
185, 367
185, 366
185, 365
185, 364
185, 363
185, 362
185, 361
185, 360
185, 359
185, 358
185, 357
185, 356
185, 355
185, 354
185, 353
185, 352
185, 351
185, 350
185, 349
185, 348
185, 347
185, 346
186, 345
186, 344
186, 343
186, 342
186, 341
186, 340
186, 339
186, 338
186, 337
186, 336
186, 335
186, 334
186, 333
186, 332
186, 331
186, 330
186, 329
186, 328
186, 327
186, 326
186, 325
186, 324
186, 323
186, 322
186, 321
187, 320
187, 319
187, 318
187, 317
187, 316
187, 315
187, 314
187, 313
187, 312
187, 311
187, 310
187, 309
187, 308
187, 307
187, 306
187, 305
187, 304
187, 303
187, 302
187, 301
187, 300
187, 299
187, 298
188, 297
188, 296
188, 295
188, 294
188, 293
188, 292
188, 291
188, 290
188, 289
188, 288
188, 287
188, 286
189, 285
189, 284
189, 283
189, 282
189, 281
189, 280
189, 279
189, 278
189, 277
189, 276
189, 275
190, 274
190, 273
190, 272
190, 271
190, 270
190, 269
190, 268
191, 267
191, 266
191, 265
192, 264
192, 263
192, 262
192, 261
193, 260
193, 259
193, 258
194, 257
194, 256
195, 256
196, 255
196, 254
196, 253
196, 252
197, 251
197, 250
197, 249
197, 248
198, 247
198, 246
198, 245
199, 244
200, 243
200, 242
201, 242
202, 241
202, 240
203, 239
203, 238
204, 237
205, 236
206, 235
207, 234
208, 233
209, 232
210, 231
211, 231
212, 230
213, 229
214, 228
215, 228
216, 227
217, 226
218, 226
219, 225
220, 224
221, 224
222, 223
223, 223
224, 222
225, 222
226, 221
227, 221
228, 220
229, 220
230, 219
231, 219
232, 219
233, 219
234, 218
235, 218
236, 217
237, 217
238, 217
239, 216
240, 216
241, 216
242, 215
243, 215
244, 215
245, 215
246, 215
247, 214
248, 214
249, 214
250, 214
251, 214
252, 213
253, 213
254, 213
255, 213
256, 213
257, 213
258, 213
259, 213
260, 213
261, 213
262, 213
263, 213
264, 213
265, 213
266, 213
267, 213
268, 213
269, 213
270, 213
271, 213
272, 212
273, 212
273, 213
272, 213
271, 213
270, 214
269, 215
269, 216
269, 217
269, 218
269, 219
269, 220
269, 221
270, 222
270, 223
270, 224
271, 225
272, 225
273, 225
274, 226
275, 226
274, 227
274, 228
273, 229
272, 230
271, 231
271, 232
271, 233
271, 234
272, 235
272, 236
272, 237
273, 238
274, 239
274, 240
274, 241
273, 242
273, 243
272, 244
272, 245
272, 246
272, 247
272, 248
273, 249
273, 250
273, 251
273, 252
273, 253
273, 254
273, 255
272, 256
272, 257
272, 258
272, 259
272, 260
272, 261
272, 262
273, 263
273, 264
273, 265
274, 266
274, 267
274, 268
273, 269
273, 270
272, 271
272, 272
272, 273
272, 274
273, 275
273, 276
273, 277
273, 278
273, 279
274, 280
274, 281
273, 282
273, 283
273, 284
273, 285
273, 286
272, 287
272, 288
271, 289
271, 290
271, 291
272, 292
273, 292
273, 293
273, 294
273, 295
273, 296
273, 297
273, 298
272, 299
272, 300
272, 301
271, 301
270, 302
270, 303
270, 304
271, 305
272, 305
273, 306
273, 307
272, 308
272, 309
271, 309
270, 310
270, 311
270, 312
270, 313
271, 314
271, 315
271, 316
271, 317
272, 318
272, 319
272, 320
272, 321
271, 322
271, 323
271, 324
270, 325
270, 326
270, 327
269, 327
268, 328
268, 329
268, 330
269, 331
270, 332
271, 332
271, 333
271, 334
271, 335
271, 336
271, 337
270, 338
270, 339
270, 340
270, 341
270, 342
270, 343
269, 344
269, 345
269, 346
270, 347
271, 347
271, 348
270, 349
270, 350
269, 351
269, 352
268, 353
268, 354
268, 355
269, 356
270, 357
270, 358
270, 359
270, 360
270, 361
269, 362
269, 363
269, 364
269, 365
268, 366
268, 367
268, 368
268, 369
268, 370
268, 371
269, 372
269, 373
269, 374
269, 375
268, 376
268, 377
268, 378
268, 379
268, 380
268, 381
267, 382
267, 383
267, 384
267, 385
268, 386
268, 387
268, 388
268, 389
267, 390
267, 391
267, 392
267, 393
267, 394
266, 395
265, 395
264, 395
263, 396
263, 397
263, 398
264, 399
265, 399
266, 399
267, 400
267, 401
267, 402
267, 403
267, 404
266, 405
266, 406
265, 407
265, 408
265, 409
264, 409
263, 410
263, 411
263, 412
264, 413
265, 413
265, 414
266, 415
266, 416
266, 417
265, 418
265, 419
265, 420
264, 421
264, 422
264, 423
264, 424
264, 425
264, 426
265, 427
266, 428
266, 429
265, 430
265, 431
265, 432
264, 433
264, 434
263, 435
263, 436
263, 437
264, 438
263, 439
263, 440
263, 441
264, 442
265, 442
265, 443
265, 444
265, 445
264, 445
263, 446
263, 447
262, 448
262, 449
262, 450
262, 451
262, 452
262, 453
262, 454
263, 455
264, 455
264, 456
263, 457
263, 458
263, 459
263, 460
262, 461
261, 462
261, 463
261, 464
260, 464
259, 464
258, 465
258, 466
258, 467
259, 468
260, 468
261, 468
262, 467
262, 466
262, 467
261, 468
261, 469
261, 470
262, 471
262, 472
262, 473
261, 474
261, 475
261, 476
260, 477
260, 478
260, 479
259, 480
259, 481
259, 482
260, 483
261, 483
262, 483
262, 484
262, 485
262, 486
261, 487
261, 488
260, 489
260, 490
260, 491
259, 492
258, 493
258, 494
258, 495
259, 496
260, 496
260, 497
261, 498
261, 499
261, 500
260, 501
260, 502
259, 503
258, 504
258, 505
257, 506
257, 507
257, 508
257, 509
257, 510
258, 511
259, 511
259, 512
260, 513
260, 514
260, 515
260, 516
259, 516
258, 517
257, 518
257, 519
256, 520
256, 521
256, 522
257, 523
257, 524
257, 525
258, 526
259, 526
259, 527
259, 528
259, 529
259, 530
258, 530
257, 530
256, 531
256, 532
256, 533
256, 534
255, 535
255, 536
255, 537
255, 538
255, 539
256, 540
257, 540
257, 541
258, 542
258, 543
258, 544
257, 544
256, 545
256, 546
255, 547
255, 548
255, 549
255, 550
255, 551
255, 552
255, 553
256, 554
257, 555
258, 555
258, 556
257, 557
257, 558
257, 559
256, 560
255, 560
254, 561
254, 562
254, 563
254, 564
254, 565
254, 566
254, 567
255, 568
255, 569
256, 570
257, 571
257, 572
257, 573
257, 574
256, 574
255, 574
254, 575
254, 576
254, 577
254, 578
254, 579
254, 580
254, 581
254, 582
253, 582
252, 582
251, 583
251, 584
251, 585
252, 586
253, 586
254, 586
255, 586
256, 587
256, 588
255, 589
254, 590
254, 591
254, 592
254, 593
253, 594
253, 595
253, 596
253, 597
253, 598
253, 599
252, 599
251, 600
250, 600
249, 600
248, 601
248, 602
247, 602
246, 602
245, 602
244, 603
244, 604
244, 605
245, 606
246, 606
247, 606
246, 607
245, 608
245, 609
245, 610
244, 611
243, 611
242, 611
241, 612
240, 613
240, 614
240, 615
239, 616
238, 616
237, 616
236, 616
236, 615
236, 614
235, 613
234, 613
233, 613
232, 614
232, 615
231, 616
231, 617
231, 618
232, 619
231, 620
231, 621
231, 622
231, 623
230, 624
229, 625
229, 626
229, 627
229, 628
229, 629
229, 630
229, 631
229, 632
228, 633
228, 634
228, 635
227, 636
227, 637
227, 638
226, 638
225, 639
225, 640
225, 641
225, 642
224, 643
224, 644
224, 645
224, 646
224, 647
224, 648
224, 649
223, 650
223, 651
223, 652
222, 653
222, 654
221, 655
221, 656
221, 657
220, 658
220, 659
220, 660
220, 661
219, 662
219, 663
219, 664
219, 665
219, 666
219, 667
219, 668
219, 669
219, 670
219, 671
219, 672
219, 673
220, 674
219, 675
219, 676
219, 677
218, 678
218, 679
218, 680
218, 681
218, 682
217, 683
217, 684
217, 685
217, 686
217, 687
216, 688
216, 689
216, 690
216, 691
217, 692
217, 693
218, 694
219, 694
220, 695
221, 695
222, 696
223, 696
224, 696
224, 697
225, 698
226, 699
227, 700
227, 701
227, 702
227, 703
227, 704
227, 705
227, 706
227, 707
227, 708
227, 709
227, 710
227, 711
227, 712
227, 713
227, 714
227, 715
227, 716
227, 717
227, 718
227, 719
227, 720
227, 721
227, 722
227, 723
227, 724
227, 725
227, 726
227, 727
227, 728
227, 729
227, 730
227, 731
227, 732
227, 733
227, 734
226, 734
225, 735
225, 736
225, 737
225, 738
225, 739
225, 740
225, 741
225, 742
225, 743
225, 744
226, 745
226, 746
226, 747
226, 748
226, 749
226, 750
225, 751
225, 752
225, 753
225, 754
225, 755
225, 756
225, 757
225, 758
225, 759
225, 760
225, 761
225, 762
225, 763
225, 764
225, 765
225, 766
225, 767
225, 768
225, 769
225, 770
225, 771
225, 772
225, 773
225, 774
225, 775
225, 776
225, 777
225, 778
225, 779
224, 779
223, 780
223, 781
223, 782
223, 783
223, 784
223, 785
223, 786
223, 787
223, 788
223, 789
223, 790
224, 791
223, 792
223, 793
223, 794
223, 795
223, 796
224, 797
223, 798
223, 799
223, 800
223, 801
223, 802
223, 803
223, 804
223, 805
223, 806
223, 807
223, 808
223, 809
223, 810
223, 811
223, 812
223, 813
223, 814
223, 815
223, 816
223, 817
223, 818
223, 819
223, 820
223, 821
223, 822
223, 823
223, 824
222, 824
221, 825
221, 826
221, 827
221, 828
221, 829
221, 830
221, 831
221, 832
221, 833
221, 834
221, 835
221, 836
221, 837
221, 838
221, 839
222, 840
222, 841
222, 842
222, 843
221, 844
221, 845
221, 846
221, 847
221, 848
221, 849
221, 850
221, 851
221, 852
221, 853
221, 854
221, 855
221, 856
221, 857
221, 858
221, 859
221, 860
221, 861
221, 862
221, 863
221, 864
221, 865
221, 866
221, 867
221, 868
221, 869
221, 870
220, 870
219, 871
219, 872
219, 873
219, 874
219, 875
219, 876
219, 877
219, 878
219, 879
219, 880
219, 881
219, 882
219, 883
219, 884
220, 885
220, 886
220, 887
220, 888
219, 889
219, 890
219, 891
219, 892
219, 893
219, 894
219, 895
219, 896
219, 897
219, 898
219, 899
219, 900
219, 901
219, 902
219, 903
219, 904
219, 905
219, 906
219, 907
219, 908
219, 909
219, 910
219, 911
219, 912
219, 913
219, 914
219, 915
219, 916
219, 917
218, 917
217, 918
217, 919
217, 920
217, 921
217, 922
217, 923
217, 924
217, 925
217, 926
217, 927
217, 928
218, 929
218, 930
218, 931
218, 932
218, 933
218, 934
217, 935
217, 936
217, 937
217, 938
217, 939
217, 940
217, 941
217, 942
217, 943
217, 944
217, 945
217, 946
217, 947
217, 948
217, 949
217, 950
217, 951
217, 952
217, 953
217, 954
217, 955
217, 956
217, 957
217, 958
217, 959
217, 960
217, 961
217, 962
216, 962
215, 963
215, 964
215, 965
215, 966
215, 967
215, 968
215, 969
215, 970
215, 971
215, 972
215, 973
216, 974
215, 975
215, 976
215, 977
215, 978
216, 979
216, 980
216, 981
216, 982
216, 983
216, 984
216, 985
215, 986
215, 987
215, 988
215, 989
215, 990
215, 991
215, 992
215, 993
215, 994
215, 995
215, 996
215, 997
215, 998
215, 999
215, 1000
215, 1001
215, 1002
215, 1003
215, 1004
215, 1005
215, 1006
215, 1007
215, 1008
214, 1008
213, 1009
213, 1010
213, 1011
213, 1012
213, 1013
213, 1014
213, 1015
213, 1016
213, 1017
213, 1018
213, 1019
213, 1020
214, 1021
213, 1022
213, 1023
213, 1024
213, 1025
213, 1026
213, 1027
213, 1028
213, 1029
213, 1030
213, 1031
213, 1032
213, 1033
213, 1034
213, 1035
213, 1036
213, 1037
213, 1038
213, 1039
213, 1040
213, 1041
213, 1042
213, 1043
213, 1044
213, 1045
213, 1046
213, 1047
213, 1048
212, 1048
211, 1049
211, 1050
211, 1051
211, 1052
211, 1053
211, 1054
211, 1055
211, 1056
211, 1057
211, 1058
211, 1059
211, 1060
212, 1061
211, 1062
211, 1063
211, 1064
212, 1065
212, 1066
212, 1067
212, 1068
212, 1069
211, 1070
211, 1071
211, 1072
211, 1073
211, 1074
211, 1075
211, 1076
211, 1077
210, 1077
209, 1078
209, 1079
209, 1080
210, 1081
210, 1082
209, 1083
209, 1084
208, 1085
208, 1086
207, 1087
206, 1088
206, 1089
205, 1090
204, 1090
203, 1091
203, 1092
202, 1092
201, 1093
200, 1094
199, 1094
198, 1095
197, 1096
196, 1096
195, 1097
194, 1097
193, 1098
192, 1098
191, 1098
190, 1098
189, 1099
188, 1099
187, 1099
186, 1099
185, 1100
185, 1101
185, 1102
186, 1103
187, 1103
188, 1103
189, 1103
188, 1104
188, 1105
187, 1105
186, 1106
185, 1106
184, 1107
183, 1107
182, 1108
181, 1108
180, 1108
179, 1109
178, 1109
177, 1109
176, 1109
175, 1109
174, 1110
173, 1110
172, 1110
171, 1110
170, 1110
169, 1110
168, 1110
167, 1110
166, 1110
165, 1110
164, 1110
163, 1110
162, 1110
161, 1110
160, 1110
159, 1110
158, 1110
157, 1109
156, 1109
155, 1109
154, 1109
153, 1108
152, 1108
151, 1107
150, 1107
149, 1107
148, 1106
147, 1105
146, 1104
145, 1104
144, 1103
143, 1102
143, 1101
144, 1101
145, 1100
145, 1099
145, 1098
144, 1097
143, 1097
142, 1097
141, 1097
140, 1096
139, 1096
138, 1096
137, 1096
136, 1096
135, 1095
134, 1095
133, 1095
132, 1094
131, 1094
130, 1094
129, 1093
128, 1093
127, 1092
126, 1091
125, 1090
124, 1090
123, 1089
122, 1088
122, 1087
121, 1086
120, 1085
120, 1084
119, 1083
119, 1082
118, 1081
118, 1080
118, 1079
117, 1078
117, 1077
117, 1076
117, 1075
117, 1074
117, 1073
117, 1072
116, 1071
116, 1070
