101, 950
101, 949
101, 948
102, 947
102, 946
102, 945
102, 944
101, 943
102, 942
102, 941
102, 940
102, 939
102, 938
103, 937
103, 936
103, 935
103, 934
103, 933
103, 932
104, 931
104, 930
104, 929
104, 928
104, 927
104, 926
104, 925
104, 924
105, 923
105, 922
105, 921
105, 920
106, 919
106, 918
106, 917
106, 916
106, 915
106, 914
107, 913
107, 912
107, 911
107, 910
107, 909
107, 908
107, 907
108, 906
108, 905
108, 904
108, 903
109, 902
109, 901
109, 900
109, 899
109, 898
109, 897
109, 896
109, 895
109, 894
110, 893
110, 892
111, 891
111, 890
111, 889
111, 888
111, 887
111, 886
111, 885
111, 884
112, 883
112, 882
112, 881
112, 880
112, 879
112, 878
113, 878
114, 877
114, 876
114, 875
114, 874
114, 873
114, 872
114, 871
114, 870
114, 869
114, 868
115, 868
116, 867
116, 866
116, 865
116, 864
116, 863
116, 862
116, 861
117, 860
117, 859
117, 858
117, 857
117, 856
117, 855
118, 854
118, 853
118, 852
118, 851
119, 850
119, 849
119, 848
120, 847
120, 846
120, 845
120, 844
120, 843
120, 842
120, 841
120, 840
120, 839
121, 838
121, 837
121, 836
121, 835
122, 834
122, 833
122, 832
122, 831
122, 830
122, 829
122, 828
123, 827
123, 826
123, 825
123, 824
123, 823
123, 822
124, 821
124, 820
124, 819
124, 818
125, 817
125, 816
125, 815
125, 814
125, 813
125, 812
125, 811
126, 810
126, 809
126, 808
126, 807
126, 806
127, 805
127, 804
127, 803
127, 802
127, 801
127, 800
127, 799
127, 798
127, 797
127, 796
128, 795
128, 794
128, 793
128, 792
128, 791
128, 790
128, 789
129, 788
129, 787
129, 786
129, 785
130, 784
130, 783
130, 782
130, 781
130, 780
129, 779
130, 778
131, 777
131, 776
131, 775
131, 774
131, 773
131, 772
132, 771
132, 770
132, 769
132, 768
132, 767
132, 766
133, 765
133, 764
133, 763
132, 762
132, 761
133, 760
133, 759
134, 758
134, 757
134, 756
134, 755
134, 754
134, 753
134, 752
134, 751
134, 750
135, 749
135, 748
135, 747
135, 746
135, 745
135, 744
136, 743
136, 742
136, 741
136, 740
136, 739
136, 738
136, 737
136, 736
136, 735
137, 734
137, 733
137, 732
137, 731
137, 730
137, 729
137, 728
137, 727
138, 726
138, 725
138, 724
138, 723
138, 722
138, 721
138, 720
139, 719
139, 718
139, 717
139, 716
139, 715
139, 714
139, 713
139, 712
139, 711
139, 710
140, 709
140, 708
140, 707
140, 706
140, 705
140, 704
141, 703
141, 702
141, 701
141, 700
141, 699
141, 698
141, 697
141, 696
141, 695
142, 694
142, 693
142, 692
142, 691
142, 690
141, 689
142, 688
142, 687
143, 686
143, 685
143, 684
143, 683
143, 682
143, 681
143, 680
144, 679
144, 678
144, 677
144, 676
144, 675
145, 674
145, 673
145, 672
145, 671
145, 670
145, 669
144, 668
145, 667
145, 666
145, 665
145, 664
145, 663
146, 662
146, 661
146, 660
146, 659
146, 658
146, 657
146, 656
147, 655
147, 654
147, 653
147, 652
147, 651
147, 650
147, 649
147, 648
148, 647
148, 646
148, 645
148, 644
148, 643
148, 642
148, 641
148, 640
148, 639
148, 638
148, 637
149, 636
149, 635
149, 634
149, 633
149, 632
149, 631
149, 630
150, 629
150, 628
150, 627
150, 626
150, 625
150, 624
150, 623
150, 622
150, 621
151, 620
151, 619
151, 618
151, 617
151, 616
151, 615
151, 614
152, 613
152, 612
152, 611
152, 610
152, 609
152, 608
152, 607
152, 606
152, 605
152, 604
152, 603
152, 602
152, 601
152, 600
152, 599
152, 598
153, 597
153, 596
153, 595
153, 594
153, 593
153, 592
153, 591
153, 590
154, 589
154, 588
154, 587
154, 586
154, 585
154, 584
154, 583
154, 582
154, 581
154, 580
154, 579
154, 578
154, 577
154, 576
155, 575
155, 574
155, 573
155, 572
155, 571
155, 570
155, 569
155, 568
155, 567
155, 566
155, 565
155, 564
155, 563
155, 562
155, 561
156, 560
156, 559
156, 558
156, 557
157, 556
157, 555
157, 554
157, 553
157, 552
157, 551
156, 550
156, 549
157, 548
157, 547
157, 546
157, 545
157, 544
157, 543
157, 542
157, 541
157, 540
157, 539
157, 538
157, 537
157, 536
157, 535
157, 534
157, 533
157, 532
158, 531
158, 530
158, 529
158, 528
158, 527
158, 526
158, 525
158, 524
158, 523
158, 522
158, 521
158, 520
158, 519
158, 518
158, 517
159, 516
159, 515
159, 514
158, 513
159, 512
159, 511
159, 510
158, 509
158, 508
159, 507
159, 506
159, 505
159, 504
159, 503
159, 502
159, 501
159, 500
159, 499
159, 498
159, 497
159, 496
159, 495
159, 494
159, 493
159, 492
160, 491
160, 490
160, 489
160, 488
160, 487
160, 486
161, 485
161, 484
161, 483
161, 482
161, 481
161, 480
161, 479
161, 478
161, 477
162, 476
162, 475
162, 474
162, 473
162, 472
162, 471
162, 470
161, 469
162, 468
162, 467
163, 466
163, 465
163, 464
162, 463
163, 462
163, 461
163, 460
162, 459
161, 459
162, 458
162, 457
162, 456
162, 455
162, 454
162, 453
162, 452
162, 451
161, 450
161, 449
161, 448
161, 447
160, 446
160, 445
160, 444
160, 443
160, 442
160, 441
160, 440
160, 439
160, 438
160, 437
160, 436
160, 435
160, 434
160, 433
160, 432
160, 431
161, 430
161, 429
161, 428
161, 427
161, 426
161, 425
161, 424
161, 423
161, 422
161, 421
161, 420
161, 419
161, 418
161, 417
161, 416
161, 415
162, 414
162, 413
162, 412
162, 411
162, 410
162, 409
162, 408
162, 407
162, 406
162, 405
162, 404
162, 403
162, 402
162, 401
162, 400
162, 399
162, 398
162, 397
162, 396
162, 395
162, 394
162, 393
163, 392
163, 391
163, 390
163, 389
163, 388
163, 387
163, 386
163, 385
163, 384
163, 383
163, 382
163, 381
163, 380
163, 379
163, 378
163, 377
164, 376
164, 375
164, 374
164, 373
164, 372
164, 371
164, 370
164, 369
164, 368
164, 367
164, 366
164, 365
164, 364
164, 363
165, 362
165, 361
165, 360
165, 359
165, 358
165, 357
165, 356
165, 355
165, 354
165, 353
165, 352
165, 351
165, 350
165, 349
165, 348
166, 347
166, 346
166, 345
166, 344
166, 343
166, 342
166, 341
166, 340
166, 339
166, 338
166, 337
166, 336
166, 335
166, 334
166, 333
166, 332
166, 331
166, 330
166, 329
166, 328
166, 327
166, 326
166, 325
166, 324
166, 323
166, 322
166, 321
166, 320
166, 319
166, 318
166, 317
166, 316
166, 315
166, 314
166, 313
167, 312
167, 311
167, 310
167, 309
167, 308
167, 307
167, 306
167, 305
167, 304
167, 303
167, 302
167, 301
167, 300
167, 299
167, 298
167, 297
167, 296
167, 295
167, 294
167, 293
167, 292
167, 291
167, 290
167, 289
167, 288
167, 287
167, 286
167, 285
167, 284
167, 283
167, 282
167, 281
167, 280
167, 279
167, 278
167, 277
167, 276
167, 275
167, 274
167, 273
167, 272
168, 271
168, 270
168, 269
168, 268
168, 267
168, 266
168, 265
168, 264
168, 263
168, 262
168, 261
168, 260
168, 259
168, 258
168, 257
168, 256
168, 255
168, 254
168, 253
168, 252
168, 251
168, 250
168, 249
168, 248
168, 247
169, 246
169, 245
169, 244
168, 243
169, 242
169, 241
169, 240
169, 239
169, 238
169, 237
169, 236
169, 235
169, 234
169, 233
169, 232
169, 231
169, 230
169, 229
169, 228
169, 227
169, 226
169, 225
169, 224
169, 223
169, 222
169, 221
169, 220
170, 219
170, 218
170, 217
170, 216
170, 215
170, 214
170, 213
170, 212
170, 211
170, 210
170, 209
170, 208
170, 207
170, 206
170, 205
170, 204
170, 203
170, 202
170, 201
170, 200
170, 199
170, 198
170, 197
170, 196
170, 195
170, 194
170, 193
170, 192
170, 191
170, 190
171, 189
171, 188
171, 187
171, 186
171, 185
171, 184
171, 183
171, 182
171, 181
171, 180
171, 179
171, 178
171, 177
171, 176
171, 175
171, 174
171, 173
171, 172
171, 171
171, 170
171, 169
171, 168
172, 167
172, 166
172, 165
172, 164
172, 163
172, 162
172, 161
172, 160
172, 159
172, 158
172, 157
172, 156
172, 155
172, 154
172, 153
172, 152
172, 151
172, 150
172, 149
172, 148
172, 147
173, 146
173, 145
173, 144
173, 143
173, 142
173, 141
173, 140
173, 139
173, 138
173, 137
173, 136
173, 135
173, 134
173, 133
173, 132
173, 131
173, 130
174, 129
174, 128
174, 127
174, 126
174, 125
174, 124
174, 123
174, 122
174, 121
174, 120
174, 119
174, 118
174, 117
174, 116
174, 115
175, 114
175, 113
175, 112
175, 111
175, 110
175, 109
175, 108
175, 107
175, 106
176, 105
176, 104
176, 103
176, 102
176, 101
176, 100
176, 99
177, 98
177, 97
177, 96
178, 95
178, 94
178, 93
179, 92
179, 91
179, 90
180, 89
180, 88
181, 88
182, 87
183, 87
184, 87
185, 87
186, 87
187, 86
188, 86
189, 86
190, 86
191, 86
192, 86
193, 86
194, 86
195, 86
196, 86
197, 86
198, 86
199, 86
200, 86
201, 86
202, 86
203, 86
204, 86
205, 87
206, 88
207, 88
208, 88
209, 89
210, 90
211, 90
212, 90
213, 90
214, 90
215, 91
215, 92
216, 93
216, 94
217, 95
218, 95
219, 96
220, 96
220, 97
221, 98
221, 99
221, 100
222, 101
223, 102
224, 102
224, 103
225, 104
226, 105
226, 106
226, 107
227, 108
228, 108
228, 109
228, 110
229, 111
230, 111
230, 112
230, 113
230, 114
231, 115
232, 115
232, 116
232, 117
232, 118
233, 119
234, 119
234, 120
234, 121
234, 122
235, 123
236, 124
236, 125
237, 126
237, 127
237, 128
238, 129
238, 130
238, 131
238, 132
239, 133
240, 134
240, 135
240, 136
240, 137
241, 138
241, 139
241, 140
242, 141
242, 142
242, 143
242, 144
242, 145
243, 146
243, 147
244, 148
244, 149
244, 150
244, 151
244, 152
244, 153
245, 154
245, 155
246, 156
246, 157
246, 158
246, 159
247, 160
247, 161
247, 162
247, 163
248, 164
248, 165
248, 166
248, 167
248, 168
248, 169
248, 170
248, 171
248, 172
249, 173
250, 174
250, 175
250, 176
250, 177
250, 178
250, 179
250, 180
250, 181
250, 182
250, 183
250, 184
250, 185
250, 186
251, 187
251, 188
251, 189
252, 190
252, 191
252, 192
252, 193
252, 194
252, 195
252, 196
252, 197
252, 198
252, 199
252, 200
253, 201
253, 202
252, 203
252, 204
252, 205
253, 206
253, 207
253, 208
254, 209
254, 210
254, 211
254, 212
254, 213
254, 214
254, 215
254, 216
254, 217
254, 218
254, 219
254, 220
254, 221
254, 222
254, 223
254, 224
254, 225
254, 226
254, 227
255, 228
255, 229
255, 230
255, 231
255, 232
255, 233
255, 234
255, 235
255, 236
255, 237
255, 238
256, 239
256, 240
255, 241
255, 242
255, 243
256, 244
256, 245
256, 246
255, 247
255, 248
255, 249
256, 250
256, 251
256, 252
256, 253
256, 254
256, 255
256, 256
256, 257
256, 258
256, 259
256, 260
256, 261
256, 262
256, 263
256, 264
256, 265
256, 266
256, 267
256, 268
256, 269
256, 270
255, 271
255, 272
255, 273
254, 274
254, 275
254, 276
255, 277
254, 278
254, 279
254, 280
254, 281
254, 282
254, 283
254, 284
254, 285
254, 286
254, 287
254, 288
254, 289
254, 290
254, 291
254, 292
254, 293
254, 294
254, 295
253, 296
253, 297
253, 298
253, 299
253, 300
253, 301
253, 302
252, 303
252, 304
252, 305
252, 306
252, 307
252, 308
252, 309
252, 310
252, 311
252, 312
252, 313
252, 314
253, 315
253, 316
253, 317
253, 318
252, 319
252, 320
252, 321
252, 322
252, 323
252, 324
252, 325
252, 326
251, 327
251, 328
251, 329
251, 330
251, 331
250, 332
250, 333
250, 334
250, 335
250, 336
250, 337
250, 338
249, 339
249, 340
249, 341
249, 342
249, 343
248, 344
248, 345
248, 346
248, 347
248, 348
247, 349
247, 350
247, 351
247, 352
246, 353
246, 354
246, 355
246, 356
246, 357
245, 358
245, 359
245, 360
245, 361
245, 362
244, 363
244, 364
244, 365
244, 366
244, 367
243, 368
243, 369
242, 370
242, 371
242, 372
242, 373
242, 374
242, 375
241, 376
241, 377
241, 378
241, 379
240, 380
240, 381
240, 382
239, 383
239, 384
239, 385
238, 386
238, 387
238, 388
238, 389
238, 390
237, 391
237, 392
237, 393
236, 394
236, 395
236, 396
235, 397
235, 398
235, 399
234, 400
234, 401
234, 402
234, 403
233, 404
232, 405
232, 406
232, 407
232, 408
232, 409
232, 410
231, 411
230, 412
230, 413
230, 414
230, 415
230, 416
229, 417
229, 418
229, 419
228, 420
228, 421
228, 422
227, 423
227, 424
227, 425
226, 426
226, 427
226, 428
226, 429
225, 430
225, 431
224, 432
224, 433
224, 434
223, 435
223, 436
223, 437
223, 438
222, 439
222, 440
222, 441
221, 442
221, 443
221, 444
220, 445
220, 446
219, 447
219, 448
218, 449
218, 450
218, 451
217, 452
217, 453
216, 454
215, 455
214, 456
214, 457
213, 457
212, 458
212, 459
212, 460
211, 461
211, 462
210, 463
210, 464
209, 465
209, 466
208, 467
208, 468
208, 469
207, 470
207, 471
207, 472
207, 473
207, 474
207, 475
207, 476
207, 477
207, 478
207, 479
207, 480
207, 481
206, 482
206, 483
205, 484
205, 485
205, 486
205, 487
205, 488
205, 489
205, 490
205, 491
205, 492
204, 493
204, 494
204, 495
203, 496
203, 497
203, 498
203, 499
203, 500
203, 501
203, 502
202, 503
202, 504
201, 505
201, 506
201, 507
201, 508
201, 509
201, 510
201, 511
201, 512
201, 513
200, 514
200, 515
200, 516
200, 517
200, 518
200, 519
200, 520
199, 521
199, 522
199, 523
199, 524
199, 525
199, 526
199, 527
199, 528
199, 529
199, 530
199, 531
198, 532
198, 533
198, 534
198, 535
198, 536
198, 537
198, 538
198, 539
197, 540
197, 541
197, 542
197, 543
197, 544
197, 545
196, 546
196, 547
196, 548
196, 549
196, 550
196, 551
196, 552
196, 553
196, 554
196, 555
196, 556
195, 557
195, 558
195, 559
195, 560
195, 561
195, 562
194, 563
194, 564
194, 565
195, 566
194, 567
194, 568
194, 569
194, 570
194, 571
194, 572
194, 573
194, 574
193, 575
193, 576
193, 577
193, 578
193, 579
193, 580
193, 581
193, 582
193, 583
193, 584
192, 585
192, 586
192, 587
192, 588
192, 589
192, 590
192, 591
192, 592
191, 593
191, 594
191, 595
191, 596
191, 597
191, 598
191, 599
191, 600
191, 601
191, 602
191, 603
191, 604
191, 605
191, 606
191, 607
190, 608
190, 609
190, 610
190, 611
190, 612
190, 613
190, 614
190, 615
190, 616
190, 617
189, 618
189, 619
189, 620
189, 621
189, 622
189, 623
189, 624
189, 625
188, 626
188, 627
188, 628
188, 629
188, 630
188, 631
188, 632
188, 633
188, 634
188, 635
188, 636
188, 637
188, 638
187, 639
187, 640
187, 641
187, 642
187, 643
187, 644
187, 645
187, 646
187, 647
187, 648
186, 649
186, 650
186, 651
186, 652
186, 653
186, 654
186, 655
186, 656
186, 657
186, 658
185, 659
185, 660
185, 661
185, 662
185, 663
185, 664
185, 665
185, 666
185, 667
185, 668
185, 669
184, 670
184, 671
184, 672
184, 673
184, 674
184, 675
184, 676
184, 677
183, 678
183, 679
183, 680
183, 681
183, 682
183, 683
183, 684
183, 685
183, 686
183, 687
183, 688
183, 689
183, 690
183, 691
182, 692
182, 693
182, 694
182, 695
182, 696
182, 697
182, 698
182, 699
182, 700
182, 701
181, 702
181, 703
181, 704
181, 705
181, 706
181, 707
181, 708
181, 709
181, 710
181, 711
181, 712
181, 713
181, 714
181, 715
181, 716
180, 717
180, 718
180, 719
180, 720
180, 721
180, 722
180, 723
180, 724
179, 725
179, 726
179, 727
180, 728
180, 729
180, 730
180, 731
180, 732
179, 733
179, 734
179, 735
179, 736
179, 737
179, 738
179, 739
179, 740
179, 741
178, 742
178, 743
178, 744
178, 745
178, 746
178, 747
178, 748
178, 749
178, 750
178, 751
177, 752
177, 753
177, 754
177, 755
177, 756
177, 757
177, 758
177, 759
177, 760
177, 761
177, 762
177, 763
177, 764
177, 765
176, 766
176, 767
176, 768
176, 769
176, 770
176, 771
176, 772
176, 773
176, 774
176, 775
176, 776
176, 777
176, 778
176, 779
176, 780
175, 781
175, 782
175, 783
175, 784
175, 785
175, 786
175, 787
175, 788
175, 789
175, 790
175, 791
175, 792
175, 793
175, 794
175, 795
175, 796
175, 797
175, 798
175, 799
174, 800
174, 801
174, 802
174, 803
174, 804
174, 805
174, 806
174, 807
174, 808
174, 809
174, 810
174, 811
174, 812
174, 813
174, 814
174, 815
174, 816
174, 817
174, 818
174, 819
173, 820
173, 821
173, 822
173, 823
173, 824
173, 825
173, 826
173, 827
173, 828
173, 829
173, 830
173, 831
173, 832
173, 833
173, 834
173, 835
173, 836
173, 837
173, 838
173, 839
173, 840
173, 841
173, 842
173, 843
173, 844
173, 845
173, 846
173, 847
173, 848
173, 849
173, 850
173, 851
172, 852
172, 853
172, 854
172, 855
172, 856
172, 857
172, 858
172, 859
172, 860
172, 861
172, 862
172, 863
172, 864
172, 865
172, 866
172, 867
172, 868
172, 869
172, 870
172, 871
172, 872
172, 873
172, 874
172, 875
172, 876
172, 877
172, 878
172, 879
172, 880
172, 881
172, 882
172, 883
172, 884
172, 885
172, 886
172, 887
172, 888
172, 889
172, 890
172, 891
172, 892
172, 893
172, 894
172, 895
172, 896
171, 897
171, 898
171, 899
171, 900
171, 901
171, 902
171, 903
171, 904
171, 905
171, 906
171, 907
171, 908
171, 909
171, 910
171, 911
171, 912
171, 913
171, 914
171, 915
170, 916
170, 917
170, 918
170, 919
170, 920
170, 921
170, 922
170, 923
170, 924
170, 925
170, 926
170, 927
170, 928
170, 929
170, 930
170, 931
170, 932
170, 933
170, 934
170, 935
170, 936
170, 937
170, 938
170, 939
170, 940
170, 941
170, 942
170, 943
169, 944
169, 945
169, 946
169, 947
168, 948
168, 949
168, 950
168, 951
168, 952
168, 953
168, 954
168, 955
168, 956
168, 957
168, 958
167, 959
167, 960
167, 961
166, 962
166, 963
166, 964
166, 965
166, 966
166, 967
166, 968
166, 969
166, 970
165, 971
165, 972
165, 973
165, 974
165, 975
165, 976
164, 977
163, 978
162, 979
161, 980
160, 980
159, 981
159, 982
159, 983
159, 984
158, 985
157, 986
156, 986
155, 986
154, 987
153, 987
152, 987
151, 988
150, 988
149, 988
148, 988
147, 988
146, 989
145, 989
144, 989
143, 990
142, 990
141, 990
140, 989
139, 989
138, 989
137, 989
136, 989
135, 989
134, 989
133, 989
132, 989
131, 988
130, 988
129, 988
128, 988
127, 987
126, 987
125, 986
124, 986
123, 985
122, 985
121, 985
120, 985
119, 984
118, 983
119, 983
120, 983
121, 983
122, 984
123, 984
124, 984
125, 983
125, 982
125, 981
124, 980
123, 980
122, 980
121, 979
120, 979
119, 978
118, 978
117, 978
116, 977
115, 977
114, 977
113, 976
112, 976
112, 975
111, 974
110, 974
109, 974
108, 973
107, 972
106, 971
105, 970
104, 969
103, 968
102, 967
102, 966
102, 965
101, 964
101, 963
101, 962
101, 961
101, 960
101, 959
101, 958
101, 957
100, 956
100, 955
100, 954
100, 953
100, 952
100, 951
