157, 1049
157, 1048
157, 1047
157, 1046
157, 1045
157, 1044
157, 1043
157, 1042
157, 1041
157, 1040
157, 1039
157, 1038
157, 1037
157, 1036
157, 1035
158, 1034
158, 1033
158, 1032
158, 1031
158, 1030
158, 1029
158, 1028
158, 1027
159, 1026
159, 1025
159, 1024
159, 1023
159, 1022
159, 1021
159, 1020
159, 1019
159, 1018
159, 1017
159, 1016
159, 1015
159, 1014
160, 1013
160, 1012
160, 1011
160, 1010
161, 1009
161, 1008
161, 1007
161, 1006
161, 1005
161, 1004
161, 1003
161, 1002
161, 1001
161, 1000
161, 999
161, 998
161, 997
161, 996
162, 995
162, 994
162, 993
162, 992
162, 991
162, 990
163, 989
163, 988
163, 987
163, 986
163, 985
163, 984
163, 983
163, 982
163, 981
163, 980
163, 979
163, 978
164, 977
164, 976
164, 975
164, 974
164, 973
164, 972
164, 971
164, 970
165, 969
165, 968
165, 967
165, 966
165, 965
165, 964
165, 963
165, 962
165, 961
165, 960
165, 959
166, 958
166, 957
166, 956
166, 955
166, 954
166, 953
166, 952
167, 951
167, 950
167, 949
167, 948
167, 947
167, 946
167, 945
167, 944
167, 943
167, 942
167, 941
168, 940
168, 939
168, 938
168, 937
168, 936
168, 935
169, 934
169, 933
169, 932
169, 931
169, 930
169, 929
169, 928
169, 927
169, 926
169, 925
169, 924
169, 923
170, 922
170, 921
170, 920
170, 919
170, 918
171, 917
171, 916
171, 915
171, 914
171, 913
171, 912
171, 911
171, 910
171, 909
171, 908
171, 907
171, 906
171, 905
172, 904
172, 903
172, 902
172, 901
172, 900
172, 899
172, 898
173, 897
173, 896
173, 895
173, 894
173, 893
173, 892
173, 891
173, 890
173, 889
173, 888
173, 887
173, 886
173, 885
174, 884
174, 883
174, 882
174, 881
174, 880
174, 879
175, 878
175, 877
175, 876
175, 875
175, 874
175, 873
175, 872
175, 871
175, 870
175, 869
175, 868
175, 867
175, 866
175, 865
176, 864
176, 863
176, 862
176, 861
176, 860
176, 859
177, 858
177, 857
177, 856
177, 855
177, 854
177, 853
177, 852
177, 851
177, 850
177, 849
177, 848
177, 847
177, 846
178, 845
178, 844
178, 843
178, 842
178, 841
178, 840
179, 839
179, 838
179, 837
179, 836
179, 835
179, 834
179, 833
179, 832
179, 831
179, 830
179, 829
179, 828
179, 827
179, 826
180, 825
180, 824
180, 823
180, 822
180, 821
180, 820
181, 819
181, 818
181, 817
181, 816
181, 815
181, 814
181, 813
181, 812
181, 811
181, 810
181, 809
181, 808
181, 807
182, 806
182, 805
182, 804
182, 803
182, 802
182, 801
182, 800
183, 799
183, 798
183, 797
183, 796
183, 795
183, 794
183, 793
183, 792
183, 791
183, 790
183, 789
183, 788
184, 787
184, 786
184, 785
184, 784
184, 783
184, 782
184, 781
185, 780
185, 779
185, 778
185, 777
185, 776
185, 775
185, 774
185, 773
185, 772
185, 771
185, 770
185, 769
186, 768
186, 767
186, 766
186, 765
186, 764
186, 763
186, 762
186, 761
187, 760
187, 759
187, 758
187, 757
187, 756
187, 755
187, 754
187, 753
187, 752
187, 751
187, 750
187, 749
187, 748
187, 747
188, 746
188, 745
188, 744
188, 743
188, 742
188, 741
188, 740
188, 739
188, 738
188, 737
189, 736
189, 735
189, 734
189, 733
189, 732
189, 731
189, 730
189, 729
189, 728
189, 727
189, 726
189, 725
189, 724
189, 723
190, 722
190, 721
190, 720
190, 719
190, 718
190, 717
190, 716
190, 715
190, 714
190, 713
191, 712
191, 711
191, 710
191, 709
191, 708
191, 707
191, 706
191, 705
191, 704
191, 703
191, 702
191, 701
191, 700
191, 699
191, 698
192, 697
192, 696
192, 695
192, 694
192, 693
192, 692
192, 691
192, 690
192, 689
193, 688
193, 687
193, 686
193, 685
193, 684
193, 683
193, 682
193, 681
193, 680
193, 679
193, 678
193, 677
194, 676
194, 675
194, 674
194, 673
194, 672
194, 671
194, 670
195, 669
195, 668
195, 667
195, 666
195, 665
195, 664
195, 663
195, 662
195, 661
195, 660
195, 659
195, 658
195, 657
195, 656
195, 655
195, 654
195, 653
196, 652
196, 651
196, 650
196, 649
196, 648
196, 647
196, 646
196, 645
196, 644
196, 643
197, 642
197, 641
197, 640
197, 639
197, 638
197, 637
197, 636
197, 635
197, 634
197, 633
197, 632
197, 631
197, 630
197, 629
197, 628
197, 627
197, 626
197, 625
197, 624
197, 623
197, 622
197, 621
197, 620
197, 619
197, 618
197, 617
197, 616
198, 615
198, 614
198, 613
198, 612
198, 611
198, 610
198, 609
198, 608
198, 607
198, 606
197, 605
197, 604
197, 603
197, 602
197, 601
197, 600
197, 599
197, 598
197, 597
197, 596
197, 595
197, 594
197, 593
197, 592
197, 591
197, 590
197, 589
197, 588
197, 587
197, 586
197, 585
197, 584
197, 583
197, 582
197, 581
197, 580
197, 579
197, 578
197, 577
197, 576
197, 575
196, 574
196, 573
196, 572
196, 571
196, 570
196, 569
196, 568
196, 567
196, 566
196, 565
195, 564
195, 563
195, 562
195, 561
195, 560
195, 559
195, 558
195, 557
195, 556
195, 555
195, 554
195, 553
195, 552
195, 551
195, 550
195, 549
195, 548
195, 547
194, 546
194, 545
194, 544
194, 543
194, 542
194, 541
194, 540
194, 539
194, 538
194, 537
194, 536
193, 535
193, 534
193, 533
193, 532
193, 531
193, 530
193, 529
193, 528
193, 527
193, 526
193, 525
193, 524
193, 523
193, 522
193, 521
193, 520
193, 519
193, 518
193, 517
192, 516
192, 515
192, 514
192, 513
192, 512
192, 511
192, 510
192, 509
192, 508
192, 507
192, 506
192, 505
192, 504
192, 503
192, 502
192, 501
192, 500
192, 499
192, 498
192, 497
192, 496
192, 495
192, 494
192, 493
192, 492
192, 491
192, 490
192, 489
192, 488
192, 487
192, 486
192, 485
192, 484
192, 483
192, 482
192, 481
192, 480
192, 479
192, 478
192, 477
192, 476
192, 475
192, 474
192, 473
192, 472
192, 471
192, 470
192, 469
192, 468
192, 467
192, 466
192, 465
192, 464
192, 463
192, 462
192, 461
192, 460
192, 459
192, 458
192, 457
192, 456
192, 455
192, 454
192, 453
192, 452
192, 451
192, 450
192, 449
192, 448
192, 447
192, 446
192, 445
193, 444
193, 443
193, 442
193, 441
193, 440
193, 439
193, 438
193, 437
193, 436
193, 435
193, 434
193, 433
193, 432
193, 431
193, 430
193, 429
192, 428
192, 427
193, 426
193, 425
193, 424
192, 423
192, 422
193, 422
194, 421
194, 420
194, 419
194, 418
194, 417
194, 416
194, 415
194, 414
194, 413
194, 412
194, 411
194, 410
194, 409
194, 408
194, 407
194, 406
195, 405
195, 404
195, 403
195, 402
195, 401
195, 400
195, 399
195, 398
195, 397
195, 396
195, 395
195, 394
196, 393
196, 392
196, 391
196, 390
196, 389
196, 388
196, 387
196, 386
196, 385
196, 384
197, 383
197, 382
197, 381
197, 380
197, 379
197, 378
197, 377
198, 376
198, 375
198, 374
198, 373
198, 372
198, 371
198, 370
198, 369
198, 368
198, 367
198, 366
198, 365
199, 364
199, 363
199, 362
199, 361
199, 360
199, 359
199, 358
199, 357
200, 356
200, 355
200, 354
200, 353
200, 352
200, 351
200, 350
200, 349
200, 348
200, 347
200, 346
200, 345
200, 344
201, 343
201, 342
201, 341
201, 340
201, 339
202, 338
202, 337
202, 336
202, 335
202, 334
202, 333
202, 332
202, 331
202, 330
202, 329
203, 328
203, 327
203, 326
203, 325
203, 324
203, 323
204, 322
204, 321
204, 320
204, 319
204, 318
204, 317
204, 316
204, 315
204, 314
205, 313
205, 312
205, 311
205, 310
205, 309
205, 308
205, 307
205, 306
205, 305
205, 304
206, 303
206, 302
206, 301
206, 300
206, 299
206, 298
206, 297
207, 296
207, 295
207, 294
207, 293
207, 292
207, 291
207, 290
208, 289
208, 288
208, 287
208, 286
208, 285
208, 284
208, 283
209, 282
209, 281
209, 280
209, 279
209, 278
209, 277
209, 276
209, 275
209, 274
209, 273
210, 272
210, 271
210, 270
210, 269
210, 268
210, 267
211, 266
211, 265
211, 264
211, 263
212, 262
212, 261
212, 260
212, 259
212, 258
212, 257
212, 256
213, 255
213, 254
213, 253
213, 252
213, 251
214, 250
214, 249
214, 248
214, 247
215, 246
216, 245
216, 244
216, 243
216, 242
217, 241
217, 240
217, 239
217, 238
218, 237
219, 237
220, 237
221, 236
222, 236
223, 236
224, 236
224, 237
224, 238
225, 239
225, 240
226, 241
227, 241
228, 241
229, 240
229, 239
229, 240
229, 241
229, 242
229, 243
230, 244
231, 244
232, 245
233, 246
234, 247
235, 248
235, 249
236, 250
237, 251
237, 252
237, 253
237, 254
237, 255
238, 256
239, 257
240, 258
240, 259
240, 260
240, 261
240, 262
240, 263
241, 264
241, 265
241, 266
242, 267
243, 267
244, 267
245, 268
244, 269
244, 270
244, 271
244, 272
244, 273
243, 274
243, 275
243, 276
243, 277
244, 278
245, 278
246, 278
247, 277
247, 276
248, 276
248, 277
248, 278
248, 279
248, 280
248, 281
248, 282
249, 283
249, 284
250, 285
251, 285
252, 286
252, 287
252, 288
252, 289
252, 290
252, 291
252, 292
253, 293
253, 294
254, 295
255, 296
254, 297
254, 298
254, 299
254, 300
254, 301
255, 302
256, 303
257, 304
257, 305
257, 306
257, 307
257, 308
257, 309
257, 310
258, 311
258, 312
259, 313
260, 314
260, 315
260, 316
259, 317
259, 318
259, 319
260, 320
260, 321
261, 322
261, 323
262, 324
262, 325
262, 326
262, 327
262, 328
262, 329
262, 330
262, 331
263, 332
263, 333
263, 334
263, 335
263, 336
263, 337
263, 338
263, 339
264, 340
265, 341
265, 342
265, 343
265, 344
265, 345
265, 346
265, 347
265, 348
265, 349
266, 350
266, 351
267, 352
267, 353
267, 354
267, 355
267, 356
267, 357
267, 358
267, 359
267, 360
267, 361
268, 362
269, 363
269, 364
268, 365
268, 366
268, 367
268, 368
269, 369
269, 370
269, 371
269, 372
269, 373
269, 374
269, 375
269, 376
269, 377
269, 378
270, 379
270, 380
271, 381
271, 382
271, 383
271, 384
271, 385
271, 386
271, 387
271, 388
271, 389
271, 390
271, 391
271, 392
271, 393
271, 394
271, 395
271, 396
271, 397
271, 398
271, 399
271, 400
272, 401
272, 402
272, 403
272, 404
272, 405
272, 406
272, 407
273, 408
273, 409
273, 410
273, 411
273, 412
273, 413
272, 414
272, 415
272, 416
273, 417
273, 418
273, 419
273, 420
273, 421
273, 422
273, 423
273, 424
273, 425
273, 426
273, 427
273, 428
273, 429
273, 430
273, 431
273, 432
273, 433
273, 434
273, 435
273, 436
274, 437
274, 438
275, 439
276, 439
277, 440
277, 441
278, 442
279, 442
279, 443
279, 444
279, 445
279, 446
279, 447
279, 448
279, 449
279, 450
279, 451
279, 452
279, 453
279, 454
279, 455
278, 456
277, 457
277, 458
277, 459
277, 460
277, 461
277, 462
277, 463
277, 464
277, 465
277, 466
277, 467
277, 468
277, 469
277, 470
277, 471
276, 471
275, 472
275, 473
275, 474
275, 475
275, 476
275, 477
275, 478
275, 479
275, 480
275, 481
275, 482
274, 483
273, 484
273, 485
273, 486
273, 487
273, 488
273, 489
273, 490
272, 491
272, 492
271, 493
271, 494
271, 495
271, 496
271, 497
270, 498
270, 499
269, 500
269, 501
269, 502
269, 503
268, 504
268, 505
267, 506
267, 507
267, 508
267, 509
266, 510
265, 511
265, 512
265, 513
265, 514
265, 515
264, 516
263, 517
263, 518
263, 519
263, 520
262, 521
261, 522
261, 523
261, 524
261, 525
260, 526
259, 527
259, 528
259, 529
258, 530
258, 531
257, 532
257, 533
256, 534
256, 535
255, 536
255, 537
254, 538
254, 539
253, 540
253, 541
252, 542
251, 543
251, 544
251, 545
250, 546
249, 547
249, 548
249, 549
248, 550
248, 551
247, 552
247, 553
247, 554
246, 555
245, 556
245, 557
245, 558
245, 559
244, 560
243, 561
243, 562
243, 563
242, 564
241, 565
241, 566
241, 567
241, 568
241, 569
240, 570
239, 571
239, 572
239, 573
239, 574
239, 575
238, 576
238, 577
237, 578
237, 579
237, 580
237, 581
237, 582
237, 583
236, 584
235, 585
235, 586
235, 587
235, 588
235, 589
235, 590
235, 591
235, 592
234, 593
233, 594
233, 595
233, 596
233, 597
233, 598
233, 599
233, 600
233, 601
233, 602
233, 603
233, 604
233, 605
232, 606
232, 607
231, 608
231, 609
231, 610
231, 611
231, 612
231, 613
231, 614
231, 615
231, 616
231, 617
231, 618
231, 619
231, 620
231, 621
231, 622
231, 623
231, 624
231, 625
231, 626
231, 627
231, 628
231, 629
231, 630
231, 631
231, 632
231, 633
231, 634
231, 635
231, 636
231, 637
231, 638
231, 639
231, 640
231, 641
232, 642
233, 642
232, 643
232, 644
232, 645
232, 646
232, 647
231, 648
231, 649
231, 650
231, 651
231, 652
232, 653
232, 654
232, 655
232, 656
231, 657
231, 658
231, 659
232, 660
232, 661
232, 662
232, 663
232, 664
232, 665
231, 666
231, 667
231, 668
232, 669
233, 670
232, 671
232, 672
232, 673
232, 674
232, 675
232, 676
232, 677
232, 678
232, 679
232, 680
232, 681
232, 682
232, 683
232, 684
232, 685
232, 686
232, 687
232, 688
232, 689
233, 690
233, 691
233, 692
233, 693
233, 694
233, 695
233, 696
232, 697
232, 698
232, 699
232, 700
232, 701
231, 702
231, 703
231, 704
232, 705
232, 706
231, 707
231, 708
231, 709
232, 710
232, 711
232, 712
232, 713
231, 714
230, 715
230, 716
230, 717
231, 718
232, 719
232, 720
232, 721
231, 722
231, 723
231, 724
232, 725
232, 726
232, 727
232, 728
232, 729
231, 730
231, 731
231, 732
232, 733
231, 734
231, 735
231, 736
232, 737
232, 738
232, 739
231, 739
230, 740
230, 741
230, 742
230, 743
231, 744
232, 744
233, 744
232, 745
231, 746
230, 747
230, 748
230, 749
230, 750
231, 751
232, 752
232, 753
231, 754
230, 755
230, 756
230, 757
230, 758
230, 759
230, 760
230, 761
230, 762
230, 763
230, 764
230, 765
231, 766
231, 767
230, 768
230, 769
230, 770
230, 771
230, 772
230, 773
230, 774
230, 775
230, 776
230, 777
230, 778
230, 779
231, 780
231, 781
230, 781
229, 781
228, 782
228, 783
228, 784
229, 785
230, 785
230, 786
229, 786
228, 787
228, 788
228, 789
228, 790
229, 791
230, 791
229, 792
228, 793
228, 794
228, 795
228, 796
228, 797
228, 798
228, 799
228, 800
228, 801
227, 802
227, 803
227, 804
227, 805
226, 806
226, 807
226, 808
226, 809
227, 810
226, 811
226, 812
226, 813
226, 814
227, 815
226, 816
226, 817
226, 818
226, 819
226, 820
226, 821
227, 822
226, 823
226, 824
226, 825
226, 826
226, 827
226, 828
225, 829
225, 830
225, 831
225, 832
225, 833
225, 834
225, 835
225, 836
225, 837
225, 838
225, 839
225, 840
224, 841
224, 842
224, 843
225, 844
225, 845
225, 846
224, 847
224, 848
224, 849
224, 850
224, 851
224, 852
224, 853
224, 854
224, 855
223, 856
223, 857
223, 858
223, 859
223, 860
223, 861
223, 862
223, 863
223, 864
223, 865
223, 866
222, 867
222, 868
222, 869
222, 870
222, 871
222, 872
222, 873
222, 874
222, 875
222, 876
221, 877
221, 878
221, 879
221, 880
221, 881
221, 882
221, 883
221, 884
221, 885
221, 886
221, 887
221, 888
221, 889
221, 890
221, 891
221, 892
221, 893
221, 894
221, 895
221, 896
221, 897
221, 898
221, 899
220, 900
220, 901
220, 902
220, 903
220, 904
220, 905
220, 906
220, 907
220, 908
220, 909
220, 910
220, 911
220, 912
220, 913
220, 914
220, 915
220, 916
220, 917
220, 918
220, 919
220, 920
220, 921
219, 922
219, 923
219, 924
219, 925
219, 926
219, 927
219, 928
219, 929
219, 930
219, 931
219, 932
219, 933
219, 934
219, 935
219, 936
219, 937
219, 938
219, 939
219, 940
219, 941
219, 942
219, 943
219, 944
219, 945
218, 946
218, 947
218, 948
218, 949
218, 950
218, 951
218, 952
218, 953
218, 954
218, 955
218, 956
218, 957
218, 958
218, 959
218, 960
218, 961
218, 962
218, 963
218, 964
217, 965
217, 966
217, 967
217, 968
217, 969
217, 970
217, 971
217, 972
217, 973
217, 974
217, 975
217, 976
217, 977
217, 978
217, 979
217, 980
217, 981
217, 982
217, 983
217, 984
217, 985
217, 986
217, 987
217, 988
217, 989
217, 990
217, 991
217, 992
217, 993
217, 994
217, 995
217, 996
217, 997
217, 998
217, 999
217, 1000
217, 1001
217, 1002
217, 1003
217, 1004
217, 1005
217, 1006
217, 1007
217, 1008
217, 1009
217, 1010
217, 1011
217, 1012
217, 1013
217, 1014
217, 1015
217, 1016
217, 1017
217, 1018
217, 1019
217, 1020
217, 1021
217, 1022
217, 1023
216, 1024
216, 1025
216, 1026
216, 1027
216, 1028
216, 1029
216, 1030
215, 1031
215, 1032
215, 1033
216, 1034
215, 1035
215, 1036
215, 1037
215, 1038
215, 1039
215, 1040
215, 1041
215, 1042
215, 1043
215, 1044
215, 1045
215, 1046
215, 1047
215, 1048
215, 1049
215, 1050
215, 1051
215, 1052
215, 1053
215, 1054
215, 1055
215, 1056
215, 1057
215, 1058
215, 1059
215, 1060
215, 1061
215, 1062
215, 1063
215, 1064
215, 1065
215, 1066
214, 1066
213, 1067
213, 1068
213, 1069
213, 1070
213, 1071
213, 1072
212, 1073
211, 1074
211, 1075
211, 1076
210, 1076
209, 1077
209, 1078
208, 1079
207, 1080
207, 1081
206, 1082
206, 1083
205, 1084
205, 1085
204, 1086
203, 1087
202, 1088
201, 1089
200, 1090
199, 1091
198, 1092
197, 1093
196, 1093
195, 1093
194, 1094
194, 1095
194, 1096
193, 1096
192, 1097
192, 1098
192, 1099
191, 1099
190, 1099
189, 1100
188, 1100
187, 1101
186, 1101
185, 1101
184, 1101
183, 1101
182, 1101
181, 1101
180, 1101
179, 1100
178, 1100
177, 1099
176, 1099
175, 1099
174, 1098
175, 1098
176, 1098
177, 1098
178, 1099
179, 1100
180, 1100
181, 1100
182, 1099
183, 1099
184, 1098
184, 1097
184, 1096
183, 1095
182, 1095
181, 1095
180, 1095
179, 1095
178, 1094
177, 1094
176, 1094
175, 1093
174, 1092
173, 1092
172, 1091
171, 1090
170, 1090
169, 1089
168, 1088
167, 1087
166, 1086
165, 1085
164, 1084
164, 1083
163, 1082
162, 1081
162, 1080
161, 1079
161, 1078
160, 1077
160, 1076
160, 1075
159, 1074
159, 1073
159, 1072
158, 1071
158, 1070
158, 1069
157, 1068
157, 1067
157, 1066
157, 1065
157, 1064
156, 1063
156, 1062
156, 1061
156, 1060
156, 1059
156, 1058
156, 1057
156, 1056
156, 1055
156, 1054
156, 1053
156, 1052
156, 1051
156, 1050
