126, 1016
126, 1015
126, 1014
126, 1013
126, 1012
126, 1011
126, 1010
126, 1009
126, 1008
126, 1007
127, 1006
127, 1005
127, 1004
127, 1003
127, 1002
127, 1001
127, 1000
127, 999
127, 998
127, 997
127, 996
127, 995
128, 994
128, 993
128, 992
128, 991
128, 990
129, 989
129, 988
129, 987
129, 986
129, 985
129, 984
129, 983
129, 982
129, 981
129, 980
129, 979
130, 978
130, 977
130, 976
130, 975
130, 974
130, 973
130, 972
130, 971
131, 970
131, 969
131, 968
131, 967
131, 966
131, 965
131, 964
131, 963
131, 962
131, 961
132, 960
132, 959
132, 958
132, 957
132, 956
132, 955
132, 954
132, 953
133, 952
133, 951
133, 950
133, 949
133, 948
133, 947
133, 946
133, 945
133, 944
133, 943
134, 942
134, 941
134, 940
134, 939
134, 938
134, 937
134, 936
134, 935
135, 934
135, 933
135, 932
135, 931
135, 930
135, 929
135, 928
135, 927
136, 926
136, 925
136, 924
136, 923
136, 922
136, 921
136, 920
137, 919
137, 918
137, 917
137, 916
137, 915
137, 914
137, 913
137, 912
137, 911
137, 910
138, 909
138, 908
138, 907
138, 906
138, 905
138, 904
138, 903
138, 902
138, 901
139, 900
139, 899
139, 898
139, 897
139, 896
139, 895
139, 894
139, 893
139, 892
140, 891
140, 890
140, 889
140, 888
140, 887
140, 886
140, 885
140, 884
141, 883
141, 882
141, 881
141, 880
141, 879
141, 878
141, 877
141, 876
141, 875
141, 874
142, 873
142, 872
142, 871
142, 870
142, 869
142, 868
142, 867
142, 866
143, 865
143, 864
143, 863
143, 862
143, 861
143, 860
143, 859
143, 858
144, 857
144, 856
144, 855
144, 854
144, 853
144, 852
144, 851
144, 850
145, 849
145, 848
145, 847
145, 846
145, 845
145, 844
145, 843
145, 842
145, 841
146, 840
146, 839
146, 838
146, 837
146, 836
146, 835
146, 834
147, 833
147, 832
147, 831
147, 830
147, 829
147, 828
147, 827
147, 826
147, 825
147, 824
148, 823
148, 822
148, 821
148, 820
148, 819
148, 818
149, 817
149, 816
149, 815
149, 814
149, 813
149, 812
149, 811
149, 810
149, 809
149, 808
150, 807
150, 806
150, 805
150, 804
150, 803
150, 802
150, 801
150, 800
150, 799
151, 798
151, 797
151, 796
151, 795
151, 794
151, 793
151, 792
151, 791
152, 790
152, 789
152, 788
152, 787
152, 786
152, 785
152, 784
153, 783
153, 782
153, 781
153, 780
153, 779
153, 778
153, 777
153, 776
153, 775
154, 774
154, 773
154, 772
154, 771
154, 770
154, 769
154, 768
154, 767
154, 766
154, 765
155, 764
155, 763
155, 762
155, 761
155, 760
155, 759
156, 758
156, 757
156, 756
156, 755
156, 754
156, 753
156, 752
156, 751
157, 750
157, 749
157, 748
157, 747
157, 746
157, 745
157, 744
158, 743
158, 742
158, 741
158, 740
158, 739
158, 738
158, 737
158, 736
159, 735
159, 734
159, 733
159, 732
159, 731
159, 730
159, 729
160, 728
160, 727
160, 726
160, 725
161, 724
161, 723
161, 722
161, 721
161, 720
161, 719
161, 718
161, 717
162, 716
162, 715
162, 714
162, 713
162, 712
162, 711
162, 710
163, 709
163, 708
163, 707
163, 706
163, 705
163, 704
164, 703
164, 702
164, 701
164, 700
164, 699
165, 698
165, 697
165, 696
165, 695
165, 694
165, 693
165, 692
166, 691
166, 690
166, 689
166, 688
167, 687
167, 686
167, 685
167, 684
167, 683
167, 682
167, 681
167, 680
168, 679
168, 678
168, 677
168, 676
169, 675
169, 674
169, 673
169, 672
169, 671
169, 670
169, 669
170, 668
170, 667
170, 666
170, 665
170, 664
171, 663
171, 662
171, 661
171, 660
171, 659
171, 658
172, 657
172, 656
172, 655
172, 654
172, 653
172, 652
173, 651
173, 650
173, 649
173, 648
173, 647
173, 646
174, 645
174, 644
174, 643
174, 642
174, 641
175, 640
175, 639
175, 638
175, 637
175, 636
175, 635
176, 634
176, 633
176, 632
176, 631
177, 630
177, 629
177, 628
177, 627
177, 626
177, 625
177, 624
177, 623
178, 622
178, 621
178, 620
178, 619
178, 618
179, 617
179, 616
179, 615
179, 614
179, 613
180, 612
180, 611
180, 610
180, 609
180, 608
180, 607
181, 606
181, 605
181, 604
181, 603
181, 602
181, 601
182, 600
182, 599
182, 598
182, 597
183, 596
183, 595
183, 594
183, 593
183, 592
183, 591
184, 590
184, 589
184, 588
184, 587
185, 586
185, 585
185, 584
185, 583
185, 582
185, 581
186, 580
187, 579
187, 578
187, 577
187, 576
186, 575
186, 574
187, 573
187, 572
187, 571
187, 570
187, 569
187, 568
187, 567
187, 566
187, 565
187, 564
188, 563
188, 562
188, 561
188, 560
188, 559
188, 558
188, 557
188, 556
189, 555
189, 554
189, 553
189, 552
189, 551
189, 550
189, 549
189, 548
189, 547
190, 546
190, 545
190, 544
190, 543
190, 542
190, 541
190, 540
190, 539
191, 538
191, 537
191, 536
191, 535
191, 534
191, 533
191, 532
191, 531
191, 530
191, 529
192, 528
192, 527
192, 526
192, 525
192, 524
192, 523
192, 522
192, 521
192, 520
193, 519
193, 518
193, 517
193, 516
193, 515
193, 514
193, 513
193, 512
193, 511
194, 510
194, 509
194, 508
194, 507
194, 506
194, 505
194, 504
194, 503
195, 502
195, 501
195, 500
195, 499
195, 498
195, 497
195, 496
195, 495
195, 494
196, 493
196, 492
196, 491
196, 490
196, 489
196, 488
196, 487
196, 486
197, 485
197, 484
197, 483
197, 482
197, 481
197, 480
197, 479
197, 478
198, 477
198, 476
198, 475
198, 474
198, 473
198, 472
198, 471
199, 470
199, 469
199, 468
199, 467
199, 466
199, 465
199, 464
199, 463
199, 462
200, 461
200, 460
200, 459
200, 458
200, 457
200, 456
200, 455
200, 454
201, 453
201, 452
201, 451
201, 450
201, 449
201, 448
201, 447
201, 446
202, 445
202, 444
202, 443
202, 442
202, 441
202, 440
202, 439
202, 438
203, 437
203, 436
203, 435
203, 434
203, 433
203, 432
203, 431
203, 430
203, 429
204, 428
204, 427
204, 426
204, 425
204, 424
204, 423
204, 422
205, 421
205, 420
205, 419
205, 418
205, 417
205, 416
205, 415
205, 414
206, 413
206, 412
206, 411
206, 410
206, 409
206, 408
206, 407
207, 406
207, 405
207, 404
207, 403
207, 402
207, 401
207, 400
207, 399
207, 398
208, 397
208, 396
208, 395
208, 394
208, 393
209, 392
209, 391
209, 390
209, 389
209, 388
209, 387
209, 386
210, 385
210, 384
210, 383
210, 382
210, 381
210, 380
210, 379
211, 378
211, 377
211, 376
211, 375
211, 374
211, 373
212, 372
212, 371
212, 370
212, 369
212, 368
212, 367
212, 366
213, 365
213, 364
213, 363
213, 362
213, 361
213, 360
213, 359
214, 358
214, 357
214, 356
214, 355
214, 354
214, 353
215, 352
215, 351
215, 350
215, 349
215, 348
215, 347
215, 346
216, 345
216, 344
216, 343
216, 342
216, 341
216, 340
217, 339
217, 338
217, 337
217, 336
217, 335
217, 334
217, 333
218, 332
218, 331
218, 330
218, 329
218, 328
219, 327
219, 326
219, 325
219, 324
219, 323
219, 322
219, 321
220, 320
220, 319
220, 318
220, 317
220, 316
220, 315
221, 314
221, 313
221, 312
221, 311
221, 310
221, 309
221, 308
222, 307
222, 306
222, 305
222, 304
222, 303
223, 302
223, 301
223, 300
223, 299
223, 298
223, 297
223, 296
224, 295
224, 294
224, 293
224, 292
225, 291
225, 290
225, 289
225, 288
225, 287
225, 286
225, 285
226, 284
226, 283
226, 282
226, 281
226, 280
227, 279
227, 278
227, 277
227, 276
227, 275
227, 274
228, 273
228, 272
228, 271
228, 270
228, 269
229, 268
229, 267
229, 266
229, 265
229, 264
229, 263
230, 262
230, 261
230, 260
230, 259
230, 258
231, 257
231, 256
231, 255
231, 254
231, 253
231, 252
232, 251
232, 250
232, 249
232, 248
233, 247
233, 246
233, 245
233, 244
233, 243
234, 242
234, 241
234, 240
234, 239
234, 238
235, 237
235, 236
235, 235
235, 234
235, 233
235, 232
236, 231
236, 230
236, 229
237, 228
237, 227
237, 226
237, 225
238, 224
238, 223
238, 222
238, 221
238, 220
239, 219
239, 218
239, 217
239, 216
239, 215
239, 214
240, 213
240, 212
240, 211
240, 210
241, 209
241, 208
241, 207
241, 206
241, 205
242, 204
242, 203
242, 202
243, 201
244, 200
244, 199
245, 198
245, 197
246, 196
247, 195
248, 194
249, 193
250, 193
251, 192
252, 192
253, 191
254, 191
255, 191
256, 190
257, 190
258, 190
259, 190
260, 190
261, 190
262, 190
263, 191
264, 191
265, 191
266, 192
267, 192
268, 193
269, 194
270, 195
271, 195
272, 196
272, 197
273, 198
274, 199
274, 200
275, 201
275, 202
276, 203
276, 204
276, 205
276, 206
276, 207
277, 208
277, 209
278, 210
278, 211
278, 212
279, 213
279, 214
279, 215
280, 216
280, 217
280, 218
280, 219
280, 220
281, 221
281, 222
281, 223
281, 224
282, 225
282, 226
282, 227
283, 228
284, 228
284, 229
284, 230
284, 231
284, 232
284, 233
284, 234
284, 235
284, 236
284, 237
285, 238
285, 239
285, 240
285, 241
285, 242
286, 243
286, 244
286, 245
286, 246
286, 247
286, 248
286, 249
286, 250
286, 251
286, 252
286, 253
286, 254
286, 255
286, 256
286, 257
286, 258
286, 259
287, 260
287, 261
287, 262
287, 263
287, 264
287, 265
287, 266
287, 267
287, 268
287, 269
287, 270
288, 271
288, 272
288, 273
288, 274
288, 275
288, 276
288, 277
288, 278
288, 279
288, 280
288, 281
288, 282
288, 283
288, 284
288, 285
288, 286
288, 287
288, 288
288, 289
288, 290
288, 291
288, 292
288, 293
288, 294
288, 295
288, 296
289, 297
289, 298
288, 299
288, 300
288, 301
288, 302
288, 303
288, 304
288, 305
288, 306
288, 307
288, 308
289, 309
289, 310
289, 311
289, 312
289, 313
288, 314
288, 315
288, 316
289, 317
289, 318
289, 319
289, 320
289, 321
289, 322
288, 323
288, 324
288, 325
288, 326
289, 327
289, 328
289, 329
289, 330
289, 331
289, 332
289, 333
288, 334
288, 335
288, 336
289, 337
289, 338
289, 339
290, 340
290, 341
290, 342
290, 343
290, 344
290, 345
290, 346
290, 347
290, 348
290, 349
290, 350
290, 351
290, 352
290, 353
290, 354
290, 355
290, 356
290, 357
290, 358
290, 359
290, 360
290, 361
290, 362
290, 363
290, 364
290, 365
290, 366
290, 367
290, 368
290, 369
290, 370
290, 371
290, 372
290, 373
290, 374
290, 375
290, 376
290, 377
290, 378
290, 379
290, 380
290, 381
290, 382
290, 383
290, 384
290, 385
290, 386
290, 387
290, 388
290, 389
290, 390
290, 391
291, 392
291, 393
291, 394
291, 395
291, 396
291, 397
290, 398
290, 399
290, 400
290, 401
290, 402
290, 403
290, 404
290, 405
290, 406
289, 407
289, 408
289, 409
289, 410
289, 411
289, 412
288, 413
288, 414
288, 415
288, 416
288, 417
288, 418
288, 419
287, 419
286, 420
286, 421
286, 422
287, 423
287, 424
287, 425
287, 426
287, 427
286, 428
286, 429
286, 430
286, 431
285, 432
285, 433
285, 434
285, 435
284, 436
284, 437
284, 438
284, 439
284, 440
283, 441
283, 442
283, 443
282, 444
282, 445
282, 446
282, 447
282, 448
282, 449
281, 450
281, 451
280, 452
280, 453
280, 454
280, 455
280, 456
280, 457
279, 458
279, 459
278, 460
278, 461
278, 462
278, 463
277, 464
277, 465
277, 466
277, 467
276, 468
276, 469
276, 470
276, 471
275, 472
275, 473
275, 474
274, 475
274, 476
274, 477
274, 478
274, 479
273, 480
273, 481
272, 482
272, 483
272, 484
272, 485
271, 486
271, 487
270, 488
270, 489
270, 490
270, 491
270, 492
269, 493
269, 494
268, 495
268, 496
268, 497
268, 498
268, 499
268, 500
267, 501
267, 502
266, 503
266, 504
266, 505
266, 506
266, 507
265, 508
264, 509
264, 510
264, 511
264, 512
263, 513
263, 514
263, 515
263, 516
263, 517
262, 518
262, 519
262, 520
261, 521
261, 522
261, 523
260, 524
260, 525
260, 526
259, 527
259, 528
259, 529
258, 530
258, 531
258, 532
258, 533
257, 534
257, 535
257, 536
256, 537
256, 538
256, 539
255, 540
255, 541
254, 542
254, 543
254, 544
253, 545
253, 546
253, 547
252, 548
252, 549
252, 550
252, 551
251, 552
251, 553
250, 554
250, 555
250, 556
249, 557
249, 558
249, 559
249, 560
248, 561
248, 562
248, 563
248, 564
247, 565
246, 566
246, 567
246, 568
246, 569
246, 570
245, 571
245, 572
245, 573
244, 574
244, 575
244, 576
244, 577
244, 578
243, 579
243, 580
242, 581
242, 582
242, 583
241, 583
240, 584
240, 585
240, 586
240, 587
240, 588
240, 589
240, 590
241, 591
240, 592
240, 593
240, 594
240, 595
240, 596
239, 597
239, 598
239, 599
239, 600
239, 601
239, 602
239, 603
239, 604
238, 605
238, 606
238, 607
238, 608
238, 609
238, 610
238, 611
238, 612
237, 613
237, 614
237, 615
237, 616
237, 617
236, 618
236, 619
236, 620
236, 621
236, 622
236, 623
235, 624
235, 625
235, 626
235, 627
235, 628
235, 629
235, 630
234, 631
234, 632
234, 633
234, 634
234, 635
234, 636
234, 637
234, 638
234, 639
233, 640
233, 641
233, 642
233, 643
233, 644
233, 645
233, 646
233, 647
232, 648
232, 649
232, 650
232, 651
232, 652
232, 653
231, 654
231, 655
231, 656
231, 657
231, 658
231, 659
231, 660
230, 661
230, 662
230, 663
230, 664
229, 665
229, 666
229, 667
229, 668
229, 669
229, 670
229, 671
229, 672
229, 673
229, 674
228, 675
228, 676
228, 677
227, 678
227, 679
227, 680
227, 681
227, 682
227, 683
227, 684
227, 685
227, 686
227, 687
227, 688
226, 689
226, 690
226, 691
226, 692
226, 693
226, 694
225, 695
225, 696
225, 697
225, 698
225, 699
225, 700
225, 701
225, 702
225, 703
225, 704
225, 705
224, 706
224, 707
224, 708
223, 709
223, 710
223, 711
223, 712
223, 713
222, 714
222, 715
222, 716
222, 717
222, 718
222, 719
222, 720
221, 721
221, 722
221, 723
221, 724
221, 725
221, 726
221, 727
220, 728
220, 729
220, 730
220, 731
220, 732
220, 733
220, 734
219, 735
219, 736
219, 737
219, 738
219, 739
219, 740
219, 741
219, 742
219, 743
219, 744
219, 745
218, 746
218, 747
217, 748
217, 749
217, 750
217, 751
216, 752
216, 753
216, 754
217, 755
216, 756
216, 757
216, 758
216, 759
216, 760
215, 761
215, 762
215, 763
215, 764
215, 765
215, 766
214, 767
214, 768
214, 769
214, 770
214, 771
215, 772
214, 773
213, 774
213, 775
213, 776
213, 777
213, 778
213, 779
213, 780
212, 781
212, 782
212, 783
211, 784
211, 785
211, 786
210, 787
210, 788
210, 789
210, 790
210, 791
210, 792
210, 793
210, 794
210, 795
209, 796
209, 797
208, 798
208, 799
208, 800
208, 801
208, 802
208, 803
208, 804
208, 805
208, 806
207, 807
206, 808
206, 809
206, 810
206, 811
206, 812
206, 813
206, 814
206, 815
206, 816
205, 817
205, 818
205, 819
205, 820
205, 821
205, 822
204, 823
204, 824
204, 825
204, 826
203, 827
203, 828
202, 829
202, 830
202, 831
202, 832
202, 833
202, 834
202, 835
202, 836
202, 837
202, 838
201, 839
201, 840
201, 841
201, 842
201, 843
200, 844
200, 845
200, 846
200, 847
200, 848
200, 849
200, 850
200, 851
200, 852
199, 853
199, 854
199, 855
199, 856
199, 857
199, 858
198, 859
198, 860
198, 861
198, 862
197, 862
196, 863
196, 864
196, 865
196, 866
195, 867
195, 868
195, 869
195, 870
195, 871
195, 872
195, 873
195, 874
195, 875
195, 876
194, 877
194, 878
194, 879
194, 880
193, 881
192, 882
192, 883
192, 884
192, 885
192, 886
193, 887
193, 888
193, 889
192, 890
192, 891
192, 892
192, 893
192, 894
191, 895
190, 896
190, 897
190, 898
190, 899
190, 900
189, 901
189, 902
189, 903
189, 904
189, 905
189, 906
188, 907
188, 908
188, 909
188, 910
188, 911
188, 912
188, 913
187, 914
187, 915
187, 916
188, 917
188, 918
188, 919
187, 920
187, 921
186, 922
185, 923
185, 924
185, 925
185, 926
184, 927
184, 928
184, 929
184, 930
184, 931
184, 932
183, 933
183, 934
183, 935
182, 936
182, 937
182, 938
182, 939
182, 940
182, 941
182, 942
182, 943
181, 944
181, 945
181, 946
181, 947
180, 948
180, 949
180, 950
180, 951
179, 952
179, 953
178, 954
178, 955
178, 956
178, 957
179, 958
178, 959
178, 960
177, 961
177, 962
177, 963
176, 964
176, 965
176, 966
177, 967
176, 968
176, 969
176, 970
176, 971
176, 972
176, 973
176, 974
176, 975
175, 976
175, 977
175, 978
174, 979
174, 980
174, 981
174, 982
173, 983
173, 984
172, 985
172, 986
172, 987
172, 988
172, 989
172, 990
172, 991
171, 992
171, 993
171, 994
171, 995
171, 996
171, 997
170, 998
170, 999
170, 1000
170, 1001
170, 1002
170, 1003
170, 1004
170, 1005
169, 1006
168, 1007
168, 1008
168, 1009
168, 1010
167, 1011
167, 1012
167, 1013
168, 1014
167, 1014
166, 1015
166, 1016
166, 1017
166, 1018
166, 1019
165, 1020
165, 1021
165, 1022
164, 1023
164, 1024
164, 1025
164, 1026
164, 1027
164, 1028
163, 1029
163, 1030
163, 1031
163, 1032
162, 1033
161, 1034
161, 1035
160, 1036
160, 1037
160, 1038
159, 1039
159, 1040
158, 1040
157, 1041
156, 1041
155, 1042
154, 1042
153, 1043
152, 1044
151, 1045
150, 1045
149, 1045
148, 1045
147, 1045
146, 1045
145, 1045
144, 1045
143, 1045
142, 1045
141, 1044
140, 1044
139, 1044
138, 1044
137, 1044
136, 1043
135, 1042
134, 1042
133, 1041
132, 1040
131, 1040
130, 1039
129, 1039
128, 1038
128, 1037
127, 1036
127, 1035
126, 1034
126, 1033
126, 1032
126, 1031
126, 1030
125, 1029
125, 1028
125, 1027
125, 1026
125, 1025
125, 1024
125, 1023
125, 1022
125, 1021
125, 1020
125, 1019
125, 1018
125, 1017
