176, 981
176, 980
176, 979
176, 978
176, 977
176, 976
176, 975
176, 974
176, 973
176, 972
176, 971
176, 970
176, 969
176, 968
176, 967
176, 966
176, 965
176, 964
176, 963
176, 962
176, 961
176, 960
176, 959
176, 958
176, 957
176, 956
176, 955
176, 954
176, 953
176, 952
176, 951
176, 950
176, 949
176, 948
176, 947
176, 946
176, 945
176, 944
176, 943
176, 942
176, 941
176, 940
176, 939
176, 938
176, 937
176, 936
176, 935
176, 934
176, 933
176, 932
176, 931
176, 930
176, 929
176, 928
176, 927
176, 926
176, 925
176, 924
176, 923
176, 922
176, 921
176, 920
176, 919
176, 918
176, 917
176, 916
176, 915
176, 914
176, 913
176, 912
176, 911
176, 910
176, 909
176, 908
176, 907
176, 906
176, 905
176, 904
176, 903
176, 902
176, 901
176, 900
176, 899
176, 898
176, 897
176, 896
176, 895
176, 894
176, 893
176, 892
176, 891
176, 890
176, 889
176, 888
176, 887
176, 886
176, 885
176, 884
176, 883
176, 882
176, 881
176, 880
177, 879
177, 878
177, 877
177, 876
176, 875
177, 874
177, 873
177, 872
177, 871
177, 870
177, 869
177, 868
177, 867
177, 866
177, 865
177, 864
177, 863
177, 862
177, 861
177, 860
177, 859
177, 858
177, 857
177, 856
177, 855
177, 854
177, 853
177, 852
177, 851
177, 850
177, 849
177, 848
177, 847
177, 846
177, 845
177, 844
177, 843
177, 842
177, 841
177, 840
177, 839
177, 838
177, 837
177, 836
177, 835
177, 834
177, 833
177, 832
177, 831
177, 830
177, 829
177, 828
177, 827
177, 826
177, 825
177, 824
177, 823
177, 822
177, 821
177, 820
177, 819
177, 818
177, 817
177, 816
177, 815
177, 814
177, 813
177, 812
177, 811
177, 810
177, 809
177, 808
177, 807
177, 806
177, 805
177, 804
177, 803
177, 802
177, 801
177, 800
177, 799
177, 798
177, 797
177, 796
177, 795
177, 794
177, 793
177, 792
177, 791
177, 790
177, 789
177, 788
177, 787
177, 786
177, 785
177, 784
177, 783
177, 782
177, 781
177, 780
177, 779
177, 778
177, 777
177, 776
177, 775
177, 774
177, 773
177, 772
177, 771
177, 770
177, 769
177, 768
177, 767
177, 766
177, 765
177, 764
177, 763
177, 762
177, 761
177, 760
177, 759
177, 758
177, 757
177, 756
177, 755
177, 754
177, 753
177, 752
177, 751
177, 750
177, 749
177, 748
177, 747
177, 746
177, 745
177, 744
177, 743
177, 742
177, 741
177, 740
177, 739
177, 738
177, 737
177, 736
177, 735
177, 734
177, 733
177, 732
177, 731
178, 730
178, 729
178, 728
178, 727
178, 726
178, 725
178, 724
178, 723
178, 722
178, 721
178, 720
178, 719
178, 718
178, 717
178, 716
178, 715
178, 714
178, 713
178, 712
178, 711
178, 710
178, 709
178, 708
178, 707
178, 706
178, 705
178, 704
178, 703
178, 702
178, 701
178, 700
178, 699
178, 698
178, 697
178, 696
178, 695
178, 694
178, 693
178, 692
178, 691
178, 690
178, 689
178, 688
178, 687
178, 686
178, 685
178, 684
178, 683
178, 682
178, 681
178, 680
178, 679
178, 678
178, 677
178, 676
178, 675
178, 674
178, 673
178, 672
178, 671
178, 670
178, 669
178, 668
178, 667
178, 666
178, 665
178, 664
178, 663
178, 662
178, 661
178, 660
178, 659
178, 658
178, 657
178, 656
178, 655
178, 654
178, 653
178, 652
178, 651
178, 650
178, 649
178, 648
178, 647
178, 646
178, 645
178, 644
178, 643
178, 642
178, 641
178, 640
178, 639
178, 638
178, 637
178, 636
178, 635
178, 634
178, 633
178, 632
178, 631
178, 630
178, 629
178, 628
178, 627
178, 626
178, 625
178, 624
178, 623
178, 622
178, 621
178, 620
178, 619
178, 618
178, 617
178, 616
178, 615
178, 614
178, 613
178, 612
178, 611
178, 610
178, 609
178, 608
178, 607
178, 606
178, 605
178, 604
178, 603
178, 602
178, 601
178, 600
178, 599
178, 598
178, 597
178, 596
178, 595
178, 594
178, 593
178, 592
178, 591
178, 590
178, 589
178, 588
178, 587
178, 586
178, 585
178, 584
178, 583
178, 582
178, 581
178, 580
178, 579
178, 578
178, 577
178, 576
178, 575
178, 574
178, 573
178, 572
178, 571
178, 570
178, 569
178, 568
178, 567
178, 566
178, 565
178, 564
178, 563
178, 562
178, 561
178, 560
178, 559
178, 558
178, 557
178, 556
178, 555
178, 554
178, 553
178, 552
178, 551
178, 550
178, 549
178, 548
178, 547
178, 546
178, 545
178, 544
178, 543
178, 542
178, 541
178, 540
178, 539
178, 538
178, 537
178, 536
178, 535
178, 534
178, 533
178, 532
178, 531
178, 530
178, 529
178, 528
178, 527
178, 526
178, 525
178, 524
178, 523
178, 522
178, 521
178, 520
178, 519
178, 518
178, 517
178, 516
178, 515
178, 514
178, 513
178, 512
178, 511
178, 510
178, 509
178, 508
178, 507
178, 506
178, 505
178, 504
178, 503
178, 502
178, 501
178, 500
178, 499
178, 498
178, 497
178, 496
178, 495
178, 494
178, 493
178, 492
179, 491
179, 490
179, 489
179, 488
179, 487
179, 486
179, 485
179, 484
179, 483
179, 482
179, 481
179, 480
179, 479
179, 478
179, 477
179, 476
179, 475
179, 474
179, 473
179, 472
179, 471
179, 470
179, 469
179, 468
179, 467
179, 466
179, 465
179, 464
179, 463
179, 462
179, 461
178, 460
179, 459
179, 458
179, 457
179, 456
179, 455
179, 454
179, 453
179, 452
179, 451
179, 450
179, 449
179, 448
179, 447
179, 446
179, 445
179, 444
179, 443
179, 442
179, 441
179, 440
179, 439
179, 438
179, 437
178, 436
178, 435
178, 434
178, 433
179, 432
179, 431
179, 430
178, 429
178, 428
178, 427
178, 426
178, 425
178, 424
178, 423
178, 422
178, 421
178, 420
178, 419
178, 418
178, 417
178, 416
178, 415
178, 414
178, 413
178, 412
179, 411
179, 410
179, 409
178, 408
178, 407
178, 406
178, 405
178, 404
178, 403
178, 402
178, 401
178, 400
178, 399
178, 398
178, 397
178, 396
178, 395
178, 394
178, 393
178, 392
178, 391
178, 390
178, 389
178, 388
178, 387
178, 386
178, 385
178, 384
178, 383
178, 382
178, 381
178, 380
178, 379
178, 378
178, 377
178, 376
178, 375
178, 374
178, 373
178, 372
178, 371
178, 370
178, 369
178, 368
178, 367
178, 366
178, 365
178, 364
178, 363
178, 362
178, 361
178, 360
178, 359
178, 358
178, 357
178, 356
178, 355
178, 354
178, 353
178, 352
178, 351
178, 350
178, 349
178, 348
178, 347
178, 346
178, 345
178, 344
178, 343
178, 342
178, 341
178, 340
178, 339
178, 338
178, 337
178, 336
178, 335
178, 334
178, 333
179, 332
180, 331
180, 330
180, 329
181, 328
182, 327
183, 326
184, 326
185, 325
186, 325
187, 324
188, 324
189, 324
190, 324
191, 324
192, 324
193, 324
194, 324
195, 325
196, 325
197, 326
198, 326
199, 327
200, 328
200, 329
201, 330
202, 330
202, 331
203, 332
204, 332
204, 333
205, 334
206, 334
206, 335
207, 336
208, 337
209, 338
210, 339
210, 340
211, 341
212, 342
213, 343
214, 344
214, 345
214, 346
215, 347
216, 348
216, 349
216, 350
217, 351
218, 351
218, 352
218, 353
219, 354
220, 354
220, 355
220, 356
220, 357
221, 358
222, 358
222, 359
222, 360
222, 361
222, 362
222, 363
223, 364
224, 364
224, 365
224, 366
224, 367
225, 368
226, 369
226, 370
226, 371
226, 372
227, 373
228, 373
228, 374
228, 375
228, 376
228, 377
228, 378
229, 379
230, 379
230, 380
230, 381
230, 382
231, 383
232, 383
232, 384
232, 385
232, 386
232, 387
232, 388
233, 389
234, 389
234, 390
234, 391
234, 392
234, 393
235, 394
236, 395
236, 396
236, 397
236, 398
236, 399
236, 400
237, 401
238, 402
238, 403
238, 404
238, 405
238, 406
238, 407
239, 408
240, 408
240, 409
240, 410
240, 411
240, 412
240, 413
241, 414
242, 415
242, 416
242, 417
242, 418
242, 419
242, 420
242, 421
243, 422
244, 423
244, 424
244, 425
244, 426
244, 427
244, 428
244, 429
244, 430
244, 431
245, 432
246, 432
246, 433
246, 434
246, 435
246, 436
246, 437
246, 438
247, 439
248, 440
248, 441
248, 442
248, 443
248, 444
248, 445
248, 446
248, 447
248, 448
248, 449
249, 450
250, 450
250, 451
250, 452
250, 453
250, 454
250, 455
250, 456
250, 457
250, 458
250, 459
250, 460
250, 461
250, 462
251, 463
252, 463
252, 464
252, 465
252, 466
252, 467
252, 468
252, 469
252, 470
252, 471
252, 472
252, 473
252, 474
252, 475
252, 476
252, 477
252, 478
252, 479
253, 480
254, 480
253, 480
252, 481
252, 482
252, 483
252, 484
253, 485
254, 485
254, 486
254, 487
254, 488
254, 489
254, 490
254, 491
254, 492
254, 493
254, 494
254, 495
254, 496
254, 497
254, 498
254, 499
254, 500
254, 501
254, 502
254, 503
254, 504
254, 505
254, 506
254, 507
254, 508
254, 509
253, 510
252, 511
252, 512
252, 513
252, 514
252, 515
252, 516
252, 517
252, 518
251, 519
250, 520
250, 521
250, 522
250, 523
250, 524
250, 525
249, 526
248, 527
248, 528
248, 529
248, 530
248, 531
248, 532
248, 533
247, 533
246, 534
246, 535
246, 536
246, 537
245, 538
244, 539
244, 540
244, 541
243, 541
242, 542
242, 543
242, 544
241, 545
240, 546
240, 547
240, 548
239, 549
238, 550
238, 551
238, 552
237, 552
236, 553
236, 554
236, 555
236, 556
235, 557
234, 558
234, 559
234, 560
234, 561
233, 562
232, 563
232, 564
232, 565
232, 566
232, 567
231, 568
230, 569
230, 570
230, 571
230, 572
230, 573
230, 574
229, 575
228, 576
228, 577
228, 578
228, 579
228, 580
228, 581
228, 582
227, 583
226, 584
226, 585
226, 586
226, 587
226, 588
226, 589
226, 590
226, 591
226, 592
226, 593
226, 594
226, 595
225, 596
225, 597
224, 598
224, 599
224, 600
224, 601
224, 602
224, 603
224, 604
224, 605
224, 606
224, 607
224, 608
224, 609
224, 610
224, 611
224, 612
224, 613
224, 614
224, 615
224, 616
224, 617
224, 618
224, 619
224, 620
224, 621
224, 622
224, 623
224, 624
224, 625
224, 626
224, 627
224, 628
224, 629
224, 630
224, 631
224, 632
224, 633
223, 634
223, 635
223, 636
223, 637
223, 638
223, 639
223, 640
222, 641
222, 642
222, 643
222, 644
222, 645
222, 646
222, 647
222, 648
222, 649
222, 650
222, 651
222, 652
222, 653
222, 654
222, 655
222, 656
222, 657
222, 658
222, 659
222, 660
222, 661
222, 662
222, 663
222, 664
222, 665
222, 666
222, 667
222, 668
222, 669
222, 670
222, 671
222, 672
222, 673
222, 674
222, 675
222, 676
222, 677
222, 678
222, 679
222, 680
221, 681
221, 682
221, 683
221, 684
221, 685
221, 686
221, 687
221, 688
221, 689
221, 690
220, 691
220, 692
220, 693
220, 694
220, 695
220, 696
220, 697
220, 698
220, 699
220, 700
220, 701
220, 702
220, 703
220, 704
220, 705
220, 706
220, 707
220, 708
220, 709
220, 710
220, 711
220, 712
220, 713
220, 714
220, 715
220, 716
220, 717
220, 718
220, 719
220, 720
220, 721
220, 722
220, 723
220, 724
220, 725
220, 726
220, 727
220, 728
220, 729
220, 730
220, 731
220, 732
219, 733
219, 734
219, 735
218, 736
218, 737
218, 738
218, 739
219, 740
218, 741
218, 742
218, 743
218, 744
218, 745
218, 746
218, 747
218, 748
218, 749
218, 750
218, 751
218, 752
218, 753
218, 754
218, 755
218, 756
218, 757
218, 758
218, 759
218, 760
218, 761
218, 762
218, 763
218, 764
218, 765
218, 766
218, 767
218, 768
218, 769
218, 770
218, 771
218, 772
218, 773
218, 774
218, 775
218, 776
218, 777
217, 778
217, 779
217, 780
217, 781
217, 782
217, 783
216, 784
216, 785
216, 786
216, 787
216, 788
216, 789
216, 790
216, 791
216, 792
216, 793
216, 794
216, 795
216, 796
216, 797
216, 798
216, 799
216, 800
216, 801
216, 802
216, 803
216, 804
216, 805
216, 806
216, 807
216, 808
216, 809
216, 810
216, 811
216, 812
216, 813
216, 814
216, 815
216, 816
216, 817
216, 818
216, 819
216, 820
216, 821
216, 822
216, 823
216, 824
215, 825
215, 826
215, 827
214, 828
214, 829
214, 830
214, 831
214, 832
214, 833
214, 834
214, 835
214, 836
214, 837
214, 838
214, 839
214, 840
214, 841
214, 842
214, 843
214, 844
214, 845
214, 846
214, 847
214, 848
214, 849
214, 850
214, 851
214, 852
214, 853
214, 854
214, 855
214, 856
214, 857
214, 858
214, 859
214, 860
214, 861
214, 862
214, 863
214, 864
214, 865
214, 866
214, 867
214, 868
213, 869
212, 870
212, 871
212, 872
212, 873
212, 874
212, 875
212, 876
212, 877
212, 878
212, 879
212, 880
212, 881
212, 882
212, 883
212, 884
212, 885
212, 886
212, 887
212, 888
212, 889
212, 890
212, 891
212, 892
212, 893
212, 894
212, 895
212, 896
212, 897
212, 898
212, 899
212, 900
212, 901
212, 902
212, 903
212, 904
212, 905
212, 906
212, 907
212, 908
212, 909
212, 910
212, 911
212, 912
211, 913
211, 914
211, 915
211, 916
211, 917
211, 918
210, 919
210, 920
210, 921
210, 922
210, 923
210, 924
210, 925
210, 926
210, 927
210, 928
210, 929
210, 930
210, 931
210, 932
210, 933
210, 934
210, 935
210, 936
210, 937
210, 938
210, 939
210, 940
210, 941
210, 942
210, 943
210, 944
210, 945
210, 946
210, 947
210, 948
210, 949
210, 950
210, 951
210, 952
210, 953
210, 954
209, 955
209, 956
208, 957
208, 958
208, 959
208, 960
208, 961
208, 962
208, 963
208, 964
208, 965
208, 966
208, 967
208, 968
208, 969
208, 970
208, 971
208, 972
208, 973
208, 974
208, 975
208, 976
208, 977
208, 978
208, 979
208, 980
208, 981
208, 982
208, 983
208, 984
208, 985
208, 986
208, 987
208, 988
208, 989
208, 990
208, 991
208, 992
208, 993
208, 994
208, 995
207, 996
207, 997
207, 998
207, 999
207, 1000
206, 1001
206, 1002
206, 1003
206, 1004
206, 1005
206, 1006
206, 1007
206, 1008
206, 1009
206, 1010
206, 1011
206, 1012
206, 1013
206, 1014
206, 1015
206, 1016
206, 1017
206, 1018
206, 1019
206, 1020
206, 1021
206, 1022
205, 1023
205, 1024
204, 1025
204, 1026
203, 1026
202, 1027
201, 1028
200, 1028
199, 1029
198, 1029
197, 1029
196, 1029
195, 1029
194, 1029
193, 1029
192, 1029
191, 1030
190, 1031
189, 1031
188, 1031
187, 1031
186, 1030
186, 1029
185, 1028
184, 1027
183, 1027
182, 1026
181, 1026
180, 1025
179, 1025
178, 1024
177, 1023
177, 1022
176, 1021
176, 1020
176, 1019
175, 1018
175, 1017
175, 1016
175, 1015
175, 1014
175, 1013
175, 1012
175, 1011
175, 1010
175, 1009
175, 1008
175, 1007
175, 1006
175, 1005
175, 1004
175, 1003
175, 1002
175, 1001
175, 1000
175, 999
175, 998
175, 997
175, 996
175, 995
175, 994
175, 993
175, 992
175, 991
175, 990
175, 989
175, 988
175, 987
175, 986
175, 985
175, 984
175, 983
175, 982
