61, 708
61, 707
61, 706
61, 705
61, 704
62, 703
62, 702
62, 701
62, 700
62, 699
62, 698
62, 697
62, 696
62, 695
62, 694
62, 693
62, 692
62, 691
62, 690
62, 689
62, 688
62, 687
62, 686
62, 685
62, 684
62, 683
62, 682
62, 681
62, 680
62, 679
62, 678
62, 677
62, 676
62, 675
62, 674
62, 673
62, 672
62, 671
62, 670
62, 669
62, 668
63, 667
63, 666
63, 665
63, 664
63, 663
64, 662
64, 661
64, 660
64, 659
64, 658
64, 657
64, 656
64, 655
64, 654
64, 653
64, 652
64, 651
64, 650
64, 649
64, 648
64, 647
64, 646
64, 645
64, 644
64, 643
64, 642
64, 641
65, 640
65, 639
66, 638
66, 637
66, 636
66, 635
66, 634
66, 633
66, 632
66, 631
66, 630
66, 629
66, 628
66, 627
66, 626
66, 625
66, 624
66, 623
66, 622
66, 621
66, 620
66, 619
66, 618
67, 617
67, 616
67, 615
68, 614
68, 613
68, 612
68, 611
68, 610
68, 609
68, 608
68, 607
68, 606
68, 605
68, 604
68, 603
68, 602
68, 601
68, 600
68, 599
69, 598
69, 597
70, 596
70, 595
70, 594
70, 593
70, 592
70, 591
70, 590
70, 589
70, 588
70, 587
70, 586
70, 585
70, 584
70, 583
71, 582
71, 581
72, 580
72, 579
72, 578
72, 577
72, 576
72, 575
72, 574
72, 573
72, 572
72, 571
72, 570
72, 569
72, 568
72, 567
73, 566
73, 565
74, 564
74, 563
74, 562
74, 561
74, 560
74, 559
74, 558
74, 557
74, 556
74, 555
74, 554
75, 553
75, 552
76, 551
76, 550
76, 549
76, 548
76, 547
76, 546
76, 545
76, 544
76, 543
76, 542
76, 541
76, 540
77, 539
77, 538
78, 537
78, 536
78, 535
78, 534
78, 533
78, 532
78, 531
78, 530
78, 529
78, 528
79, 527
79, 526
80, 525
80, 524
80, 523
80, 522
80, 521
80, 520
80, 519
80, 518
80, 517
80, 516
81, 515
81, 514
82, 513
82, 512
82, 511
82, 510
82, 509
82, 508
82, 507
82, 506
82, 505
82, 504
83, 503
83, 502
84, 501
84, 500
84, 499
84, 498
84, 497
84, 496
84, 495
84, 494
84, 493
84, 492
85, 491
86, 490
86, 489
86, 488
86, 487
86, 486
86, 485
86, 484
86, 483
86, 482
86, 481
87, 480
87, 479
88, 478
88, 477
88, 476
88, 475
88, 474
88, 473
88, 472
88, 471
88, 470
88, 469
89, 468
90, 467
90, 466
90, 465
90, 464
90, 463
90, 462
90, 461
90, 460
90, 459
90, 458
90, 457
91, 456
91, 455
92, 454
92, 453
92, 452
92, 451
92, 450
92, 449
92, 448
92, 447
92, 446
92, 445
92, 444
92, 443
93, 442
94, 441
94, 440
94, 439
94, 438
94, 437
94, 436
94, 435
94, 434
94, 433
94, 432
94, 431
94, 430
94, 429
94, 428
94, 427
94, 426
94, 425
95, 424
95, 423
95, 422
96, 421
96, 420
96, 419
96, 418
96, 417
96, 416
96, 415
96, 414
96, 413
96, 412
96, 411
96, 410
97, 409
98, 408
98, 407
98, 406
99, 405
100, 404
101, 403
102, 402
103, 402
104, 401
105, 401
106, 401
107, 401
108, 401
109, 401
110, 400
110, 399
110, 398
110, 397
110, 396
110, 395
110, 394
110, 393
110, 392
111, 391
111, 390
112, 389
112, 388
112, 387
112, 386
112, 385
112, 384
112, 383
112, 382
112, 381
112, 380
113, 379
113, 378
114, 377
114, 376
114, 375
114, 374
114, 373
114, 372
114, 371
114, 370
114, 369
114, 368
114, 367
115, 366
115, 365
116, 364
116, 363
116, 362
116, 361
116, 360
116, 359
116, 358
116, 357
116, 356
116, 355
116, 354
117, 353
118, 352
118, 351
118, 350
118, 349
118, 348
118, 347
118, 346
118, 345
118, 344
118, 343
118, 342
119, 341
120, 340
120, 339
120, 338
120, 337
120, 336
120, 335
120, 334
120, 333
120, 332
120, 331
120, 330
120, 329
121, 328
122, 327
122, 326
122, 325
122, 324
122, 323
122, 322
122, 321
122, 320
122, 319
122, 318
122, 317
123, 316
124, 315
124, 314
124, 313
124, 312
124, 311
124, 310
124, 309
124, 308
124, 307
124, 306
124, 305
125, 304
125, 303
126, 302
126, 301
126, 300
126, 299
126, 298
126, 297
126, 296
126, 295
126, 294
126, 293
127, 292
128, 291
128, 290
128, 289
128, 288
128, 287
128, 286
128, 285
128, 284
128, 283
129, 282
130, 281
130, 280
130, 279
130, 278
130, 277
130, 276
130, 275
130, 274
130, 273
131, 272
132, 271
132, 270
132, 269
132, 268
132, 267
132, 266
132, 265
132, 264
132, 263
132, 262
133, 261
133, 260
134, 259
134, 258
134, 257
134, 256
134, 255
134, 254
134, 253
134, 252
134, 251
135, 250
136, 249
136, 248
136, 247
136, 246
136, 245
136, 244
136, 243
136, 242
136, 241
137, 240
137, 239
138, 238
138, 237
138, 236
138, 235
138, 234
138, 233
138, 232
138, 231
139, 230
140, 229
140, 228
140, 227
140, 226
140, 225
140, 224
140, 223
141, 222
142, 221
142, 220
142, 219
142, 218
142, 217
142, 216
142, 215
142, 214
142, 213
142, 212
143, 211
144, 210
144, 209
144, 208
144, 207
144, 206
144, 205
144, 204
145, 203
146, 202
146, 201
146, 200
146, 199
146, 198
146, 197
146, 196
147, 195
148, 194
148, 193
148, 192
148, 191
148, 190
148, 189
148, 188
148, 187
149, 186
150, 185
150, 184
150, 183
150, 182
150, 181
150, 180
150, 179
151, 178
152, 177
152, 176
152, 175
152, 174
152, 173
152, 172
152, 171
152, 170
153, 169
154, 168
154, 167
154, 166
154, 165
154, 164
154, 163
154, 162
155, 161
155, 160
156, 159
156, 158
156, 157
156, 156
156, 155
156, 154
157, 153
158, 152
158, 151
158, 150
158, 149
158, 148
158, 147
158, 146
159, 145
160, 144
160, 143
160, 142
160, 141
160, 140
160, 139
160, 138
160, 137
161, 137
162, 136
162, 135
162, 134
162, 133
162, 132
162, 131
162, 130
163, 129
164, 128
164, 127
164, 126
164, 125
164, 124
165, 123
166, 122
166, 121
166, 120
166, 119
166, 118
166, 117
167, 116
168, 115
168, 114
168, 113
168, 112
168, 111
168, 110
169, 110
170, 109
170, 108
170, 107
170, 106
171, 105
172, 104
172, 103
172, 102
173, 101
174, 100
174, 99
175, 99
176, 98
176, 97
176, 96
177, 96
178, 95
178, 94
179, 94
180, 93
180, 92
181, 92
182, 91
183, 90
184, 89
185, 88
186, 87
187, 87
188, 86
189, 86
190, 85
191, 84
192, 84
193, 84
194, 83
195, 83
196, 82
197, 82
198, 81
199, 81
200, 80
201, 80
202, 80
203, 80
204, 80
205, 80
205, 81
205, 82
206, 83
207, 83
207, 84
206, 85
206, 86
206, 87
207, 88
207, 89
207, 90
207, 91
207, 92
207, 93
207, 94
207, 95
207, 96
207, 97
206, 97
205, 98
205, 99
205, 100
205, 101
205, 102
205, 103
205, 104
205, 105
205, 106
205, 107
205, 108
205, 109
205, 110
205, 111
205, 112
205, 113
205, 114
205, 115
205, 116
205, 117
205, 118
205, 119
205, 120
204, 120
203, 121
203, 122
203, 123
203, 124
203, 125
203, 126
203, 127
203, 128
203, 129
203, 130
203, 131
203, 132
203, 133
203, 134
203, 135
203, 136
203, 137
203, 138
202, 138
201, 139
201, 140
201, 141
201, 142
201, 143
201, 144
201, 145
201, 146
201, 147
201, 148
201, 149
201, 150
201, 151
201, 152
201, 153
201, 154
201, 155
201, 156
201, 157
200, 157
199, 158
199, 159
199, 160
199, 161
199, 162
199, 163
199, 164
199, 165
199, 166
199, 167
199, 168
199, 169
199, 170
198, 171
198, 172
198, 173
199, 174
198, 174
197, 175
197, 176
197, 177
197, 178
197, 179
197, 180
197, 181
197, 182
197, 183
197, 184
197, 185
197, 186
197, 187
197, 188
197, 189
196, 190
195, 191
195, 192
195, 193
195, 194
195, 195
195, 196
195, 197
195, 198
195, 199
195, 200
195, 201
195, 202
195, 203
195, 204
195, 205
194, 205
193, 206
193, 207
193, 208
193, 209
193, 210
193, 211
193, 212
193, 213
193, 214
193, 215
193, 216
193, 217
193, 218
193, 219
193, 220
193, 221
192, 221
191, 222
191, 223
191, 224
191, 225
191, 226
191, 227
191, 228
191, 229
191, 230
191, 231
191, 232
191, 233
191, 234
191, 235
191, 236
190, 236
189, 237
189, 238
189, 239
189, 240
189, 241
189, 242
189, 243
189, 244
189, 245
189, 246
189, 247
189, 248
189, 249
189, 250
189, 251
188, 251
187, 252
187, 253
187, 254
187, 255
187, 256
187, 257
187, 258
187, 259
187, 260
187, 261
187, 262
187, 263
187, 264
187, 265
187, 266
186, 266
185, 267
185, 268
185, 269
185, 270
185, 271
185, 272
185, 273
185, 274
185, 275
185, 276
185, 277
185, 278
185, 279
185, 280
184, 280
183, 281
183, 282
183, 283
183, 284
183, 285
183, 286
183, 287
183, 288
183, 289
183, 290
183, 291
183, 292
183, 293
183, 294
183, 295
183, 296
182, 296
181, 297
181, 298
181, 299
181, 300
181, 301
181, 302
181, 303
181, 304
181, 305
181, 306
181, 307
181, 308
181, 309
181, 310
181, 311
180, 311
179, 312
179, 313
179, 314
179, 315
179, 316
179, 317
179, 318
179, 319
179, 320
179, 321
179, 322
179, 323
179, 324
179, 325
179, 326
179, 327
179, 328
178, 328
177, 329
177, 330
177, 331
177, 332
177, 333
177, 334
177, 335
177, 336
177, 337
177, 338
177, 339
177, 340
177, 341
177, 342
177, 343
177, 344
177, 345
176, 345
175, 346
175, 347
175, 348
175, 349
175, 350
175, 351
175, 352
175, 353
175, 354
175, 355
175, 356
175, 357
175, 358
175, 359
175, 360
175, 361
174, 361
173, 362
173, 363
173, 364
173, 365
173, 366
173, 367
173, 368
173, 369
173, 370
173, 371
173, 372
173, 373
173, 374
173, 375
173, 376
172, 377
171, 378
171, 379
171, 380
171, 381
171, 382
171, 383
171, 384
171, 385
171, 386
171, 387
171, 388
171, 389
171, 390
170, 390
169, 391
169, 392
169, 393
169, 394
169, 395
169, 396
169, 397
169, 398
169, 399
169, 400
169, 401
169, 402
169, 403
168, 403
167, 404
167, 405
167, 406
167, 407
167, 408
167, 409
167, 410
167, 411
167, 412
167, 413
167, 414
167, 415
167, 416
167, 417
166, 418
166, 419
166, 420
167, 421
167, 422
168, 423
169, 423
170, 424
171, 425
172, 425
173, 426
174, 427
175, 428
176, 429
177, 430
177, 431
178, 432
178, 433
177, 434
177, 435
177, 436
176, 437
175, 438
175, 439
174, 439
173, 440
172, 440
171, 441
170, 442
170, 443
170, 444
171, 445
172, 445
173, 445
174, 444
173, 445
173, 446
172, 447
172, 448
171, 448
170, 448
169, 448
168, 449
168, 450
167, 450
166, 451
165, 452
166, 451
167, 450
168, 449
168, 448
169, 448
170, 447
170, 446
170, 445
169, 444
168, 444
167, 444
166, 445
166, 446
165, 446
164, 447
163, 448
162, 449
161, 450
160, 451
159, 452
159, 453
158, 454
158, 455
158, 456
159, 457
158, 457
157, 457
156, 457
155, 458
155, 459
154, 460
154, 461
153, 462
153, 463
153, 464
152, 465
152, 466
152, 467
153, 468
152, 468
151, 469
151, 470
151, 471
151, 472
150, 473
150, 474
150, 475
151, 476
151, 477
150, 477
149, 478
149, 479
149, 480
149, 481
149, 482
149, 483
150, 484
150, 485
149, 486
149, 487
149, 488
150, 489
150, 490
149, 491
149, 492
149, 493
149, 494
149, 495
149, 496
149, 497
149, 498
149, 499
149, 500
149, 501
149, 502
149, 503
150, 504
151, 504
150, 505
150, 506
150, 507
150, 508
150, 509
151, 510
151, 511
151, 512
152, 513
153, 513
153, 514
153, 515
153, 516
153, 517
153, 518
153, 519
153, 520
153, 521
153, 522
154, 523
155, 523
155, 524
155, 525
155, 526
155, 527
154, 528
154, 529
154, 530
154, 531
155, 532
154, 533
154, 534
154, 535
154, 536
154, 537
154, 538
154, 539
154, 540
154, 541
154, 542
154, 543
154, 544
154, 545
154, 546
154, 547
155, 548
155, 549
155, 550
155, 551
155, 552
154, 552
153, 553
153, 554
153, 555
153, 556
153, 557
153, 558
153, 559
153, 560
153, 561
153, 562
152, 563
152, 564
152, 565
152, 566
153, 567
153, 568
153, 569
153, 570
153, 571
152, 571
151, 572
151, 573
151, 574
151, 575
151, 576
151, 577
151, 578
151, 579
150, 580
150, 581
150, 582
150, 583
151, 584
151, 585
151, 586
151, 587
151, 588
150, 588
149, 589
149, 590
149, 591
149, 592
149, 593
149, 594
150, 595
149, 595
148, 596
148, 597
148, 598
149, 599
149, 600
149, 601
149, 602
148, 602
147, 603
147, 604
147, 605
147, 606
147, 607
147, 608
148, 609
148, 610
147, 610
146, 611
146, 612
146, 613
147, 614
147, 615
147, 616
146, 616
145, 617
145, 618
145, 619
145, 620
145, 621
145, 622
144, 623
144, 624
144, 625
145, 626
145, 627
145, 628
144, 628
143, 629
143, 630
143, 631
143, 632
143, 633
143, 634
142, 635
142, 636
142, 637
142, 638
142, 639
143, 640
142, 640
141, 641
141, 642
141, 643
141, 644
141, 645
141, 646
142, 647
141, 647
140, 648
140, 649
140, 650
141, 651
141, 652
141, 653
141, 654
140, 654
139, 655
139, 656
139, 657
139, 658
140, 659
141, 659
140, 659
139, 659
138, 660
138, 661
138, 662
138, 663
139, 664
139, 665
138, 665
137, 666
137, 667
137, 668
137, 669
137, 670
138, 671
139, 671
138, 671
137, 671
136, 672
136, 673
136, 674
137, 675
138, 675
137, 676
136, 676
135, 677
135, 678
135, 679
135, 680
135, 681
135, 682
135, 683
135, 684
135, 685
135, 686
134, 686
133, 687
133, 688
133, 689
133, 690
134, 691
133, 691
132, 692
132, 693
132, 694
133, 695
133, 696
132, 696
131, 697
131, 698
131, 699
131, 700
132, 701
131, 701
130, 702
130, 703
130, 704
131, 705
131, 706
130, 706
129, 707
129, 708
129, 709
129, 710
129, 711
129, 712
129, 713
129, 714
129, 715
128, 716
128, 717
128, 718
128, 719
128, 720
128, 721
128, 722
128, 723
128, 724
128, 725
128, 726
128, 727
129, 728
129, 729
129, 730
129, 731
129, 732
129, 733
129, 734
129, 735
129, 736
130, 737
131, 737
131, 738
131, 739
131, 740
131, 741
131, 742
131, 743
131, 744
132, 745
132, 746
132, 747
132, 748
133, 749
133, 750
134, 751
134, 752
134, 753
134, 754
134, 755
134, 756
134, 757
134, 758
133, 759
133, 760
132, 761
132, 762
131, 763
131, 764
130, 765
130, 766
129, 767
129, 768
129, 769
128, 769
127, 770
127, 771
127, 772
128, 773
129, 773
128, 773
127, 773
126, 773
125, 773
124, 774
124, 775
124, 776
123, 776
122, 777
121, 778
120, 779
119, 780
118, 781
118, 782
118, 783
119, 784
120, 784
121, 784
122, 783
122, 784
123, 785
124, 785
125, 785
125, 786
125, 787
124, 787
123, 787
122, 787
121, 787
120, 788
119, 788
118, 788
117, 788
116, 789
116, 790
116, 791
117, 792
118, 792
118, 793
117, 794
117, 795
116, 796
116, 797
115, 797
114, 798
113, 798
112, 799
111, 799
110, 800
109, 801
108, 801
107, 801
106, 801
105, 801
104, 801
103, 801
102, 802
101, 802
100, 802
99, 802
98, 802
97, 802
96, 801
95, 801
94, 801
93, 801
92, 802
91, 801
90, 801
89, 801
88, 800
87, 799
88, 799
89, 799
90, 799
91, 799
92, 799
93, 798
93, 797
93, 796
92, 795
91, 795
90, 795
89, 795
88, 794
87, 794
86, 794
85, 794
84, 794
83, 794
82, 794
81, 794
80, 794
79, 793
78, 793
77, 793
76, 792
75, 792
74, 792
73, 791
72, 790
71, 790
70, 790
69, 789
68, 788
67, 787
66, 786
66, 785
65, 784
64, 784
64, 783
64, 782
63, 781
63, 780
62, 779
62, 778
62, 777
62, 776
62, 775
62, 774
61, 773
61, 772
61, 771
61, 770
61, 769
61, 768
60, 767
60, 766
60, 765
60, 764
60, 763
60, 762
60, 761
60, 760
60, 759
60, 758
60, 757
60, 756
60, 755
60, 754
60, 753
60, 752
60, 751
60, 750
60, 749
60, 748
60, 747
60, 746
60, 745
60, 744
60, 743
60, 742
60, 741
60, 740
60, 739
60, 738
60, 737
60, 736
60, 735
60, 734
60, 733
60, 732
60, 731
60, 730
60, 729
60, 728
60, 727
60, 726
60, 725
60, 724
60, 723
60, 722
60, 721
60, 720
60, 719
60, 718
60, 717
60, 716
60, 715
61, 714
61, 713
61, 712
60, 711
60, 710
60, 709
