169, 822
169, 821
169, 820
169, 819
169, 818
169, 817
169, 816
169, 815
169, 814
169, 813
169, 812
169, 811
169, 810
169, 809
169, 808
169, 807
169, 806
169, 805
169, 804
169, 803
169, 802
170, 801
170, 800
170, 799
170, 798
170, 797
170, 796
169, 795
169, 794
170, 793
170, 792
170, 791
170, 790
170, 789
170, 788
170, 787
170, 786
170, 785
170, 784
170, 783
170, 782
170, 781
170, 780
170, 779
171, 778
171, 777
171, 776
171, 775
171, 774
171, 773
171, 772
171, 771
170, 770
171, 769
171, 768
171, 767
171, 766
171, 765
171, 764
171, 763
171, 762
171, 761
171, 760
171, 759
171, 758
171, 757
171, 756
171, 755
171, 754
171, 753
171, 752
171, 751
171, 750
171, 749
171, 748
171, 747
171, 746
171, 745
171, 744
171, 743
172, 742
172, 741
172, 740
172, 739
172, 738
172, 737
172, 736
172, 735
172, 734
172, 733
172, 732
172, 731
172, 730
172, 729
172, 728
172, 727
172, 726
173, 725
173, 724
173, 723
172, 722
173, 721
173, 720
173, 719
173, 718
173, 717
173, 716
173, 715
173, 714
173, 713
173, 712
173, 711
173, 710
173, 709
173, 708
173, 707
173, 706
173, 705
173, 704
173, 703
173, 702
173, 701
173, 700
173, 699
173, 698
173, 697
173, 696
173, 695
173, 694
174, 693
174, 692
174, 691
174, 690
174, 689
174, 688
174, 687
174, 686
174, 685
174, 684
174, 683
174, 682
174, 681
174, 680
174, 679
174, 678
174, 677
174, 676
174, 675
174, 674
174, 673
174, 672
174, 671
174, 670
174, 669
175, 668
175, 667
175, 666
175, 665
175, 664
175, 663
175, 662
175, 661
175, 660
175, 659
175, 658
175, 657
175, 656
175, 655
175, 654
175, 653
175, 652
175, 651
175, 650
175, 649
175, 648
175, 647
175, 646
175, 645
175, 644
175, 643
175, 642
175, 641
176, 640
176, 639
176, 638
176, 637
176, 636
176, 635
176, 634
176, 633
176, 632
176, 631
176, 630
176, 629
176, 628
176, 627
176, 626
176, 625
176, 624
176, 623
176, 622
176, 621
176, 620
176, 619
176, 618
176, 617
176, 616
176, 615
176, 614
176, 613
176, 612
176, 611
176, 610
176, 609
176, 608
176, 607
177, 606
177, 605
177, 604
177, 603
177, 602
177, 601
177, 600
177, 599
177, 598
177, 597
177, 596
177, 595
177, 594
177, 593
177, 592
177, 591
177, 590
177, 589
177, 588
177, 587
177, 586
178, 585
178, 584
178, 583
178, 582
178, 581
178, 580
178, 579
178, 578
178, 577
178, 576
178, 575
178, 574
178, 573
178, 572
178, 571
178, 570
178, 569
178, 568
178, 567
178, 566
178, 565
178, 564
178, 563
178, 562
178, 561
178, 560
178, 559
178, 558
178, 557
178, 556
178, 555
178, 554
178, 553
178, 552
178, 551
178, 550
178, 549
178, 548
178, 547
178, 546
178, 545
178, 544
178, 543
178, 542
178, 541
178, 540
178, 539
178, 538
179, 537
179, 536
179, 535
179, 534
179, 533
179, 532
179, 531
179, 530
179, 529
179, 528
179, 527
179, 526
179, 525
179, 524
179, 523
179, 522
179, 521
179, 520
179, 519
179, 518
179, 517
179, 516
179, 515
179, 514
179, 513
179, 512
179, 511
179, 510
179, 509
179, 508
179, 507
179, 506
179, 505
179, 504
179, 503
179, 502
179, 501
179, 500
179, 499
179, 498
179, 497
179, 496
179, 495
180, 494
180, 493
180, 492
180, 491
180, 490
180, 489
180, 488
180, 487
180, 486
180, 485
180, 484
180, 483
180, 482
181, 481
181, 480
181, 479
181, 478
181, 477
181, 476
181, 475
181, 474
181, 473
181, 472
181, 471
181, 470
181, 469
181, 468
182, 467
182, 466
182, 465
183, 465
184, 465
185, 465
186, 464
186, 463
186, 462
185, 461
185, 460
184, 459
184, 458
184, 457
184, 456
184, 455
184, 454
184, 453
184, 452
184, 451
184, 450
184, 449
184, 448
184, 447
184, 446
184, 445
184, 444
185, 443
185, 442
185, 441
185, 440
184, 439
184, 438
184, 437
184, 436
184, 435
184, 434
184, 433
184, 432
184, 431
185, 430
185, 429
185, 428
185, 427
185, 426
185, 425
185, 424
185, 423
185, 422
185, 421
185, 420
185, 419
185, 418
185, 417
185, 416
185, 415
185, 414
185, 413
185, 412
185, 411
185, 410
185, 409
185, 408
185, 407
185, 406
185, 405
185, 404
185, 403
185, 402
185, 401
185, 400
185, 399
185, 398
185, 397
185, 396
185, 395
185, 394
185, 393
185, 392
185, 391
185, 390
185, 389
185, 388
185, 387
185, 386
185, 385
185, 384
185, 383
185, 382
185, 381
185, 380
186, 379
186, 378
186, 377
186, 376
186, 375
186, 374
186, 373
186, 372
186, 371
186, 370
186, 369
186, 368
186, 367
186, 366
186, 365
186, 364
186, 363
186, 362
186, 361
186, 360
186, 359
186, 358
186, 357
186, 356
186, 355
186, 354
186, 353
186, 352
186, 351
186, 350
186, 349
186, 348
186, 347
186, 346
186, 345
186, 344
186, 343
186, 342
186, 341
186, 340
186, 339
186, 338
186, 337
186, 336
186, 335
186, 334
186, 333
186, 332
186, 331
186, 330
186, 329
186, 328
186, 327
186, 326
186, 325
186, 324
186, 323
186, 322
186, 321
186, 320
187, 319
187, 318
187, 317
187, 316
187, 315
187, 314
187, 313
187, 312
187, 311
187, 310
187, 309
187, 308
187, 307
187, 306
187, 305
187, 304
187, 303
187, 302
187, 301
187, 300
187, 299
187, 298
187, 297
187, 296
187, 295
187, 294
187, 293
187, 292
187, 291
187, 290
187, 289
187, 288
187, 287
187, 286
187, 285
187, 284
187, 283
187, 282
188, 281
188, 280
188, 279
188, 278
188, 277
188, 276
188, 275
188, 274
188, 273
188, 272
188, 271
188, 270
188, 269
188, 268
188, 267
188, 266
188, 265
188, 264
188, 263
188, 262
188, 261
188, 260
189, 259
189, 258
189, 257
188, 256
189, 255
189, 254
189, 253
189, 252
189, 251
189, 250
189, 249
189, 248
189, 247
189, 246
189, 245
189, 244
189, 243
189, 242
190, 241
190, 240
190, 239
190, 238
190, 237
190, 236
190, 235
190, 234
190, 233
190, 232
190, 231
190, 230
190, 229
190, 228
191, 227
191, 226
191, 225
191, 224
191, 223
191, 222
191, 221
191, 220
191, 219
192, 218
192, 217
192, 216
192, 215
192, 214
192, 213
193, 212
193, 211
193, 210
193, 209
193, 208
193, 207
193, 206
193, 205
193, 204
194, 203
194, 202
194, 201
194, 200
194, 199
194, 198
194, 197
195, 196
195, 195
195, 194
195, 193
195, 192
195, 191
195, 190
196, 189
196, 188
196, 187
196, 186
197, 185
197, 184
197, 183
197, 182
197, 181
197, 180
197, 179
197, 178
197, 177
198, 176
198, 175
198, 174
198, 173
199, 172
199, 171
199, 170
199, 169
200, 168
200, 167
200, 166
200, 165
200, 164
200, 163
201, 162
202, 161
202, 160
202, 159
202, 158
202, 157
202, 156
202, 155
202, 154
203, 153
204, 152
204, 151
204, 150
204, 149
204, 148
204, 147
204, 146
205, 145
205, 144
205, 143
206, 142
206, 141
206, 140
206, 139
206, 138
207, 137
207, 136
207, 135
207, 134
208, 133
208, 132
208, 131
209, 130
209, 129
209, 128
210, 127
210, 126
210, 125
211, 124
211, 123
212, 122
213, 122
214, 122
215, 123
215, 124
216, 125
216, 126
216, 127
217, 128
218, 129
218, 130
218, 131
218, 132
218, 133
218, 134
218, 135
218, 136
219, 137
220, 138
220, 139
220, 140
220, 141
220, 142
220, 143
220, 144
220, 145
220, 146
221, 147
221, 148
221, 149
221, 150
221, 151
221, 152
222, 153
222, 154
222, 155
222, 156
223, 157
223, 158
224, 159
224, 160
224, 161
224, 162
224, 163
224, 164
224, 165
224, 166
225, 167
225, 168
226, 169
226, 170
226, 171
226, 172
226, 173
226, 174
226, 175
227, 176
227, 177
227, 178
228, 179
228, 180
228, 181
228, 182
228, 183
228, 184
228, 185
229, 186
229, 187
229, 188
229, 189
230, 190
230, 191
230, 192
230, 193
230, 194
230, 195
230, 196
230, 197
231, 198
231, 199
231, 200
232, 201
232, 202
232, 203
232, 204
232, 205
232, 206
232, 207
232, 208
232, 209
233, 210
233, 211
233, 212
233, 213
233, 214
233, 215
233, 216
234, 217
234, 218
234, 219
234, 220
234, 221
234, 222
234, 223
234, 224
234, 225
234, 226
234, 227
234, 228
235, 229
235, 230
235, 231
235, 232
236, 233
236, 234
236, 235
236, 236
236, 237
236, 238
236, 239
236, 240
236, 241
236, 242
236, 243
236, 244
236, 245
236, 246
237, 247
237, 248
237, 249
237, 250
237, 251
237, 252
238, 253
238, 254
238, 255
238, 256
238, 257
238, 258
238, 259
238, 260
238, 261
238, 262
238, 263
238, 264
238, 265
238, 266
239, 267
239, 268
239, 269
239, 270
239, 271
239, 272
239, 273
239, 274
239, 275
239, 276
240, 277
240, 278
240, 279
240, 280
240, 281
240, 282
240, 283
240, 284
240, 285
240, 286
240, 287
240, 288
240, 289
240, 290
240, 291
240, 292
240, 293
240, 294
240, 295
240, 296
240, 297
240, 298
241, 299
241, 300
241, 301
241, 302
241, 303
241, 304
241, 305
241, 306
242, 307
242, 308
242, 309
242, 310
242, 311
242, 312
242, 313
242, 314
242, 315
242, 316
242, 317
242, 318
242, 319
242, 320
242, 321
242, 322
242, 323
242, 324
242, 325
242, 326
242, 327
242, 328
242, 329
242, 330
242, 331
242, 332
242, 333
242, 334
242, 335
242, 336
242, 337
242, 338
242, 339
242, 340
242, 341
242, 342
242, 343
242, 344
242, 345
242, 346
242, 347
242, 348
242, 349
242, 350
242, 351
242, 352
242, 353
242, 354
242, 355
243, 356
243, 357
243, 358
243, 359
242, 360
242, 361
242, 362
243, 363
242, 364
242, 365
242, 366
243, 367
243, 368
243, 369
243, 370
243, 371
243, 372
243, 373
243, 374
244, 375
244, 376
244, 377
244, 378
243, 379
243, 380
243, 381
243, 382
243, 383
242, 384
242, 385
242, 386
243, 387
243, 388
243, 389
243, 390
243, 391
243, 392
243, 393
243, 394
243, 395
243, 396
243, 397
243, 398
243, 399
243, 400
243, 401
243, 402
243, 403
243, 404
243, 405
243, 406
243, 407
243, 408
243, 409
243, 410
243, 411
243, 412
243, 413
243, 414
243, 415
243, 416
243, 417
243, 418
242, 419
242, 420
242, 421
242, 422
242, 423
242, 424
242, 425
242, 426
242, 427
243, 428
242, 429
242, 430
242, 431
242, 432
242, 433
242, 434
242, 435
243, 436
243, 437
243, 438
243, 439
243, 440
243, 441
244, 442
244, 443
244, 444
244, 445
244, 446
244, 447
244, 448
244, 449
245, 450
246, 451
247, 452
248, 453
248, 454
248, 455
248, 456
248, 457
248, 458
248, 459
248, 460
248, 461
248, 462
248, 463
248, 464
248, 465
248, 466
248, 467
248, 468
248, 469
247, 470
247, 471
247, 472
247, 473
247, 474
247, 475
247, 476
247, 477
247, 478
247, 479
247, 480
246, 481
246, 482
246, 483
245, 484
245, 485
245, 486
244, 487
243, 488
242, 489
241, 490
241, 491
240, 492
240, 493
239, 494
239, 495
238, 496
238, 497
237, 498
237, 499
237, 500
237, 501
236, 502
236, 503
236, 504
235, 505
235, 506
235, 507
234, 508
234, 509
234, 510
234, 511
234, 512
234, 513
234, 514
234, 515
234, 516
233, 517
233, 518
233, 519
233, 520
232, 521
232, 522
232, 523
232, 524
232, 525
232, 526
232, 527
232, 528
232, 529
232, 530
232, 531
232, 532
232, 533
232, 534
232, 535
232, 536
232, 537
232, 538
232, 539
232, 540
232, 541
232, 542
232, 543
232, 544
232, 545
232, 546
232, 547
232, 548
232, 549
232, 550
232, 551
232, 552
232, 553
233, 554
233, 555
233, 556
233, 557
233, 558
233, 559
233, 560
233, 561
233, 562
233, 563
233, 564
233, 565
234, 566
234, 567
234, 568
234, 569
234, 570
234, 571
234, 572
234, 573
234, 574
234, 575
234, 576
234, 577
234, 578
234, 579
234, 580
234, 581
235, 582
235, 583
235, 584
235, 585
235, 586
235, 587
235, 588
235, 589
235, 590
235, 591
235, 592
236, 593
236, 594
236, 595
236, 596
236, 597
237, 598
237, 599
237, 600
237, 601
237, 602
237, 603
237, 604
237, 605
237, 606
237, 607
237, 608
238, 609
238, 610
238, 611
238, 612
238, 613
238, 614
238, 615
238, 616
238, 617
238, 618
238, 619
238, 620
238, 621
238, 622
239, 623
239, 624
239, 625
239, 626
239, 627
239, 628
239, 629
239, 630
240, 631
240, 632
240, 633
240, 634
240, 635
240, 636
240, 637
240, 638
240, 639
240, 640
241, 641
241, 642
241, 643
241, 644
241, 645
241, 646
241, 647
241, 648
242, 649
241, 650
241, 651
241, 652
242, 653
242, 654
242, 655
242, 656
242, 657
242, 658
242, 659
242, 660
242, 661
242, 662
242, 663
243, 664
243, 665
243, 666
243, 667
243, 668
243, 669
244, 670
244, 671
244, 672
244, 673
244, 674
244, 675
244, 676
244, 677
244, 678
244, 679
244, 680
245, 681
245, 682
245, 683
245, 684
245, 685
245, 686
245, 687
245, 688
246, 689
245, 690
245, 691
245, 692
246, 693
246, 694
246, 695
246, 696
246, 697
246, 698
246, 699
246, 700
246, 701
246, 702
246, 703
246, 704
247, 705
247, 706
247, 707
247, 708
247, 709
247, 710
247, 711
247, 712
247, 713
247, 714
247, 715
247, 716
247, 717
247, 718
247, 719
247, 720
248, 721
248, 722
248, 723
248, 724
248, 725
248, 726
248, 727
248, 728
248, 729
248, 730
248, 731
248, 732
248, 733
248, 734
248, 735
248, 736
248, 737
248, 738
248, 739
248, 740
248, 741
248, 742
248, 743
248, 744
248, 745
248, 746
248, 747
249, 748
249, 749
249, 750
249, 751
249, 752
249, 753
248, 754
248, 755
248, 756
249, 757
249, 758
249, 759
249, 760
249, 761
249, 762
249, 763
249, 764
249, 765
249, 766
249, 767
249, 768
249, 769
248, 770
248, 771
248, 772
248, 773
248, 774
248, 775
248, 776
248, 777
248, 778
249, 779
249, 780
248, 781
248, 782
248, 783
248, 784
248, 785
248, 786
248, 787
247, 788
247, 789
247, 790
247, 791
247, 792
247, 793
247, 794
246, 795
246, 796
246, 797
246, 798
246, 799
246, 800
246, 801
246, 802
246, 803
245, 804
245, 805
245, 806
245, 807
245, 808
244, 809
244, 810
244, 811
243, 812
243, 813
243, 814
243, 815
243, 816
242, 817
241, 818
241, 819
241, 820
240, 821
240, 822
240, 823
239, 824
239, 825
239, 826
238, 827
238, 828
238, 829
237, 830
236, 831
235, 832
235, 833
234, 834
234, 835
233, 836
232, 837
232, 838
232, 839
232, 840
231, 841
230, 842
230, 843
229, 844
228, 844
227, 845
227, 846
226, 846
225, 847
225, 848
225, 849
224, 849
223, 850
222, 851
222, 852
221, 853
220, 854
219, 854
218, 854
217, 855
216, 856
215, 857
214, 858
213, 859
212, 860
212, 861
211, 862
210, 863
209, 864
209, 865
208, 865
207, 865
206, 866
206, 867
206, 868
206, 869
205, 869
204, 869
203, 869
202, 869
201, 870
200, 870
199, 871
198, 871
197, 872
197, 873
196, 873
195, 873
194, 874
193, 874
192, 875
191, 875
190, 875
189, 876
188, 876
187, 876
186, 876
185, 876
184, 876
183, 876
182, 877
181, 877
180, 876
179, 876
178, 876
177, 875
176, 874
175, 873
174, 872
173, 872
172, 872
171, 872
170, 872
169, 871
168, 870
168, 869
168, 868
168, 867
168, 866
168, 865
168, 864
168, 863
168, 862
168, 861
168, 860
168, 859
168, 858
168, 857
168, 856
168, 855
168, 854
168, 853
168, 852
168, 851
168, 850
168, 849
168, 848
168, 847
168, 846
168, 845
168, 844
168, 843
168, 842
168, 841
168, 840
168, 839
168, 838
168, 837
168, 836
168, 835
168, 834
168, 833
168, 832
168, 831
168, 830
168, 829
168, 828
168, 827
168, 826
168, 825
168, 824
168, 823
