69, 135
70, 134
70, 133
70, 132
70, 131
70, 130
71, 129
71, 128
71, 127
72, 126
72, 125
72, 124
72, 123
73, 123
74, 122
74, 121
74, 120
74, 119
74, 118
74, 117
75, 117
76, 116
76, 115
76, 114
76, 113
77, 113
78, 112
78, 111
78, 110
79, 109
80, 108
80, 107
81, 106
82, 105
82, 104
83, 103
84, 102
84, 101
85, 101
86, 100
86, 99
87, 99
88, 98
88, 97
89, 97
90, 96
90, 95
91, 95
92, 94
92, 93
93, 93
94, 92
95, 91
96, 91
97, 90
98, 89
99, 89
100, 88
101, 88
102, 87
103, 87
104, 87
105, 86
106, 85
107, 85
108, 85
109, 85
110, 85
111, 84
112, 84
113, 84
114, 84
115, 84
116, 84
116, 85
116, 86
117, 87
118, 87
119, 87
120, 87
121, 87
122, 86
122, 85
122, 84
122, 83
122, 84
122, 85
123, 86
124, 86
125, 86
126, 86
127, 86
128, 86
129, 86
130, 86
131, 86
132, 86
133, 86
134, 87
135, 87
136, 87
137, 87
138, 88
139, 88
140, 88
141, 89
142, 89
143, 90
144, 90
145, 91
146, 91
147, 92
148, 93
149, 93
150, 93
151, 92
152, 92
153, 93
154, 94
155, 95
156, 96
157, 97
158, 98
158, 99
159, 100
160, 101
161, 102
161, 103
162, 104
163, 105
163, 106
163, 107
164, 108
165, 109
165, 110
165, 111
166, 112
167, 113
167, 114
167, 115
167, 116
167, 117
168, 118
169, 119
169, 120
169, 121
169, 122
169, 123
169, 124
170, 125
170, 126
171, 127
171, 128
171, 129
171, 130
171, 131
171, 132
171, 133
171, 134
171, 135
171, 136
172, 137
172, 138
172, 139
172, 140
172, 141
172, 142
172, 143
173, 144
173, 145
173, 146
173, 147
173, 148
173, 149
173, 150
173, 151
172, 152
172, 153
172, 154
172, 155
173, 156
172, 157
172, 158
172, 159
171, 160
171, 161
171, 162
171, 163
171, 164
171, 165
171, 166
171, 167
171, 168
171, 169
171, 170
171, 171
170, 172
170, 173
170, 174
170, 175
170, 176
170, 177
170, 178
169, 179
169, 180
169, 181
169, 182
169, 183
168, 183
167, 184
167, 185
167, 186
167, 187
167, 188
166, 188
165, 189
165, 190
165, 191
165, 192
165, 193
164, 193
163, 194
163, 195
163, 196
163, 197
163, 198
162, 198
161, 199
161, 200
161, 201
161, 202
160, 202
159, 203
159, 204
159, 205
159, 206
159, 207
159, 208
158, 208
157, 209
157, 210
156, 210
155, 211
155, 212
154, 213
153, 214
153, 215
152, 216
151, 217
151, 218
150, 219
150, 220
149, 221
148, 222
148, 223
147, 224
146, 225
145, 226
145, 227
144, 228
143, 229
143, 230
142, 231
141, 232
140, 233
140, 234
139, 235
138, 235
137, 235
136, 236
136, 237
136, 238
136, 239
135, 240
135, 241
135, 242
134, 243
134, 244
133, 245
133, 246
133, 247
133, 248
132, 249
132, 250
132, 251
132, 252
132, 253
131, 254
131, 255
131, 256
131, 257
131, 258
131, 259
131, 260
131, 261
131, 262
131, 263
131, 264
131, 265
131, 266
131, 267
131, 268
131, 269
131, 270
131, 271
131, 272
131, 273
132, 274
132, 275
132, 276
132, 277
132, 278
132, 279
132, 280
132, 281
132, 282
132, 283
132, 284
132, 285
132, 286
132, 287
132, 288
132, 289
132, 290
132, 291
132, 292
132, 293
132, 294
132, 295
132, 296
133, 297
133, 298
133, 299
133, 300
133, 301
133, 302
133, 303
133, 304
133, 305
133, 306
133, 307
133, 308
133, 309
133, 310
133, 311
133, 312
133, 313
133, 314
133, 315
133, 316
133, 317
133, 318
133, 319
133, 320
134, 321
134, 322
134, 323
134, 324
134, 325
134, 326
134, 327
134, 328
134, 329
134, 330
134, 331
134, 332
135, 333
136, 333
137, 333
138, 333
139, 333
140, 332
141, 332
142, 331
143, 331
144, 330
145, 330
146, 330
147, 329
148, 330
149, 330
150, 330
151, 330
152, 331
153, 332
154, 332
154, 333
155, 334
156, 335
156, 336
157, 337
157, 338
158, 339
159, 340
159, 341
160, 342
160, 343
160, 344
161, 345
160, 346
160, 347
160, 348
160, 349
160, 350
160, 351
160, 352
160, 353
160, 354
160, 355
160, 356
160, 357
160, 358
160, 359
160, 360
160, 361
160, 362
160, 363
160, 364
160, 365
160, 366
160, 367
160, 368
160, 369
160, 370
160, 371
160, 372
160, 373
160, 374
160, 375
160, 376
160, 377
160, 378
160, 379
160, 380
160, 381
160, 382
160, 383
160, 384
160, 385
160, 386
160, 387
160, 388
160, 389
160, 390
160, 391
160, 392
160, 393
160, 394
160, 395
161, 396
161, 397
161, 398
161, 399
161, 400
160, 401
160, 402
160, 403
161, 404
161, 405
161, 406
161, 407
161, 408
161, 409
161, 410
161, 411
161, 412
161, 413
161, 414
161, 415
161, 416
161, 417
161, 418
162, 419
162, 420
162, 421
162, 422
162, 423
162, 424
162, 425
162, 426
162, 427
162, 428
162, 429
162, 430
162, 431
163, 432
163, 433
163, 434
163, 435
163, 436
163, 437
163, 438
163, 439
163, 440
163, 441
163, 442
163, 443
163, 444
163, 445
163, 446
163, 447
163, 448
163, 449
163, 450
163, 451
163, 452
163, 453
163, 454
164, 455
164, 456
164, 457
164, 458
164, 459
164, 460
164, 461
165, 462
165, 463
165, 464
165, 465
165, 466
165, 467
165, 468
165, 469
165, 470
165, 471
165, 472
165, 473
165, 474
165, 475
165, 476
166, 477
166, 478
166, 479
166, 480
166, 481
166, 482
167, 483
167, 484
167, 485
167, 486
167, 487
167, 488
167, 489
167, 490
167, 491
167, 492
167, 493
167, 494
167, 495
167, 496
168, 497
168, 498
168, 499
168, 500
169, 501
169, 502
169, 503
169, 504
169, 505
169, 506
169, 507
169, 508
169, 509
169, 510
169, 511
169, 512
170, 513
170, 514
170, 515
170, 516
170, 517
171, 518
171, 519
171, 520
171, 521
171, 522
171, 523
171, 524
171, 525
171, 526
171, 527
172, 528
172, 529
172, 530
173, 531
173, 532
173, 533
173, 534
173, 535
173, 536
173, 537
173, 538
174, 539
174, 540
174, 541
175, 542
175, 543
175, 544
175, 545
175, 546
175, 547
175, 548
175, 549
175, 550
176, 551
176, 552
177, 553
177, 554
177, 555
177, 556
177, 557
177, 558
177, 559
177, 560
178, 561
178, 562
179, 563
179, 564
179, 565
179, 566
179, 567
179, 568
179, 569
180, 570
180, 571
181, 572
181, 573
181, 574
181, 575
181, 576
181, 577
181, 578
181, 579
181, 580
182, 581
182, 582
182, 583
183, 584
183, 585
183, 586
183, 587
183, 588
183, 589
183, 590
183, 591
183, 592
183, 593
183, 594
184, 595
184, 596
184, 597
184, 598
185, 599
185, 600
185, 601
185, 602
185, 603
185, 604
185, 605
185, 606
185, 607
186, 608
186, 609
186, 610
186, 611
186, 612
186, 613
186, 614
186, 615
187, 616
187, 617
187, 618
187, 619
187, 620
187, 621
188, 622
187, 623
187, 624
187, 625
188, 626
188, 627
188, 628
189, 629
189, 630
189, 631
189, 632
189, 633
189, 634
189, 635
189, 636
189, 637
190, 638
190, 639
190, 640
190, 641
190, 640
189, 639
189, 638
189, 637
189, 636
189, 635
189, 634
188, 633
187, 633
186, 633
185, 634
185, 635
184, 636
184, 637
184, 638
184, 639
185, 640
185, 641
186, 642
187, 643
188, 643
188, 644
189, 645
190, 646
191, 646
192, 646
192, 647
192, 648
192, 649
193, 650
193, 651
193, 652
193, 653
193, 654
193, 655
193, 656
193, 657
193, 658
193, 659
193, 660
193, 661
193, 662
192, 663
192, 664
192, 665
193, 666
193, 667
192, 668
192, 669
191, 669
190, 669
189, 670
189, 671
189, 672
190, 673
191, 674
192, 675
191, 676
191, 677
191, 678
191, 679
192, 680
193, 680
192, 681
191, 682
191, 683
191, 684
191, 683
191, 682
191, 681
191, 680
191, 679
191, 678
191, 677
190, 676
190, 675
189, 674
188, 674
187, 674
186, 675
186, 676
185, 677
184, 677
183, 678
183, 679
183, 680
182, 680
181, 681
181, 682
180, 682
179, 683
179, 684
179, 685
178, 686
178, 687
178, 688
177, 689
176, 689
175, 690
175, 691
175, 692
176, 693
177, 693
178, 693
179, 692
180, 692
181, 692
182, 692
183, 692
184, 691
185, 691
186, 691
187, 690
188, 689
189, 688
189, 689
188, 690
187, 691
187, 692
187, 693
186, 693
185, 694
185, 695
184, 695
183, 696
183, 697
182, 697
181, 698
180, 699
179, 700
179, 701
178, 701
177, 701
176, 701
175, 702
175, 703
174, 703
173, 704
172, 704
171, 704
170, 704
169, 705
168, 705
167, 705
166, 706
165, 706
164, 706
163, 705
162, 705
161, 705
160, 705
161, 705
162, 705
163, 705
164, 705
165, 704
166, 704
167, 704
168, 703
169, 703
170, 703
171, 702
171, 701
171, 700
170, 699
169, 699
168, 699
167, 699
166, 700
165, 700
164, 700
163, 700
162, 701
161, 701
160, 701
159, 701
158, 702
158, 701
158, 700
157, 699
156, 698
155, 698
155, 697
155, 696
155, 695
156, 694
156, 693
156, 692
155, 691
154, 691
153, 691
152, 692
151, 693
151, 694
150, 694
149, 694
148, 695
147, 695
146, 696
146, 697
146, 698
146, 699
147, 700
148, 700
149, 700
150, 699
150, 698
151, 698
151, 699
151, 700
152, 701
153, 702
154, 702
153, 703
153, 704
153, 705
152, 705
151, 704
151, 703
151, 702
150, 701
149, 700
148, 700
147, 700
146, 701
146, 700
145, 699
144, 699
143, 699
143, 698
142, 697
141, 697
140, 697
139, 698
138, 698
138, 697
137, 696
136, 695
136, 694
136, 693
135, 692
135, 691
134, 690
134, 689
134, 688
134, 687
134, 686
134, 685
134, 684
133, 683
133, 682
133, 681
133, 680
133, 679
133, 678
133, 677
133, 676
133, 675
133, 674
133, 673
133, 672
133, 671
133, 670
133, 669
134, 668
134, 667
134, 666
134, 665
134, 664
134, 663
134, 662
134, 661
134, 660
134, 659
134, 658
134, 657
135, 656
135, 655
135, 654
135, 653
135, 652
136, 651
136, 650
136, 649
136, 648
136, 647
136, 646
136, 645
136, 644
136, 643
136, 642
136, 641
136, 640
136, 639
136, 638
136, 637
137, 636
137, 635
137, 634
137, 633
138, 632
138, 631
138, 630
138, 629
138, 628
139, 627
139, 626
139, 625
140, 624
140, 623
140, 622
140, 621
140, 620
141, 619
141, 618
141, 617
141, 616
140, 615
140, 614
140, 613
140, 614
140, 615
141, 616
142, 616
143, 616
144, 615
145, 614
145, 613
145, 612
145, 611
145, 610
144, 609
144, 608
145, 608
146, 608
147, 607
147, 606
147, 605
147, 604
147, 603
147, 602
147, 601
147, 600
147, 599
147, 598
146, 597
145, 597
145, 596
145, 595
145, 594
146, 593
146, 592
146, 591
146, 590
147, 589
147, 588
147, 587
147, 586
147, 585
147, 584
147, 583
147, 582
147, 581
147, 580
147, 579
148, 578
148, 577
148, 576
148, 575
148, 574
147, 573
146, 572
145, 572
145, 571
145, 570
145, 569
146, 568
146, 567
146, 566
146, 565
146, 564
147, 564
148, 564
149, 563
149, 562
149, 561
148, 560
147, 560
146, 560
146, 559
147, 559
148, 559
149, 558
149, 557
149, 556
149, 555
149, 554
149, 553
149, 552
149, 551
148, 550
147, 550
146, 550
146, 549
146, 548
146, 547
147, 546
148, 546
149, 546
150, 545
150, 544
150, 543
151, 542
151, 541
151, 540
152, 539
153, 538
153, 537
153, 536
154, 536
155, 535
155, 534
155, 533
154, 532
153, 532
152, 532
151, 532
151, 531
151, 530
151, 529
151, 528
150, 527
150, 526
150, 525
150, 524
150, 523
150, 522
150, 521
151, 520
151, 519
151, 518
151, 517
150, 516
151, 515
151, 514
151, 513
151, 512
151, 511
150, 510
149, 510
149, 509
150, 508
151, 507
151, 506
152, 505
152, 504
152, 503
152, 502
152, 501
151, 500
150, 500
150, 499
151, 498
151, 499
152, 500
153, 501
153, 502
153, 503
153, 504
153, 505
153, 506
154, 507
155, 507
156, 507
157, 506
157, 505
158, 504
158, 503
158, 502
157, 501
157, 500
157, 499
156, 498
155, 497
154, 496
153, 496
152, 496
153, 495
154, 494
154, 493
154, 492
153, 491
153, 490
154, 489
154, 488
154, 487
154, 486
155, 485
155, 484
155, 483
154, 482
155, 481
155, 480
155, 479
155, 478
155, 477
155, 476
155, 475
154, 474
154, 473
154, 472
153, 471
153, 470
153, 469
153, 468
153, 467
153, 466
153, 465
153, 464
153, 463
153, 462
153, 461
152, 460
152, 459
152, 458
152, 457
151, 456
151, 455
151, 454
151, 453
151, 452
150, 451
151, 450
151, 449
151, 448
152, 447
152, 446
152, 445
152, 444
152, 443
151, 442
151, 441
151, 440
150, 439
150, 438
150, 437
150, 438
151, 439
152, 439
153, 439
154, 438
154, 437
154, 436
154, 435
154, 434
153, 433
152, 433
151, 433
151, 432
151, 431
151, 430
152, 430
153, 430
154, 429
154, 428
154, 427
154, 426
153, 425
152, 425
151, 425
150, 425
150, 424
150, 423
150, 422
150, 421
151, 421
152, 420
152, 419
153, 418
153, 417
153, 416
152, 415
151, 415
150, 414
149, 414
148, 414
147, 414
146, 413
146, 412
146, 411
146, 410
146, 409
147, 409
147, 410
147, 411
148, 412
149, 412
150, 412
151, 411
151, 410
151, 409
151, 408
151, 407
150, 406
150, 405
150, 404
149, 403
148, 403
147, 403
146, 404
146, 403
146, 402
146, 401
146, 400
146, 399
146, 398
146, 397
146, 396
146, 395
146, 394
146, 393
146, 392
146, 391
146, 390
145, 389
145, 388
145, 387
145, 386
145, 385
145, 384
145, 383
145, 382
145, 381
145, 380
144, 379
144, 378
144, 377
144, 376
144, 375
144, 374
144, 373
144, 372
144, 371
144, 370
144, 369
144, 368
144, 367
144, 366
144, 365
144, 364
145, 363
145, 362
145, 361
144, 360
143, 360
142, 360
141, 360
140, 360
139, 360
138, 360
137, 360
136, 361
135, 361
134, 361
133, 361
132, 361
131, 361
130, 361
129, 362
128, 362
127, 362
126, 362
126, 361
125, 360
124, 359
124, 358
123, 357
122, 356
122, 355
122, 354
121, 353
121, 352
121, 351
121, 350
120, 349
120, 348
120, 347
119, 346
119, 345
119, 344
119, 343
119, 342
119, 341
119, 340
119, 339
119, 338
119, 337
119, 336
119, 335
119, 334
119, 333
119, 332
119, 331
119, 330
119, 329
119, 328
119, 327
119, 326
118, 325
118, 324
118, 323
118, 322
118, 321
118, 320
118, 319
118, 318
118, 317
118, 316
118, 315
118, 314
118, 313
118, 312
118, 311
118, 310
118, 309
118, 308
118, 307
118, 306
118, 305
118, 304
118, 303
118, 302
118, 301
118, 300
118, 299
118, 298
118, 297
118, 296
118, 295
118, 294
118, 293
118, 292
118, 291
118, 290
118, 289
118, 288
118, 287
118, 286
118, 285
118, 284
118, 283
118, 282
118, 281
118, 280
118, 279
118, 278
118, 277
118, 276
118, 275
118, 274
118, 273
118, 272
118, 271
118, 270
118, 269
118, 268
118, 267
118, 266
118, 265
118, 264
117, 263
117, 262
117, 261
117, 260
117, 259
117, 258
117, 257
117, 256
117, 255
117, 254
117, 253
117, 252
117, 251
117, 250
117, 249
117, 248
117, 247
117, 246
116, 245
116, 244
116, 243
115, 242
115, 241
114, 240
114, 239
114, 238
113, 237
112, 236
111, 235
110, 234
109, 233
108, 232
108, 231
107, 230
106, 229
105, 228
104, 227
103, 226
102, 225
102, 224
101, 223
100, 222
99, 221
98, 220
98, 219
97, 218
97, 217
96, 216
95, 215
95, 214
94, 213
93, 213
92, 213
91, 213
90, 212
90, 211
89, 210
88, 209
87, 208
87, 207
86, 206
86, 205
85, 204
85, 203
84, 202
84, 201
83, 200
83, 199
82, 198
81, 197
81, 196
81, 195
80, 194
80, 193
79, 192
79, 191
79, 190
78, 189
78, 188
77, 187
77, 186
76, 185
76, 184
76, 183
76, 182
75, 181
74, 180
74, 179
74, 178
74, 177
74, 176
74, 175
74, 174
73, 173
72, 172
72, 171
72, 170
72, 169
72, 168
72, 167
72, 166
72, 165
72, 164
71, 163
70, 162
70, 161
70, 160
70, 159
70, 158
70, 157
70, 156
70, 155
70, 154
70, 153
70, 152
70, 151
70, 150
69, 149
69, 148
69, 147
68, 146
68, 145
69, 144
69, 143
69, 142
68, 141
68, 140
68, 139
68, 138
68, 137
68, 136
