63, 206
63, 205
63, 204
63, 203
63, 202
63, 201
63, 200
63, 199
63, 198
63, 197
63, 196
63, 195
63, 194
63, 193
63, 192
63, 191
63, 190
63, 189
64, 188
64, 187
64, 186
64, 185
64, 184
64, 183
64, 182
65, 181
65, 180
65, 179
65, 178
65, 177
65, 176
65, 175
65, 174
66, 173
66, 172
66, 171
66, 170
66, 169
67, 168
67, 167
67, 166
67, 165
67, 164
67, 163
68, 162
68, 161
68, 160
68, 159
68, 158
69, 157
69, 156
69, 155
69, 154
70, 153
70, 152
70, 151
70, 150
71, 149
71, 148
71, 147
72, 146
72, 145
72, 144
72, 143
73, 142
73, 141
73, 140
74, 139
74, 138
74, 137
75, 136
75, 135
75, 134
76, 133
76, 132
76, 131
77, 130
77, 129
78, 128
78, 127
78, 126
79, 125
79, 124
80, 123
80, 122
81, 121
81, 120
82, 119
82, 118
83, 117
83, 116
84, 115
84, 114
85, 113
86, 112
86, 111
87, 110
88, 109
88, 108
89, 107
90, 106
90, 105
91, 104
92, 103
93, 102
94, 101
95, 101
96, 100
97, 99
98, 98
99, 98
100, 97
101, 96
102, 96
103, 95
104, 94
105, 94
106, 93
107, 93
108, 92
109, 91
110, 91
111, 90
112, 90
113, 90
114, 90
115, 89
116, 88
117, 88
118, 89
119, 90
120, 90
121, 90
122, 89
123, 89
124, 88
125, 88
126, 88
127, 88
128, 88
129, 88
130, 87
131, 87
132, 87
133, 87
134, 87
135, 87
136, 87
137, 87
138, 87
139, 87
140, 87
141, 87
142, 87
143, 87
144, 87
145, 87
146, 88
147, 88
148, 88
149, 88
150, 89
151, 89
152, 89
153, 90
154, 90
155, 90
156, 91
157, 91
158, 92
159, 92
160, 93
161, 93
162, 94
163, 95
164, 95
165, 96
166, 97
167, 98
168, 98
169, 99
170, 100
170, 101
171, 102
172, 103
173, 103
173, 104
174, 105
175, 106
176, 107
177, 108
177, 109
178, 110
178, 111
178, 112
178, 113
179, 114
180, 114
180, 115
181, 116
181, 117
181, 118
182, 119
182, 120
183, 121
184, 121
185, 122
185, 123
185, 124
186, 125
187, 125
187, 126
187, 127
187, 128
188, 129
189, 129
189, 130
189, 131
189, 132
190, 133
191, 134
191, 135
191, 136
190, 137
190, 138
190, 139
191, 140
192, 140
193, 140
193, 141
194, 142
194, 143
194, 144
194, 145
195, 146
195, 147
196, 148
197, 148
197, 149
197, 150
197, 151
198, 152
199, 152
199, 153
199, 154
199, 155
199, 156
199, 157
199, 158
200, 159
200, 160
200, 161
200, 162
200, 163
200, 164
201, 165
201, 166
201, 167
202, 168
203, 169
203, 170
203, 171
203, 172
203, 173
203, 174
204, 175
205, 175
205, 176
205, 177
205, 178
204, 179
204, 180
204, 181
204, 182
205, 183
206, 184
207, 184
208, 184
209, 183
209, 182
209, 181
209, 180
209, 179
209, 178
209, 177
209, 176
209, 175
208, 174
207, 174
207, 173
207, 172
207, 171
207, 170
207, 169
207, 168
207, 167
207, 166
206, 165
206, 164
206, 163
206, 162
205, 161
205, 160
205, 159
205, 158
204, 157
204, 156
204, 155
204, 156
205, 157
205, 158
205, 159
206, 160
206, 161
206, 162
207, 163
207, 164
207, 165
207, 166
207, 167
207, 168
207, 169
207, 170
208, 171
209, 172
209, 173
209, 174
209, 175
209, 176
210, 177
210, 178
210, 179
210, 180
211, 181
211, 182
211, 183
211, 184
211, 185
211, 186
212, 187
211, 188
211, 189
211, 190
211, 191
212, 192
213, 192
213, 193
213, 194
213, 195
213, 196
213, 197
213, 198
213, 199
214, 200
214, 201
214, 202
213, 203
213, 204
213, 205
213, 206
214, 207
214, 208
213, 209
213, 210
213, 211
213, 212
213, 213
213, 214
213, 215
213, 216
213, 217
213, 218
213, 219
213, 220
213, 221
213, 222
213, 223
213, 224
213, 225
213, 226
213, 227
213, 228
212, 228
212, 227
212, 226
211, 225
210, 225
209, 225
208, 226
208, 227
208, 228
208, 229
209, 230
210, 230
211, 230
211, 231
211, 232
211, 233
211, 234
211, 235
211, 236
210, 236
209, 235
208, 235
207, 235
206, 236
206, 237
206, 238
205, 239
205, 240
205, 241
206, 242
207, 242
208, 242
209, 241
209, 240
209, 239
209, 240
209, 241
209, 242
208, 242
207, 243
207, 244
207, 245
207, 246
207, 247
206, 247
205, 248
205, 249
204, 249
203, 249
202, 249
201, 250
201, 251
201, 252
202, 253
203, 253
202, 254
202, 255
201, 256
201, 257
201, 258
200, 258
199, 259
199, 260
198, 261
197, 262
196, 263
195, 264
195, 265
194, 266
193, 267
192, 268
191, 269
191, 270
190, 271
189, 272
189, 273
188, 273
187, 274
186, 275
185, 276
184, 277
183, 278
182, 279
181, 280
180, 281
179, 282
179, 283
178, 284
177, 284
176, 285
175, 286
175, 287
174, 288
173, 289
172, 290
171, 291
171, 292
171, 293
170, 293
169, 294
168, 295
167, 296
167, 297
166, 298
165, 299
165, 300
164, 301
163, 302
163, 303
162, 304
161, 305
161, 306
161, 307
160, 308
160, 309
159, 310
159, 311
159, 312
159, 313
158, 314
158, 315
158, 316
158, 317
158, 318
158, 319
158, 320
158, 321
158, 322
158, 323
158, 324
158, 325
158, 326
158, 327
157, 328
157, 329
157, 330
157, 331
157, 332
157, 333
157, 334
157, 335
157, 336
158, 337
158, 338
158, 339
158, 340
158, 341
158, 342
158, 343
158, 344
158, 345
158, 346
158, 347
158, 348
159, 349
159, 350
159, 351
159, 352
159, 353
159, 354
159, 355
158, 356
158, 357
158, 358
158, 359
159, 360
159, 361
159, 362
159, 363
160, 364
160, 365
161, 366
161, 367
161, 368
161, 369
162, 370
161, 370
160, 371
160, 372
160, 373
160, 374
160, 375
161, 376
161, 377
162, 378
163, 378
164, 379
164, 380
164, 381
165, 382
165, 383
165, 384
165, 385
165, 386
166, 387
166, 388
166, 389
166, 390
166, 391
167, 392
167, 393
167, 394
167, 395
167, 396
167, 397
167, 398
168, 399
168, 400
168, 401
169, 402
169, 403
169, 404
169, 405
169, 406
169, 407
169, 408
170, 409
170, 410
170, 411
170, 412
170, 413
170, 414
171, 415
171, 416
171, 417
171, 418
171, 419
171, 420
171, 421
171, 422
171, 423
171, 424
171, 425
172, 426
172, 427
172, 428
172, 429
172, 430
172, 431
172, 432
173, 433
173, 434
173, 435
173, 436
173, 437
173, 438
173, 439
173, 440
173, 441
174, 442
174, 443
174, 444
174, 445
174, 446
174, 447
174, 448
174, 449
175, 450
175, 451
175, 452
175, 453
175, 454
175, 455
175, 456
175, 457
175, 458
175, 459
176, 460
176, 461
176, 462
176, 463
176, 464
176, 465
177, 466
177, 467
177, 468
177, 469
177, 470
177, 471
177, 472
177, 473
177, 474
177, 475
178, 476
178, 477
178, 478
178, 479
178, 480
178, 481
178, 482
178, 483
178, 484
178, 485
178, 486
178, 487
179, 488
179, 489
179, 490
179, 491
179, 492
179, 493
179, 494
179, 495
179, 496
179, 497
179, 498
179, 499
180, 500
180, 501
180, 502
180, 503
180, 504
180, 505
180, 506
180, 507
180, 508
180, 509
180, 510
180, 511
180, 512
180, 513
180, 514
181, 515
181, 516
181, 517
181, 518
181, 519
181, 520
181, 521
181, 522
181, 523
181, 524
181, 525
181, 526
181, 527
181, 528
181, 529
182, 530
182, 531
182, 532
182, 533
182, 534
182, 535
182, 536
182, 537
182, 538
182, 539
182, 540
182, 541
182, 542
182, 543
183, 544
183, 545
183, 546
183, 547
183, 548
183, 549
183, 550
183, 551
183, 552
183, 553
183, 554
183, 555
183, 556
183, 557
183, 558
183, 559
183, 560
183, 561
183, 562
183, 563
184, 564
184, 565
184, 566
184, 567
184, 568
184, 569
184, 570
184, 571
184, 572
185, 573
185, 574
185, 575
185, 576
185, 577
185, 578
185, 579
185, 580
185, 581
185, 582
185, 583
185, 584
185, 585
185, 586
185, 587
185, 588
185, 589
185, 590
185, 591
185, 592
185, 593
185, 594
185, 595
185, 596
185, 597
185, 598
185, 599
185, 600
185, 601
185, 602
185, 603
185, 604
185, 605
185, 606
185, 607
186, 608
186, 609
186, 610
186, 611
186, 612
186, 613
186, 614
186, 615
186, 616
186, 617
187, 618
187, 619
187, 620
187, 621
187, 622
187, 623
187, 624
187, 625
187, 626
186, 627
186, 628
186, 629
186, 630
186, 631
186, 632
186, 633
187, 634
187, 635
187, 636
187, 637
187, 638
187, 639
187, 640
187, 641
187, 642
187, 643
187, 644
187, 645
187, 646
187, 647
187, 648
187, 649
187, 650
187, 651
187, 652
187, 653
187, 654
187, 655
187, 656
187, 657
187, 658
187, 659
187, 660
187, 661
187, 662
187, 663
187, 664
187, 665
187, 666
187, 667
187, 668
187, 669
187, 670
187, 671
187, 672
187, 673
187, 674
187, 675
187, 676
187, 677
187, 678
187, 679
187, 680
187, 681
187, 682
187, 683
187, 684
187, 685
187, 686
186, 685
185, 685
184, 685
183, 685
182, 685
181, 686
181, 687
180, 688
180, 689
180, 690
180, 691
180, 692
180, 693
180, 694
180, 695
180, 696
180, 697
180, 698
181, 699
180, 700
180, 701
180, 702
181, 703
181, 704
182, 705
183, 705
184, 705
185, 705
186, 705
187, 704
187, 703
187, 702
187, 703
187, 704
187, 705
186, 705
185, 705
184, 705
183, 705
182, 706
182, 707
182, 708
181, 709
181, 710
181, 711
181, 712
182, 713
183, 713
183, 714
184, 715
185, 715
186, 715
186, 716
186, 717
186, 718
186, 719
186, 720
185, 721
185, 722
185, 723
185, 724
185, 725
184, 726
183, 727
182, 727
181, 727
180, 728
179, 728
178, 728
177, 728
176, 728
175, 728
174, 728
173, 728
172, 728
171, 728
170, 728
169, 728
168, 728
167, 727
166, 727
165, 727
164, 726
163, 725
162, 724
161, 723
161, 722
160, 721
160, 720
160, 719
160, 718
160, 717
160, 716
159, 715
159, 714
159, 713
159, 712
159, 711
159, 710
159, 709
159, 708
158, 707
158, 706
158, 705
158, 704
158, 703
157, 702
157, 701
157, 700
157, 699
157, 698
156, 697
156, 696
156, 695
156, 694
156, 693
156, 692
156, 691
155, 690
155, 689
155, 688
155, 687
155, 686
155, 685
154, 684
154, 683
154, 682
154, 681
154, 680
154, 679
154, 678
153, 677
152, 677
153, 676
153, 675
153, 674
153, 673
153, 672
153, 671
153, 670
153, 669
153, 668
152, 667
152, 666
152, 665
152, 664
152, 663
152, 662
152, 661
152, 660
152, 659
152, 658
151, 657
151, 656
151, 655
151, 654
151, 653
151, 652
151, 651
151, 650
151, 649
151, 648
150, 647
150, 646
150, 645
150, 644
150, 643
150, 642
150, 641
150, 640
149, 639
149, 638
149, 637
149, 636
149, 635
149, 634
149, 633
148, 632
148, 631
148, 630
148, 629
148, 628
148, 627
148, 626
148, 625
148, 624
147, 623
146, 623
147, 622
147, 621
147, 620
147, 619
147, 618
147, 617
147, 616
147, 615
147, 614
147, 613
147, 612
147, 611
146, 610
146, 609
146, 608
146, 607
146, 606
146, 605
146, 604
146, 603
146, 602
145, 601
145, 600
145, 599
145, 598
145, 597
145, 596
145, 595
145, 594
145, 593
145, 592
145, 591
145, 590
145, 589
145, 588
144, 587
144, 586
144, 585
144, 584
144, 583
144, 582
144, 581
144, 580
144, 579
144, 578
144, 577
143, 576
143, 575
143, 574
143, 573
143, 572
143, 571
143, 570
143, 569
143, 568
143, 567
143, 566
143, 565
143, 564
142, 563
142, 562
142, 561
142, 560
142, 559
142, 558
142, 557
142, 556
142, 555
142, 554
142, 553
142, 552
142, 551
142, 550
142, 549
142, 548
142, 547
141, 546
141, 545
141, 544
141, 543
141, 542
141, 541
141, 540
141, 539
141, 538
141, 537
141, 536
141, 535
141, 534
141, 533
141, 532
141, 531
141, 530
141, 529
141, 528
140, 527
141, 526
141, 525
141, 524
141, 523
140, 522
140, 521
140, 520
140, 519
140, 518
140, 517
140, 516
140, 515
140, 514
140, 513
140, 512
140, 511
140, 510
140, 509
140, 508
140, 507
139, 506
139, 505
139, 504
139, 503
139, 502
139, 501
139, 500
139, 499
139, 498
139, 497
139, 496
139, 495
139, 494
139, 493
139, 492
139, 491
139, 490
139, 489
139, 488
139, 487
139, 486
139, 485
139, 484
139, 483
139, 482
139, 481
138, 480
138, 479
138, 478
138, 477
138, 476
138, 475
138, 474
138, 473
138, 472
138, 471
138, 470
138, 469
138, 468
138, 467
138, 466
138, 465
138, 464
138, 463
138, 462
138, 461
138, 460
138, 459
138, 458
138, 457
138, 456
138, 455
138, 454
138, 453
138, 452
138, 451
138, 450
138, 449
138, 448
138, 447
138, 446
138, 445
138, 444
138, 443
138, 442
138, 441
138, 440
138, 439
138, 438
138, 437
138, 436
138, 435
138, 434
138, 433
138, 432
138, 431
138, 430
138, 429
138, 428
139, 428
140, 428
141, 427
141, 426
141, 425
141, 424
141, 423
141, 422
141, 421
141, 420
141, 419
141, 418
141, 417
141, 416
141, 415
141, 414
141, 413
141, 412
141, 411
141, 410
141, 409
141, 408
141, 407
141, 406
141, 405
141, 404
140, 403
139, 403
138, 403
138, 402
138, 401
138, 400
138, 399
138, 398
138, 397
138, 396
138, 395
138, 394
138, 393
138, 392
138, 391
138, 390
138, 389
138, 388
139, 387
139, 386
139, 385
139, 384
140, 383
140, 382
140, 381
140, 380
139, 379
138, 379
138, 378
138, 377
138, 376
139, 375
139, 374
139, 373
140, 373
141, 372
141, 371
141, 370
141, 369
141, 368
141, 367
141, 366
140, 365
141, 364
141, 363
141, 362
141, 361
141, 360
141, 359
141, 358
141, 357
140, 356
139, 356
140, 355
140, 354
140, 353
139, 352
139, 351
139, 350
139, 349
139, 348
139, 347
139, 346
139, 345
139, 344
139, 343
139, 342
139, 341
139, 340
139, 339
139, 338
139, 337
139, 336
139, 335
138, 334
138, 333
138, 332
137, 331
137, 330
137, 329
137, 328
136, 327
136, 326
136, 325
136, 324
136, 323
135, 322
135, 321
135, 320
134, 319
134, 318
134, 317
134, 316
133, 315
133, 314
132, 313
132, 312
131, 311
130, 310
130, 309
129, 308
128, 307
127, 306
126, 305
125, 304
124, 303
123, 302
122, 301
121, 300
120, 299
119, 298
118, 298
118, 297
117, 296
116, 295
115, 294
114, 293
113, 292
112, 291
111, 291
111, 290
110, 289
109, 288
108, 287
107, 287
106, 286
105, 285
104, 284
103, 284
102, 283
102, 282
101, 281
100, 281
99, 280
98, 280
98, 279
97, 278
96, 277
95, 277
95, 276
94, 275
93, 274
92, 273
92, 272
91, 271
90, 271
89, 270
88, 269
87, 268
86, 267
86, 266
85, 265
84, 264
83, 263
82, 262
82, 261
81, 260
80, 260
79, 259
78, 258
78, 257
77, 256
77, 255
76, 254
75, 253
75, 252
74, 251
74, 250
73, 249
72, 248
72, 247
71, 246
71, 245
70, 244
70, 243
69, 242
69, 241
69, 240
68, 239
68, 238
67, 237
67, 236
67, 235
66, 234
66, 233
66, 232
66, 231
65, 230
65, 229
65, 228
65, 227
64, 226
64, 225
64, 224
64, 223
64, 222
64, 221
63, 220
63, 219
63, 218
63, 217
63, 216
63, 215
63, 214
63, 213
63, 212
63, 211
63, 210
63, 209
62, 208
62, 207
