48, 720
48, 719
48, 718
48, 717
48, 716
48, 715
48, 714
48, 713
49, 712
49, 711
49, 710
49, 709
48, 708
48, 707
48, 706
48, 705
48, 704
48, 703
49, 702
49, 701
49, 700
49, 699
49, 698
50, 697
50, 696
50, 695
50, 694
50, 693
51, 692
51, 691
51, 690
51, 689
52, 688
52, 687
52, 686
52, 685
52, 684
53, 683
53, 682
53, 681
53, 680
53, 679
54, 678
54, 677
54, 676
54, 675
54, 674
55, 673
55, 672
55, 671
55, 670
55, 669
55, 668
56, 667
56, 666
56, 665
56, 664
56, 663
57, 662
57, 661
57, 660
57, 659
57, 658
58, 657
58, 656
58, 655
58, 654
58, 653
59, 652
59, 651
59, 650
59, 649
59, 648
60, 647
60, 646
60, 645
60, 644
60, 643
60, 642
61, 641
61, 640
61, 639
61, 638
62, 637
62, 636
62, 635
62, 634
62, 633
63, 632
63, 631
63, 630
63, 629
64, 628
64, 627
64, 626
64, 625
64, 624
64, 623
64, 622
65, 621
65, 620
65, 619
65, 618
66, 617
66, 616
66, 615
66, 614
66, 613
66, 612
67, 611
67, 610
67, 609
67, 608
68, 607
68, 606
68, 605
68, 604
68, 603
68, 602
69, 601
69, 600
69, 599
69, 598
70, 597
70, 596
70, 595
70, 594
70, 593
71, 592
71, 591
71, 590
71, 589
71, 588
72, 587
72, 586
72, 585
72, 584
72, 583
72, 582
73, 581
73, 580
73, 579
73, 578
74, 577
74, 576
74, 575
74, 574
74, 573
74, 572
75, 571
75, 570
75, 569
75, 568
76, 567
76, 566
76, 565
76, 564
76, 563
76, 562
77, 561
77, 560
77, 559
78, 558
78, 557
78, 556
78, 555
78, 554
78, 553
78, 552
79, 551
79, 550
79, 549
79, 548
80, 547
80, 546
80, 545
80, 544
80, 543
80, 542
81, 541
81, 540
81, 539
81, 538
82, 537
82, 536
82, 535
82, 534
82, 533
82, 532
83, 531
83, 530
83, 529
83, 528
84, 527
84, 526
84, 525
84, 524
84, 523
85, 522
85, 521
85, 520
85, 519
86, 518
86, 517
86, 516
86, 515
86, 514
86, 513
86, 512
87, 511
87, 510
87, 509
88, 508
88, 507
88, 506
88, 505
88, 504
88, 503
89, 502
89, 501
89, 500
89, 499
90, 498
90, 497
90, 496
90, 495
90, 494
90, 493
90, 492
91, 491
91, 490
91, 489
92, 488
92, 487
92, 486
92, 485
92, 484
92, 483
92, 482
93, 481
93, 480
93, 479
93, 478
94, 477
94, 476
94, 475
94, 474
94, 473
95, 472
95, 471
95, 470
96, 469
96, 468
96, 467
96, 466
96, 465
96, 464
96, 463
97, 462
97, 461
97, 460
97, 459
97, 458
98, 457
98, 456
98, 455
98, 454
99, 453
99, 452
99, 451
99, 450
99, 449
100, 448
100, 447
100, 446
100, 445
100, 444
101, 443
101, 442
101, 441
101, 440
102, 439
102, 438
102, 437
102, 436
102, 435
102, 434
103, 433
103, 432
103, 431
103, 430
104, 429
104, 428
104, 427
104, 426
104, 425
104, 424
105, 423
105, 422
105, 421
106, 420
106, 419
106, 418
106, 417
106, 416
106, 415
107, 414
107, 413
107, 412
107, 411
108, 410
108, 409
108, 408
108, 407
108, 406
109, 405
109, 404
109, 403
109, 402
110, 401
110, 400
110, 399
110, 398
110, 397
110, 396
111, 395
111, 394
111, 393
112, 392
112, 391
112, 390
112, 389
112, 388
112, 387
113, 386
113, 385
113, 384
113, 383
114, 382
114, 381
114, 380
114, 379
115, 378
115, 377
115, 376
116, 375
116, 374
117, 373
118, 372
119, 371
120, 370
121, 369
122, 368
122, 367
122, 366
123, 365
123, 364
123, 363
123, 362
124, 362
125, 361
125, 360
125, 359
125, 358
125, 357
125, 356
125, 355
126, 354
126, 353
126, 352
127, 351
128, 350
128, 349
128, 348
129, 347
130, 346
130, 345
130, 344
131, 343
131, 342
131, 341
132, 340
132, 339
133, 338
134, 337
134, 336
134, 335
134, 334
135, 333
135, 332
136, 331
136, 330
136, 329
137, 328
138, 327
138, 326
138, 325
139, 324
139, 323
140, 322
140, 321
140, 320
141, 319
141, 318
142, 317
142, 316
142, 315
143, 314
143, 313
144, 312
144, 311
144, 310
145, 309
145, 308
145, 307
146, 306
146, 305
147, 304
147, 303
148, 302
148, 301
148, 300
148, 299
148, 298
148, 297
149, 296
149, 295
149, 294
149, 293
150, 292
150, 291
150, 290
149, 289
149, 288
149, 287
149, 286
148, 285
148, 284
147, 283
146, 282
145, 281
146, 280
146, 279
146, 278
145, 277
144, 277
143, 276
142, 275
141, 274
140, 273
139, 272
138, 271
137, 271
136, 270
135, 269
134, 268
133, 267
132, 266
131, 265
130, 264
129, 263
128, 262
127, 261
126, 261
126, 260
125, 259
124, 258
123, 257
123, 256
122, 255
122, 254
121, 253
121, 252
120, 251
120, 250
120, 249
119, 248
119, 247
118, 246
118, 245
117, 244
117, 243
117, 242
116, 241
116, 240
115, 239
115, 238
115, 237
114, 236
114, 235
114, 234
114, 233
113, 232
113, 231
113, 230
114, 230
115, 229
115, 228
115, 227
114, 226
113, 226
112, 226
111, 225
111, 224
111, 223
111, 222
111, 221
112, 221
113, 220
113, 219
113, 218
113, 217
113, 216
113, 215
114, 215
115, 214
115, 213
115, 212
115, 211
114, 210
113, 210
113, 209
113, 208
113, 207
112, 206
111, 206
110, 206
110, 205
110, 204
110, 203
110, 202
110, 201
111, 200
111, 199
111, 198
111, 197
111, 196
111, 195
111, 194
110, 193
110, 192
110, 191
110, 190
110, 189
110, 188
110, 187
110, 186
110, 185
111, 184
112, 183
112, 182
112, 181
112, 180
112, 179
112, 178
112, 177
112, 176
112, 175
112, 174
113, 173
113, 172
114, 171
114, 170
114, 169
114, 168
114, 167
114, 166
115, 165
116, 164
116, 163
116, 162
116, 161
116, 160
117, 159
117, 158
118, 157
118, 156
118, 155
118, 154
119, 153
120, 152
120, 151
120, 150
120, 149
120, 148
121, 147
122, 146
122, 145
122, 144
122, 143
122, 142
123, 141
124, 140
124, 139
124, 138
125, 137
126, 136
126, 135
126, 134
126, 133
127, 133
128, 132
128, 131
128, 130
128, 129
129, 128
130, 127
130, 126
130, 125
130, 124
131, 124
132, 123
132, 122
132, 121
133, 120
134, 119
134, 118
135, 117
136, 116
136, 115
136, 114
137, 113
138, 112
138, 111
139, 111
140, 111
141, 110
141, 109
141, 108
142, 107
142, 106
142, 105
143, 105
144, 104
144, 103
145, 102
146, 101
147, 101
148, 100
149, 99
149, 98
150, 97
151, 96
152, 95
153, 94
154, 93
155, 92
156, 91
157, 92
158, 92
159, 92
160, 91
161, 91
162, 90
163, 89
164, 88
165, 88
166, 87
166, 86
167, 86
168, 85
169, 85
170, 85
171, 84
172, 83
173, 83
174, 83
175, 82
176, 82
177, 81
178, 81
179, 81
180, 81
181, 80
182, 80
183, 80
184, 80
185, 80
186, 80
187, 79
187, 78
187, 77
188, 77
188, 78
189, 79
190, 79
191, 79
192, 79
193, 78
193, 77
194, 77
195, 77
196, 77
197, 78
197, 79
197, 80
198, 81
199, 81
200, 81
201, 81
202, 82
203, 82
204, 83
205, 83
206, 84
207, 84
208, 84
209, 83
210, 83
211, 84
212, 85
213, 85
214, 86
215, 87
216, 88
217, 89
218, 90
219, 90
219, 91
220, 92
221, 92
221, 93
222, 94
223, 95
224, 96
225, 97
225, 98
226, 99
227, 100
228, 101
228, 102
229, 103
229, 104
230, 105
231, 106
231, 107
232, 108
233, 109
233, 110
233, 111
234, 112
235, 113
235, 114
235, 115
236, 116
237, 116
237, 117
237, 118
237, 119
237, 120
238, 121
238, 122
239, 123
239, 124
239, 125
240, 126
240, 127
241, 128
241, 129
241, 130
241, 131
242, 132
242, 133
243, 134
243, 135
243, 136
243, 137
243, 138
244, 139
245, 140
245, 141
245, 142
245, 143
245, 144
245, 145
245, 146
246, 147
247, 147
247, 148
247, 149
247, 150
248, 151
249, 151
248, 151
247, 152
247, 153
247, 154
247, 155
248, 156
249, 156
249, 157
249, 158
249, 159
249, 160
249, 161
249, 162
249, 163
250, 164
251, 164
251, 165
251, 166
251, 167
251, 168
251, 169
250, 169
249, 170
249, 171
249, 172
249, 173
250, 174
251, 174
251, 175
251, 176
251, 177
251, 178
251, 179
251, 180
251, 181
251, 182
251, 183
251, 184
251, 185
251, 186
251, 187
251, 188
251, 189
251, 190
251, 191
251, 192
250, 192
249, 193
249, 194
249, 195
250, 196
251, 196
251, 197
251, 198
251, 199
250, 200
250, 201
250, 202
250, 203
249, 204
249, 205
249, 206
249, 207
249, 208
249, 209
249, 210
248, 211
248, 212
248, 213
247, 214
247, 215
247, 216
247, 217
247, 218
246, 219
245, 220
245, 221
245, 222
245, 223
244, 224
243, 225
243, 226
243, 227
243, 228
242, 229
241, 230
241, 231
241, 232
240, 233
239, 234
239, 235
239, 236
238, 237
237, 238
237, 239
236, 240
236, 241
235, 242
234, 243
233, 244
233, 245
232, 246
231, 247
231, 248
230, 249
229, 250
229, 251
228, 252
227, 253
226, 254
225, 255
225, 256
224, 256
223, 257
223, 258
222, 259
221, 260
220, 261
219, 262
218, 263
218, 264
217, 264
216, 264
215, 265
214, 266
214, 267
214, 268
215, 269
216, 269
216, 270
216, 271
216, 272
215, 272
214, 272
213, 273
212, 274
212, 275
211, 276
210, 277
209, 277
208, 278
208, 279
207, 279
206, 279
205, 280
204, 281
203, 282
202, 283
201, 283
200, 284
199, 285
198, 285
197, 286
196, 287
195, 288
195, 289
194, 290
193, 290
192, 290
191, 291
190, 291
189, 292
188, 293
187, 294
186, 295
186, 296
186, 297
185, 297
184, 297
183, 298
182, 298
181, 298
180, 298
179, 299
179, 300
179, 301
178, 301
177, 302
176, 303
176, 304
176, 305
175, 305
174, 305
173, 305
172, 305
171, 306
171, 307
170, 308
169, 308
168, 308
168, 307
169, 307
170, 306
170, 305
170, 304
171, 303
172, 302
172, 301
173, 301
174, 300
174, 299
175, 298
176, 297
177, 296
178, 295
179, 294
180, 293
181, 293
182, 292
183, 291
184, 291
185, 290
185, 289
186, 289
187, 289
188, 288
189, 287
190, 287
191, 286
192, 285
193, 285
194, 284
195, 284
196, 283
197, 282
198, 282
199, 281
200, 280
201, 280
202, 279
202, 278
203, 278
204, 278
205, 277
205, 276
205, 275
204, 274
203, 274
202, 274
201, 274
200, 274
199, 274
198, 274
197, 275
196, 275
195, 276
194, 277
193, 277
192, 278
191, 279
190, 279
189, 279
188, 280
187, 280
186, 281
185, 281
184, 282
183, 282
182, 283
181, 284
180, 285
179, 285
178, 285
177, 286
177, 287
176, 287
175, 288
174, 289
173, 290
172, 291
171, 292
170, 293
169, 294
168, 295
168, 296
167, 296
166, 297
166, 298
165, 299
164, 300
164, 301
164, 302
163, 303
162, 304
162, 305
162, 306
161, 307
161, 308
160, 309
160, 310
160, 311
160, 312
159, 313
159, 314
158, 315
158, 316
158, 317
158, 318
157, 319
157, 320
157, 321
157, 322
157, 323
157, 324
157, 325
157, 326
156, 327
156, 328
156, 329
156, 330
156, 331
156, 332
155, 333
155, 334
155, 335
155, 336
155, 337
155, 338
155, 339
155, 340
155, 341
155, 342
155, 343
155, 344
155, 345
154, 345
153, 346
153, 347
153, 348
154, 349
154, 350
154, 351
154, 352
155, 353
155, 354
155, 355
155, 356
155, 357
155, 358
154, 358
153, 359
153, 360
153, 361
152, 362
151, 363
151, 364
151, 365
151, 366
151, 367
150, 368
150, 369
150, 370
150, 371
150, 372
150, 373
151, 374
152, 375
152, 376
153, 377
154, 377
154, 378
155, 379
155, 380
155, 381
155, 382
155, 383
155, 384
155, 385
155, 386
155, 387
155, 388
155, 389
155, 390
154, 391
154, 392
154, 393
153, 394
153, 395
153, 396
153, 397
153, 398
153, 399
153, 400
153, 401
153, 402
152, 403
152, 404
152, 405
151, 406
151, 407
151, 408
151, 409
151, 410
151, 411
151, 412
150, 413
150, 414
149, 415
149, 416
149, 417
149, 418
149, 419
149, 420
149, 421
149, 422
149, 423
148, 424
148, 425
147, 426
147, 427
147, 428
147, 429
147, 430
147, 431
147, 432
146, 433
146, 434
146, 435
145, 436
145, 437
145, 438
145, 439
145, 440
145, 441
145, 442
144, 443
144, 444
144, 445
144, 446
143, 447
143, 448
143, 449
143, 450
143, 451
143, 452
142, 453
142, 454
142, 455
142, 456
142, 457
141, 458
141, 459
141, 460
141, 461
141, 462
141, 463
141, 464
140, 465
140, 466
139, 467
139, 468
139, 469
139, 470
139, 471
139, 472
139, 473
138, 474
138, 475
138, 476
138, 477
137, 478
137, 479
137, 480
137, 481
137, 482
137, 483
136, 484
136, 485
136, 486
136, 487
136, 488
135, 489
135, 490
135, 491
135, 492
135, 493
134, 494
134, 495
134, 496
134, 497
133, 498
133, 499
133, 500
133, 501
133, 502
133, 503
133, 504
133, 505
132, 506
132, 507
132, 508
131, 509
131, 510
131, 511
131, 512
131, 513
131, 514
131, 515
130, 516
130, 517
129, 518
129, 519
129, 520
129, 521
129, 522
129, 523
129, 524
129, 525
128, 526
128, 527
128, 528
128, 529
127, 530
127, 531
127, 532
127, 533
127, 534
126, 535
126, 536
126, 537
126, 538
126, 539
126, 540
125, 541
125, 542
125, 543
125, 544
125, 545
124, 546
124, 547
124, 548
124, 549
124, 550
124, 551
123, 552
123, 553
123, 554
123, 555
123, 556
122, 557
122, 558
122, 559
122, 560
121, 561
121, 562
121, 563
121, 564
121, 565
120, 566
120, 567
120, 568
120, 569
119, 570
119, 571
119, 572
119, 573
119, 574
119, 575
119, 576
119, 577
118, 578
118, 579
118, 580
118, 581
117, 582
117, 583
117, 584
117, 585
117, 586
117, 587
116, 588
116, 589
116, 590
115, 591
115, 592
115, 593
115, 594
115, 595
115, 596
115, 597
115, 598
114, 599
114, 600
114, 601
114, 602
113, 603
113, 604
113, 605
113, 606
113, 607
113, 608
112, 609
112, 610
112, 611
112, 612
112, 613
111, 614
111, 615
111, 616
111, 617
111, 618
111, 619
110, 620
110, 621
110, 622
110, 623
110, 624
109, 625
109, 626
109, 627
109, 628
109, 629
108, 630
108, 631
108, 632
108, 633
107, 634
107, 635
107, 636
107, 637
107, 638
107, 639
107, 640
106, 641
106, 642
106, 643
106, 644
106, 645
106, 646
105, 647
105, 648
105, 649
105, 650
105, 651
104, 652
104, 653
104, 654
104, 655
103, 656
103, 657
103, 658
103, 659
103, 660
103, 661
103, 662
102, 663
102, 664
102, 665
102, 666
101, 667
101, 668
101, 669
101, 670
101, 671
101, 672
100, 673
100, 674
100, 675
100, 676
99, 677
99, 678
99, 679
99, 680
99, 681
99, 682
99, 683
98, 684
98, 685
98, 686
98, 687
97, 688
97, 689
97, 690
97, 691
97, 692
97, 693
97, 694
97, 695
96, 696
96, 697
96, 698
95, 699
95, 700
95, 701
95, 702
95, 703
95, 704
95, 705
95, 706
94, 707
94, 708
93, 709
93, 710
93, 711
93, 712
93, 713
93, 714
92, 715
92, 716
92, 717
92, 718
91, 719
90, 720
90, 721
90, 722
90, 723
90, 724
90, 725
90, 726
89, 727
89, 728
89, 729
89, 730
88, 731
88, 732
87, 733
87, 734
86, 735
85, 735
84, 736
83, 737
82, 737
81, 737
80, 738
79, 738
78, 738
77, 738
76, 738
75, 738
74, 738
73, 738
72, 738
71, 738
70, 738
69, 738
68, 738
67, 738
66, 737
65, 737
64, 737
63, 736
62, 735
61, 734
60, 734
59, 734
58, 733
57, 732
56, 732
55, 731
54, 731
53, 730
52, 729
51, 728
50, 727
49, 726
48, 725
47, 724
47, 723
47, 722
47, 721
