68, 190
68, 189
68, 188
68, 187
68, 186
68, 185
68, 184
69, 183
69, 182
69, 181
69, 180
69, 179
69, 178
69, 177
69, 176
69, 175
70, 174
70, 173
70, 172
70, 171
71, 170
71, 169
71, 168
71, 167
71, 166
71, 165
72, 164
72, 163
72, 162
73, 161
73, 160
73, 159
73, 158
74, 157
74, 156
74, 155
75, 154
75, 153
75, 152
76, 151
76, 150
77, 149
77, 148
77, 147
77, 146
78, 145
79, 144
79, 143
79, 142
80, 141
80, 140
80, 139
81, 138
81, 137
82, 136
82, 135
83, 134
83, 133
84, 132
84, 131
85, 130
85, 129
86, 128
87, 127
87, 126
88, 125
88, 124
89, 123
89, 122
90, 121
90, 120
91, 119
92, 118
92, 117
93, 116
94, 115
94, 114
95, 113
96, 112
96, 111
97, 110
98, 109
99, 108
99, 107
100, 106
101, 105
102, 104
103, 103
103, 102
104, 101
105, 100
106, 99
107, 98
108, 97
109, 97
110, 96
111, 95
112, 94
113, 93
114, 93
115, 92
115, 91
116, 91
117, 90
118, 90
119, 89
120, 89
121, 88
122, 88
123, 88
124, 87
125, 87
126, 87
126, 88
126, 89
126, 90
127, 91
128, 91
129, 91
130, 90
131, 90
132, 90
133, 90
134, 90
135, 90
136, 90
137, 90
138, 90
139, 90
140, 89
141, 88
141, 89
142, 90
143, 90
144, 91
145, 91
146, 91
147, 91
148, 92
149, 93
150, 93
151, 94
152, 94
153, 95
154, 95
155, 96
156, 96
157, 97
158, 98
159, 98
160, 99
161, 100
161, 101
162, 102
163, 103
164, 103
164, 104
165, 105
166, 106
167, 107
168, 108
169, 109
170, 110
171, 111
171, 112
172, 113
173, 114
174, 115
174, 116
175, 117
176, 118
176, 119
177, 120
178, 121
179, 122
180, 123
180, 124
181, 125
182, 126
183, 126
184, 126
185, 125
185, 124
186, 124
186, 125
187, 126
188, 126
188, 127
189, 128
190, 128
190, 129
191, 130
192, 131
192, 132
193, 133
194, 134
194, 135
194, 136
195, 137
196, 137
196, 138
196, 139
197, 140
198, 141
198, 142
198, 143
199, 144
200, 145
200, 146
200, 147
201, 148
202, 149
202, 150
202, 151
203, 152
204, 153
204, 154
204, 155
205, 156
206, 157
206, 158
206, 159
206, 160
207, 161
208, 162
208, 163
208, 164
208, 165
208, 166
209, 167
210, 167
210, 168
210, 169
210, 170
210, 171
210, 172
211, 173
212, 173
212, 174
212, 175
212, 176
212, 177
212, 178
212, 179
213, 180
214, 180
214, 181
214, 182
214, 183
214, 184
214, 185
214, 186
214, 187
214, 188
214, 189
215, 190
216, 190
216, 191
216, 192
216, 193
216, 194
215, 195
215, 196
215, 197
215, 198
215, 199
215, 200
215, 201
215, 202
216, 203
216, 204
216, 203
215, 202
214, 202
215, 201
215, 200
215, 199
215, 198
215, 197
215, 196
215, 195
215, 194
215, 193
214, 192
214, 191
213, 190
213, 189
213, 188
213, 187
213, 186
213, 185
212, 184
212, 183
212, 182
212, 181
211, 180
211, 179
211, 178
211, 177
211, 176
210, 175
209, 175
208, 175
207, 176
207, 177
206, 178
206, 179
206, 180
206, 181
206, 182
207, 183
208, 183
208, 184
208, 185
208, 186
208, 187
208, 188
208, 189
208, 190
208, 191
209, 192
210, 192
210, 193
210, 194
210, 195
210, 196
211, 197
211, 198
211, 199
210, 200
210, 201
210, 202
210, 203
211, 204
212, 204
212, 205
212, 206
212, 207
212, 208
212, 209
212, 210
212, 211
212, 212
213, 213
214, 213
215, 213
216, 212
216, 211
216, 210
216, 209
216, 208
216, 209
216, 210
216, 211
216, 212
216, 213
216, 214
215, 215
215, 216
215, 217
215, 218
215, 219
215, 220
214, 220
213, 220
212, 221
212, 222
212, 223
212, 224
212, 225
213, 226
214, 226
214, 227
214, 228
214, 229
214, 230
214, 231
214, 232
214, 233
213, 234
213, 235
212, 236
212, 237
211, 238
211, 239
211, 240
212, 241
211, 241
210, 242
210, 243
210, 244
209, 245
209, 246
209, 247
210, 248
210, 249
209, 250
209, 251
208, 252
208, 253
207, 254
207, 255
206, 256
206, 257
205, 258
205, 259
204, 260
204, 261
203, 262
202, 263
202, 264
201, 265
200, 266
200, 267
199, 268
198, 269
197, 270
196, 271
195, 271
194, 272
193, 273
192, 274
191, 275
190, 275
189, 276
188, 277
187, 277
186, 278
185, 279
184, 279
183, 279
182, 280
181, 280
180, 281
179, 281
178, 282
177, 283
176, 283
175, 283
174, 283
173, 284
172, 285
171, 286
170, 287
169, 288
168, 289
167, 290
166, 291
165, 291
164, 292
164, 293
164, 294
165, 295
164, 296
164, 297
164, 298
164, 299
164, 300
164, 301
165, 302
165, 303
165, 304
166, 305
166, 306
166, 307
166, 308
166, 309
167, 310
168, 311
168, 312
168, 313
168, 314
168, 315
169, 316
169, 317
170, 318
170, 319
170, 320
170, 321
171, 322
171, 323
171, 324
171, 325
172, 326
172, 327
172, 328
172, 329
172, 330
172, 331
173, 332
173, 333
174, 334
174, 335
174, 336
174, 337
174, 338
174, 339
175, 340
175, 341
175, 342
176, 343
176, 344
176, 345
176, 346
176, 347
177, 348
177, 349
177, 350
178, 351
178, 352
178, 353
178, 354
178, 355
179, 356
179, 357
179, 358
179, 359
180, 360
180, 361
180, 362
180, 363
180, 364
179, 365
179, 366
179, 367
180, 368
181, 368
182, 368
183, 369
184, 369
185, 369
186, 369
187, 370
188, 370
188, 371
188, 372
188, 373
188, 374
188, 375
189, 376
190, 376
189, 377
189, 378
189, 379
190, 380
191, 380
191, 381
192, 382
192, 383
192, 384
192, 385
192, 386
192, 387
192, 388
192, 389
192, 390
191, 391
191, 392
191, 393
191, 394
192, 395
193, 395
193, 396
192, 397
192, 398
192, 399
192, 400
192, 401
193, 402
193, 403
193, 404
194, 405
194, 406
194, 407
194, 408
194, 409
194, 410
194, 411
194, 412
194, 413
195, 414
195, 415
195, 416
195, 417
195, 418
196, 419
196, 420
196, 421
196, 422
196, 423
196, 424
197, 425
197, 426
198, 427
198, 428
198, 429
198, 430
198, 431
199, 432
199, 433
199, 434
199, 435
199, 436
199, 437
199, 438
199, 439
200, 440
200, 441
200, 442
200, 443
200, 444
201, 445
201, 446
201, 447
201, 448
200, 448
199, 448
198, 448
197, 449
197, 450
197, 451
198, 452
198, 453
197, 454
196, 454
195, 454
194, 454
193, 454
192, 454
191, 454
190, 454
189, 454
188, 455
187, 456
187, 457
187, 458
188, 459
189, 460
190, 460
190, 461
189, 461
188, 462
188, 463
187, 464
186, 464
185, 465
184, 466
183, 467
182, 468
181, 469
181, 470
181, 471
182, 472
183, 472
184, 473
185, 473
186, 473
187, 474
188, 474
189, 474
190, 474
191, 474
192, 475
193, 475
194, 475
195, 475
196, 475
197, 475
198, 475
199, 475
200, 474
201, 474
202, 474
203, 474
204, 474
205, 474
206, 475
205, 475
204, 475
203, 475
202, 475
201, 475
200, 475
199, 475
198, 475
197, 475
196, 475
195, 475
194, 475
193, 476
192, 476
191, 476
190, 476
189, 476
188, 477
187, 477
186, 478
185, 478
184, 478
183, 478
182, 479
182, 480
182, 481
182, 482
183, 483
184, 483
184, 484
184, 485
185, 486
186, 487
187, 487
188, 487
189, 487
190, 487
191, 487
192, 487
193, 488
194, 488
195, 488
196, 488
197, 488
198, 488
199, 487
200, 487
201, 487
202, 487
203, 487
204, 487
205, 487
206, 486
207, 486
208, 487
208, 488
209, 489
209, 490
209, 491
210, 492
210, 493
210, 494
210, 495
210, 496
210, 497
210, 498
211, 499
210, 500
210, 501
209, 502
208, 502
207, 502
206, 502
205, 502
204, 502
203, 502
202, 502
201, 502
200, 502
199, 502
198, 503
198, 504
197, 505
196, 505
195, 506
194, 507
193, 508
192, 508
191, 509
191, 510
191, 511
192, 512
193, 512
194, 512
195, 512
196, 512
197, 512
198, 512
199, 512
200, 513
201, 513
202, 513
203, 513
204, 513
205, 513
206, 513
207, 512
208, 512
209, 512
210, 512
211, 512
212, 512
212, 513
211, 513
210, 513
209, 513
208, 513
207, 513
206, 513
205, 513
204, 514
203, 514
202, 513
201, 513
200, 513
199, 514
198, 514
197, 514
196, 514
195, 514
194, 514
193, 514
192, 514
191, 515
190, 515
189, 515
188, 515
187, 516
186, 515
185, 515
184, 515
183, 515
182, 515
181, 515
180, 515
179, 515
178, 515
177, 515
176, 514
175, 514
174, 514
173, 514
172, 514
171, 514
170, 514
169, 514
168, 514
167, 514
166, 514
165, 514
164, 514
163, 514
162, 514
161, 514
160, 515
159, 515
158, 516
158, 517
158, 518
157, 519
156, 520
156, 521
156, 522
156, 523
156, 524
156, 525
157, 526
157, 527
157, 528
157, 529
157, 530
158, 531
159, 531
160, 531
161, 531
162, 531
163, 531
164, 531
165, 531
166, 531
167, 531
168, 531
169, 531
170, 531
171, 531
172, 531
173, 531
174, 531
175, 531
176, 531
177, 530
178, 530
179, 530
180, 530
181, 530
182, 530
183, 530
184, 530
185, 530
186, 530
187, 530
188, 530
189, 530
190, 530
191, 530
192, 530
193, 531
194, 531
195, 531
196, 531
197, 531
198, 531
199, 531
200, 531
201, 531
202, 531
203, 531
204, 531
205, 531
206, 531
207, 531
208, 531
209, 531
210, 531
211, 531
212, 531
213, 531
214, 531
214, 532
215, 533
215, 534
215, 535
215, 536
215, 537
216, 538
216, 539
216, 540
216, 541
216, 542
216, 543
216, 544
216, 545
217, 546
216, 547
216, 548
216, 549
215, 549
214, 549
213, 549
212, 549
211, 549
210, 549
209, 549
208, 549
207, 549
206, 550
205, 550
204, 550
203, 551
202, 551
201, 551
200, 551
199, 551
198, 551
197, 552
196, 552
195, 552
194, 551
193, 551
192, 551
191, 551
190, 551
189, 551
188, 551
187, 551
186, 551
185, 551
184, 551
183, 551
182, 551
181, 551
180, 551
179, 551
178, 551
177, 551
176, 551
175, 552
174, 552
173, 552
172, 552
171, 552
170, 552
169, 553
168, 553
167, 553
166, 553
165, 554
164, 554
163, 554
162, 554
161, 555
160, 555
159, 556
159, 557
159, 558
159, 559
159, 560
159, 561
159, 562
160, 563
161, 563
162, 563
163, 563
164, 563
165, 563
166, 563
167, 563
168, 563
169, 563
170, 563
171, 563
172, 563
173, 563
174, 563
175, 563
176, 563
177, 562
178, 562
179, 562
180, 562
181, 562
182, 562
183, 562
184, 562
185, 562
186, 562
187, 562
188, 562
189, 561
190, 561
191, 561
192, 561
193, 561
194, 561
195, 561
196, 561
197, 561
198, 561
199, 561
200, 561
201, 561
202, 561
203, 562
204, 562
205, 562
206, 562
207, 562
208, 562
209, 562
210, 562
211, 562
212, 562
213, 562
214, 561
215, 561
216, 561
217, 561
218, 561
219, 562
219, 563
220, 564
219, 565
218, 565
217, 565
216, 565
215, 565
214, 565
213, 566
212, 566
211, 565
210, 565
209, 565
208, 565
207, 565
206, 566
205, 566
204, 566
203, 566
202, 566
201, 566
200, 566
199, 567
198, 567
197, 567
196, 567
195, 567
194, 567
193, 567
192, 567
191, 567
190, 567
189, 567
188, 567
187, 567
186, 567
185, 567
184, 567
183, 567
182, 567
181, 567
180, 567
179, 566
178, 566
177, 566
176, 566
175, 566
174, 566
173, 566
172, 566
171, 566
170, 566
169, 566
168, 566
167, 566
166, 566
165, 566
164, 566
163, 567
162, 568
162, 569
162, 570
162, 571
162, 572
162, 573
162, 574
162, 575
162, 576
162, 577
162, 578
162, 579
162, 580
162, 581
163, 582
164, 582
165, 582
166, 582
167, 582
168, 582
169, 582
170, 582
171, 582
172, 582
173, 581
174, 581
175, 581
176, 581
177, 581
178, 581
179, 581
180, 581
181, 581
182, 581
183, 581
184, 581
185, 581
186, 580
187, 580
188, 580
189, 580
190, 580
191, 580
192, 580
193, 580
194, 580
195, 580
196, 580
197, 580
198, 580
199, 580
200, 580
201, 580
202, 580
203, 580
204, 581
205, 581
206, 581
207, 581
208, 581
209, 581
210, 581
211, 581
212, 581
213, 581
214, 580
215, 580
216, 580
217, 580
218, 580
219, 580
220, 580
221, 580
222, 581
222, 582
223, 583
223, 584
223, 585
223, 586
223, 587
223, 588
224, 589
224, 590
224, 591
224, 592
224, 593
224, 594
224, 595
224, 596
224, 597
224, 598
223, 598
222, 598
221, 599
220, 599
219, 599
218, 599
217, 598
216, 598
215, 598
214, 598
213, 598
212, 599
211, 599
210, 600
209, 600
208, 600
207, 600
206, 600
205, 600
204, 600
203, 600
202, 600
201, 600
200, 600
199, 600
198, 600
197, 600
196, 600
195, 600
194, 600
193, 600
192, 600
191, 600
190, 600
189, 600
188, 599
187, 599
186, 599
185, 599
184, 599
183, 599
182, 599
181, 599
180, 600
179, 600
178, 600
177, 599
176, 599
175, 599
174, 600
173, 600
172, 600
171, 601
170, 601
169, 601
168, 601
167, 601
166, 601
165, 602
164, 603
164, 604
164, 605
164, 606
164, 607
163, 608
163, 609
163, 610
164, 611
164, 612
164, 613
164, 614
164, 615
165, 616
166, 616
167, 616
168, 616
169, 616
170, 616
171, 616
172, 616
173, 616
174, 616
175, 615
176, 615
177, 615
178, 615
179, 615
180, 615
181, 615
182, 615
183, 615
184, 615
185, 615
186, 615
187, 615
188, 615
189, 615
190, 615
191, 615
192, 615
193, 615
194, 615
195, 615
196, 615
197, 615
198, 615
199, 615
200, 615
201, 615
202, 615
203, 615
204, 615
205, 615
206, 615
207, 615
208, 615
209, 615
210, 615
211, 615
212, 615
213, 615
214, 615
215, 615
216, 615
217, 615
218, 615
219, 615
220, 615
221, 615
222, 615
223, 615
224, 615
225, 615
226, 616
227, 617
227, 618
227, 619
227, 620
226, 620
225, 621
225, 622
224, 622
223, 621
222, 621
221, 621
220, 621
219, 621
218, 621
217, 621
216, 621
215, 621
214, 622
213, 622
212, 622
211, 622
210, 622
209, 622
208, 622
207, 622
206, 622
205, 622
204, 622
203, 622
202, 622
201, 622
200, 622
199, 622
198, 622
197, 622
196, 622
195, 622
194, 622
193, 622
192, 622
191, 622
190, 622
189, 622
188, 622
187, 622
186, 622
185, 622
184, 622
183, 622
182, 622
181, 622
180, 622
179, 622
178, 622
177, 622
176, 623
175, 623
174, 624
173, 624
172, 624
171, 624
170, 624
169, 624
168, 624
167, 625
166, 626
166, 627
165, 628
164, 629
164, 630
164, 631
164, 632
164, 633
164, 634
164, 635
164, 636
164, 637
164, 638
164, 639
164, 640
164, 641
164, 642
164, 643
165, 644
166, 644
167, 644
168, 644
169, 644
170, 644
171, 644
172, 644
173, 644
174, 644
175, 644
176, 644
177, 644
178, 644
179, 644
180, 643
181, 643
182, 643
183, 643
184, 643
185, 643
186, 643
187, 643
188, 643
189, 643
190, 643
191, 643
192, 643
193, 643
194, 643
195, 643
196, 643
197, 643
198, 643
199, 642
199, 641
199, 640
198, 639
197, 639
196, 639
195, 639
194, 639
195, 639
196, 639
197, 639
198, 639
199, 638
199, 637
200, 637
200, 638
199, 639
199, 640
199, 641
199, 642
200, 643
201, 643
202, 643
203, 643
204, 643
205, 643
206, 643
207, 643
208, 643
209, 643
210, 643
211, 643
212, 643
213, 643
214, 643
215, 643
216, 643
217, 643
218, 643
219, 643
220, 643
221, 643
222, 643
223, 643
224, 643
225, 643
226, 643
227, 643
228, 643
229, 643
230, 644
231, 645
231, 646
232, 647
232, 648
232, 649
232, 650
232, 651
231, 652
230, 653
229, 653
228, 653
227, 653
226, 653
225, 653
224, 653
223, 653
222, 653
221, 653
220, 653
219, 653
218, 653
217, 653
216, 653
215, 653
214, 653
213, 653
212, 653
211, 653
210, 653
209, 653
208, 654
207, 654
206, 654
205, 654
204, 654
203, 654
202, 653
201, 653
200, 653
199, 653
198, 654
197, 654
196, 654
195, 654
194, 654
193, 654
192, 654
191, 654
190, 654
189, 654
188, 654
187, 654
186, 653
185, 653
184, 653
183, 653
182, 653
181, 653
180, 653
179, 654
178, 654
177, 654
176, 655
175, 655
174, 655
173, 655
172, 656
171, 656
170, 656
169, 656
168, 657
168, 658
167, 659
166, 660
166, 661
166, 662
166, 663
166, 664
166, 665
166, 666
166, 667
166, 668
166, 669
166, 670
166, 671
166, 672
166, 673
166, 674
167, 675
168, 675
169, 675
170, 675
171, 675
172, 675
173, 675
174, 674
175, 674
176, 674
177, 674
178, 674
179, 674
180, 674
181, 674
182, 674
183, 674
184, 674
185, 674
186, 674
187, 674
188, 674
189, 674
190, 674
191, 674
192, 674
193, 673
194, 673
195, 674
196, 674
197, 674
198, 674
199, 674
200, 674
201, 674
202, 674
203, 674
204, 673
205, 673
206, 673
207, 674
208, 674
209, 674
210, 674
211, 674
212, 674
213, 674
214, 674
215, 674
216, 674
217, 674
218, 674
219, 674
220, 674
221, 674
222, 674
223, 674
224, 674
225, 674
226, 674
227, 674
228, 674
229, 674
230, 674
231, 674
232, 674
233, 675
234, 675
234, 676
233, 677
233, 678
232, 678
231, 678
230, 678
229, 677
228, 677
227, 677
226, 677
225, 677
224, 677
223, 677
222, 677
221, 677
220, 678
219, 678
218, 678
217, 678
216, 678
215, 678
214, 677
213, 677
212, 677
211, 677
210, 677
209, 677
208, 677
207, 677
206, 677
205, 677
204, 677
203, 677
202, 678
201, 678
200, 677
199, 677
198, 677
197, 677
196, 677
195, 677
194, 677
193, 677
192, 677
191, 677
190, 677
189, 677
188, 677
187, 677
186, 678
185, 678
184, 678
183, 678
182, 678
181, 678
180, 678
179, 678
178, 678
177, 679
176, 679
175, 679
174, 679
173, 679
172, 680
171, 680
170, 680
169, 681
168, 682
167, 683
167, 684
167, 685
167, 686
167, 687
167, 688
168, 689
168, 690
168, 691
168, 692
168, 693
168, 694
168, 695
169, 696
169, 697
170, 698
171, 698
172, 698
173, 697
174, 697
175, 697
176, 697
177, 697
178, 697
179, 697
180, 697
181, 697
182, 697
183, 697
184, 697
185, 697
186, 697
187, 697
188, 697
189, 697
190, 697
191, 697
192, 697
193, 697
194, 697
195, 697
196, 697
197, 697
198, 697
199, 696
199, 695
199, 694
199, 693
200, 693
199, 694
199, 695
199, 696
200, 697
201, 697
202, 697
203, 697
204, 697
205, 697
206, 697
207, 697
208, 697
209, 697
210, 697
211, 697
212, 697
213, 697
214, 697
215, 697
216, 697
217, 697
218, 697
219, 698
220, 698
221, 698
222, 698
223, 698
224, 698
225, 697
226, 697
227, 697
228, 697
229, 697
230, 697
231, 697
232, 697
233, 697
234, 697
235, 698
236, 698
236, 699
236, 700
237, 701
237, 702
237, 703
237, 704
238, 705
238, 706
238, 707
238, 708
238, 709
237, 710
236, 710
235, 711
234, 711
233, 711
232, 711
231, 711
230, 710
229, 710
228, 710
227, 710
226, 710
225, 710
224, 710
223, 710
222, 710
221, 710
220, 710
219, 710
218, 710
217, 710
216, 710
215, 710
214, 710
213, 710
212, 710
211, 710
210, 710
209, 710
208, 710
207, 710
206, 710
205, 710
204, 711
203, 711
202, 711
201, 711
200, 711
199, 711
198, 711
197, 711
196, 711
195, 710
194, 710
193, 710
192, 710
191, 710
190, 710
189, 710
188, 711
187, 711
186, 711
185, 711
184, 711
183, 711
182, 711
181, 711
180, 711
179, 712
178, 712
177, 712
176, 712
175, 712
174, 713
173, 713
172, 714
172, 715
171, 716
171, 717
171, 718
171, 719
171, 720
171, 721
171, 722
171, 723
172, 724
172, 725
172, 726
172, 727
172, 728
172, 729
172, 730
172, 731
172, 732
172, 733
173, 734
174, 734
175, 734
176, 733
177, 733
178, 733
179, 733
180, 733
181, 733
182, 733
183, 733
184, 732
185, 732
186, 732
187, 732
188, 732
189, 732
190, 731
191, 731
192, 731
193, 731
194, 731
195, 731
196, 731
197, 731
198, 731
199, 731
200, 730
200, 729
201, 729
202, 729
203, 729
204, 729
205, 730
206, 730
207, 730
208, 730
209, 730
210, 730
211, 730
212, 730
213, 730
214, 731
215, 731
216, 731
217, 731
218, 731
219, 731
220, 731
221, 731
222, 731
223, 731
224, 731
225, 731
226, 731
227, 731
228, 731
229, 731
230, 731
231, 731
232, 731
233, 731
234, 731
235, 731
236, 731
237, 732
238, 732
239, 733
239, 734
240, 735
239, 736
238, 736
237, 736
236, 736
235, 736
234, 736
233, 736
232, 736
231, 735
230, 735
229, 735
228, 735
227, 735
226, 735
225, 735
224, 735
223, 735
222, 735
221, 735
220, 735
219, 735
218, 735
217, 735
216, 735
215, 735
214, 735
213, 735
212, 735
211, 735
210, 735
209, 736
208, 736
207, 736
206, 737
206, 738
206, 739
206, 740
207, 741
207, 742
207, 743
206, 744
206, 745
206, 746
206, 747
206, 748
207, 749
208, 749
209, 750
210, 750
211, 750
212, 750
213, 750
214, 750
215, 750
216, 750
217, 750
218, 750
219, 750
220, 750
221, 750
222, 750
223, 750
224, 750
225, 750
226, 750
227, 750
228, 750
229, 749
229, 748
229, 747
230, 746
230, 745
231, 744
231, 743
231, 742
231, 741
231, 740
230, 739
231, 740
232, 740
232, 741
232, 742
232, 743
232, 744
232, 745
232, 746
233, 747
233, 748
233, 749
234, 750
235, 750
236, 751
237, 751
238, 752
239, 752
239, 753
239, 754
239, 755
239, 756
239, 757
240, 758
239, 759
239, 760
238, 761
238, 762
237, 763
237, 764
236, 765
235, 766
234, 767
233, 768
232, 769
231, 769
230, 770
229, 771
228, 771
227, 772
226, 772
225, 773
224, 773
223, 773
222, 774
221, 774
220, 774
219, 775
218, 775
217, 775
216, 775
215, 775
214, 775
213, 775
212, 776
211, 776
210, 776
209, 776
208, 776
207, 776
206, 776
205, 776
204, 776
203, 776
202, 776
201, 776
200, 776
199, 776
198, 776
197, 776
196, 776
195, 776
194, 776
193, 776
192, 775
191, 775
190, 775
189, 774
188, 774
187, 774
186, 774
185, 774
184, 773
183, 773
182, 773
181, 772
180, 772
179, 771
178, 771
177, 770
176, 769
175, 768
174, 767
174, 766
174, 765
173, 764
173, 763
173, 762
173, 761
173, 760
173, 759
173, 758
172, 757
172, 756
172, 755
172, 754
172, 753
172, 752
171, 751
171, 750
171, 749
171, 748
171, 747
171, 746
171, 745
170, 744
170, 743
169, 742
170, 741
170, 740
170, 739
170, 738
170, 737
170, 736
170, 735
170, 734
169, 733
169, 732
169, 731
169, 730
169, 729
169, 728
168, 727
168, 726
168, 725
168, 724
168, 723
168, 722
168, 721
168, 720
168, 719
167, 718
167, 717
166, 716
166, 715
166, 714
166, 713
165, 712
165, 711
165, 710
165, 709
165, 708
165, 707
165, 706
165, 705
166, 704
166, 703
166, 702
166, 701
166, 700
166, 699
166, 698
166, 697
166, 696
166, 695
165, 694
165, 693
165, 692
165, 691
165, 690
165, 689
164, 688
164, 687
164, 686
164, 685
164, 684
163, 683
163, 682
163, 681
163, 680
163, 679
163, 678
163, 677
163, 676
163, 675
163, 674
163, 673
163, 672
163, 671
163, 670
162, 669
162, 668
162, 667
162, 666
162, 665
162, 664
162, 663
162, 662
162, 661
162, 660
162, 659
162, 658
161, 657
161, 656
161, 655
161, 654
161, 653
161, 652
161, 651
161, 650
161, 649
161, 648
161, 647
161, 646
160, 645
160, 644
160, 643
160, 642
160, 641
160, 640
160, 639
160, 638
160, 637
160, 636
160, 635
160, 634
160, 633
159, 632
159, 631
159, 630
159, 629
159, 628
159, 627
160, 626
160, 625
160, 624
159, 623
159, 622
159, 621
159, 620
159, 619
159, 618
159, 617
159, 616
158, 615
158, 614
158, 613
158, 612
158, 611
158, 610
158, 609
158, 608
158, 607
158, 606
158, 605
158, 604
158, 603
157, 602
157, 601
157, 600
157, 599
157, 598
157, 597
157, 596
157, 595
157, 594
157, 593
157, 592
157, 591
157, 590
157, 589
157, 588
157, 587
157, 586
156, 585
156, 584
156, 583
156, 582
156, 581
156, 580
156, 579
156, 578
156, 577
156, 576
156, 575
156, 574
156, 573
156, 572
156, 571
156, 570
156, 569
156, 568
156, 567
156, 566
156, 565
156, 564
156, 563
156, 562
155, 561
155, 560
155, 559
155, 558
155, 557
155, 556
155, 555
155, 554
155, 553
155, 552
155, 551
154, 550
154, 549
154, 548
154, 547
154, 546
154, 545
154, 544
154, 543
154, 542
154, 541
154, 540
154, 539
154, 538
154, 537
154, 536
154, 535
154, 534
154, 533
154, 532
154, 531
153, 530
154, 529
154, 528
154, 527
154, 526
154, 525
154, 524
153, 523
153, 522
153, 521
153, 520
153, 519
153, 518
153, 517
154, 516
154, 515
154, 514
153, 513
153, 512
153, 511
153, 510
153, 509
153, 508
152, 507
151, 506
151, 505
151, 504
151, 503
151, 502
151, 501
151, 500
151, 499
151, 498
151, 497
151, 496
151, 495
151, 494
152, 493
153, 492
154, 491
155, 490
156, 489
157, 489
158, 488
159, 488
160, 488
161, 488
162, 488
163, 488
164, 487
165, 487
166, 487
167, 487
168, 487
169, 487
170, 487
171, 487
172, 487
173, 486
173, 485
173, 484
174, 483
174, 482
174, 481
174, 480
174, 479
173, 478
172, 478
171, 478
170, 478
169, 478
168, 477
167, 477
166, 477
165, 477
164, 477
163, 477
162, 477
161, 477
160, 477
159, 477
158, 478
157, 478
156, 479
155, 480
155, 481
154, 481
153, 482
152, 483
151, 483
151, 482
151, 481
151, 480
151, 479
151, 478
151, 477
151, 476
150, 475
149, 474
150, 473
150, 472
150, 471
150, 470
150, 469
150, 468
149, 467
149, 466
149, 465
149, 464
149, 463
150, 463
151, 463
152, 462
153, 461
153, 460
153, 459
153, 458
152, 457
151, 457
152, 456
153, 455
154, 454
154, 453
154, 452
154, 451
154, 450
154, 449
153, 448
153, 447
153, 446
153, 445
153, 444
153, 443
153, 442
153, 441
153, 440
153, 439
153, 438
153, 437
153, 436
153, 435
153, 434
152, 433
152, 432
152, 431
152, 430
152, 429
152, 428
152, 427
152, 426
152, 425
151, 424
151, 423
151, 422
151, 421
151, 420
151, 419
151, 418
151, 417
151, 416
151, 415
151, 414
151, 413
151, 412
151, 411
151, 410
151, 409
151, 408
152, 408
153, 408
154, 407
154, 406
155, 405
155, 404
155, 403
155, 402
155, 401
156, 400
156, 399
156, 398
156, 397
155, 396
155, 395
155, 394
155, 393
155, 392
154, 391
153, 391
152, 391
151, 391
150, 392
150, 393
150, 394
149, 395
149, 396
149, 397
149, 398
149, 399
149, 398
149, 397
149, 396
149, 395
149, 394
149, 393
149, 392
149, 391
150, 391
151, 390
152, 389
152, 388
153, 388
154, 388
155, 387
155, 386
155, 385
155, 384
154, 383
153, 383
152, 383
151, 384
151, 385
151, 386
150, 385
149, 385
149, 384
149, 383
150, 383
151, 382
152, 381
153, 380
153, 379
154, 378
154, 377
154, 376
154, 375
154, 374
154, 373
154, 372
154, 371
153, 370
152, 370
151, 370
150, 369
150, 368
150, 367
149, 366
149, 365
149, 364
149, 363
149, 362
149, 361
149, 360
149, 359
149, 358
149, 359
149, 360
150, 361
151, 361
152, 361
153, 360
153, 359
153, 358
152, 357
152, 356
152, 355
152, 354
151, 353
150, 352
149, 352
149, 351
150, 350
150, 349
150, 348
149, 347
149, 346
148, 345
148, 344
148, 343
148, 342
148, 341
148, 340
148, 339
148, 338
148, 337
148, 336
148, 335
148, 334
148, 333
147, 332
147, 331
147, 330
147, 329
147, 328
147, 327
147, 326
147, 325
147, 324
147, 323
147, 322
147, 321
147, 320
147, 319
148, 319
149, 319
150, 318
150, 317
150, 316
150, 315
149, 314
149, 313
148, 312
148, 311
147, 310
147, 309
147, 308
147, 307
147, 306
146, 305
146, 304
145, 303
145, 302
145, 301
145, 300
145, 299
144, 298
143, 298
143, 297
142, 296
141, 296
140, 295
139, 294
138, 293
137, 293
136, 292
135, 291
134, 290
133, 290
132, 289
131, 289
130, 289
129, 288
128, 288
127, 287
126, 287
125, 287
124, 286
123, 286
122, 286
121, 286
120, 285
119, 284
118, 284
117, 283
116, 283
115, 282
114, 281
113, 281
112, 280
111, 280
110, 279
109, 279
108, 278
107, 277
106, 277
105, 277
104, 276
103, 276
103, 275
102, 274
101, 274
100, 273
99, 272
98, 271
98, 270
97, 269
96, 269
95, 269
94, 268
93, 267
93, 266
92, 265
91, 265
91, 264
90, 263
89, 263
88, 262
87, 261
87, 260
86, 259
85, 259
85, 258
84, 257
84, 256
83, 255
82, 254
82, 253
82, 252
81, 251
80, 251
79, 250
79, 249
79, 248
79, 247
78, 246
77, 246
77, 245
76, 244
76, 243
75, 242
75, 241
75, 240
74, 239
74, 238
74, 237
73, 236
73, 235
73, 234
72, 233
72, 232
72, 231
71, 230
71, 229
71, 228
71, 227
71, 226
70, 225
70, 224
70, 223
69, 222
69, 221
69, 220
69, 219
69, 218
69, 217
69, 216
68, 215
68, 214
68, 213
68, 212
68, 211
68, 210
68, 209
68, 208
68, 207
68, 206
68, 205
67, 204
67, 203
67, 202
67, 201
67, 200
67, 199
67, 198
67, 197
67, 196
67, 195
67, 194
67, 193
67, 192
67, 191
