92, 186
93, 185
93, 184
93, 183
93, 182
93, 181
93, 180
93, 179
93, 178
94, 177
95, 176
95, 175
95, 174
95, 173
96, 172
96, 171
96, 170
97, 169
97, 168
97, 167
98, 166
98, 165
98, 164
98, 165
98, 166
98, 167
98, 168
98, 169
99, 170
100, 170
101, 170
102, 169
103, 168
103, 167
103, 166
103, 165
103, 164
103, 163
104, 163
105, 162
105, 161
105, 160
104, 159
103, 159
102, 159
101, 160
101, 161
101, 162
100, 162
99, 162
99, 161
99, 160
100, 159
100, 158
100, 157
101, 156
101, 155
101, 154
102, 153
102, 152
103, 151
103, 150
103, 149
104, 148
104, 147
105, 146
105, 145
105, 144
106, 143
106, 142
107, 142
108, 142
109, 142
110, 141
110, 140
110, 139
109, 138
108, 138
109, 137
109, 136
110, 136
111, 136
112, 136
113, 135
113, 134
113, 133
112, 132
111, 132
112, 132
113, 132
114, 132
115, 131
115, 130
116, 129
117, 128
117, 127
118, 126
118, 125
118, 124
117, 123
116, 123
117, 122
117, 121
118, 120
119, 119
119, 118
120, 117
120, 116
121, 115
122, 114
123, 113
123, 112
124, 111
124, 110
125, 109
126, 108
127, 107
127, 106
127, 105
128, 105
129, 104
129, 103
130, 102
131, 101
132, 100
133, 99
134, 99
135, 98
135, 97
136, 97
137, 96
138, 96
139, 95
140, 95
141, 94
142, 93
143, 92
144, 92
145, 91
146, 90
147, 90
148, 89
149, 89
150, 88
151, 88
152, 87
153, 87
154, 86
155, 86
156, 86
157, 85
158, 85
159, 85
160, 84
161, 84
162, 84
163, 84
164, 83
165, 83
166, 83
167, 83
168, 83
169, 83
170, 83
171, 83
172, 82
173, 82
174, 82
175, 82
176, 82
177, 82
178, 82
179, 82
180, 83
181, 83
182, 83
183, 83
184, 83
185, 83
186, 84
187, 84
188, 84
189, 85
190, 85
191, 85
192, 86
193, 86
194, 86
195, 87
196, 87
197, 88
198, 88
199, 89
200, 89
201, 90
202, 90
203, 91
204, 92
205, 93
206, 93
207, 94
208, 95
209, 96
210, 97
211, 98
212, 98
212, 99
213, 100
214, 101
215, 101
216, 101
217, 102
217, 103
218, 104
219, 105
220, 106
220, 107
221, 108
220, 109
220, 110
220, 111
221, 112
222, 112
223, 112
224, 112
224, 113
225, 114
226, 115
226, 116
227, 117
228, 118
228, 119
229, 120
229, 121
230, 122
230, 123
231, 124
232, 125
232, 126
232, 127
233, 128
234, 129
234, 130
235, 131
235, 132
236, 133
236, 134
236, 135
237, 136
238, 137
238, 138
238, 139
238, 140
239, 141
240, 141
240, 142
240, 143
240, 144
240, 145
241, 146
242, 146
242, 147
242, 148
242, 149
242, 150
242, 151
243, 152
244, 152
244, 153
244, 154
244, 155
244, 156
244, 157
245, 158
246, 158
246, 159
246, 160
246, 161
246, 162
246, 163
246, 164
247, 165
248, 165
248, 166
248, 167
248, 168
248, 169
248, 170
248, 171
249, 172
249, 173
250, 174
250, 175
250, 176
250, 177
250, 178
250, 179
250, 180
250, 181
250, 182
250, 183
250, 184
250, 185
250, 186
250, 187
250, 188
250, 189
250, 190
251, 191
252, 191
252, 192
252, 193
252, 194
252, 195
252, 196
252, 197
252, 198
252, 199
251, 199
250, 200
250, 201
250, 202
250, 203
250, 204
250, 205
250, 206
250, 207
250, 208
250, 209
250, 210
250, 211
250, 212
250, 213
249, 213
248, 214
248, 215
248, 216
248, 217
248, 218
248, 219
248, 220
248, 221
247, 221
246, 222
246, 223
246, 224
245, 225
245, 226
245, 227
244, 228
244, 229
243, 230
243, 231
242, 232
242, 233
242, 234
242, 235
241, 235
240, 236
240, 237
240, 238
240, 239
239, 239
238, 240
238, 241
237, 241
236, 242
235, 243
235, 244
234, 245
233, 246
233, 247
232, 248
231, 249
230, 250
229, 251
229, 252
228, 253
227, 254
226, 255
225, 256
224, 257
223, 258
223, 259
222, 260
221, 261
220, 262
219, 263
218, 264
217, 265
216, 266
216, 267
215, 267
214, 268
214, 269
214, 270
214, 271
213, 271
212, 272
211, 273
210, 273
209, 273
208, 274
208, 275
208, 276
207, 277
206, 277
205, 277
204, 277
203, 278
202, 279
201, 279
200, 280
199, 281
198, 282
197, 283
197, 284
197, 285
196, 286
195, 286
194, 286
193, 286
192, 286
191, 287
190, 287
189, 288
188, 289
187, 290
186, 290
185, 291
184, 292
183, 293
182, 294
181, 295
180, 296
179, 297
178, 298
177, 299
176, 300
175, 301
175, 302
174, 303
173, 304
172, 305
172, 306
172, 307
171, 308
170, 309
170, 310
169, 311
169, 312
169, 313
168, 314
168, 315
168, 316
168, 317
167, 318
167, 319
167, 320
167, 321
166, 322
166, 323
166, 324
166, 325
166, 326
166, 327
166, 328
166, 329
166, 330
165, 331
165, 332
165, 333
165, 334
165, 335
165, 336
165, 337
165, 338
165, 339
166, 340
166, 341
165, 342
165, 343
165, 344
165, 345
166, 346
166, 347
166, 348
166, 349
167, 350
167, 351
167, 352
167, 353
168, 354
168, 355
167, 356
167, 357
167, 358
168, 359
168, 360
169, 361
169, 362
169, 363
169, 364
168, 365
167, 366
167, 367
167, 368
168, 369
168, 370
169, 371
169, 372
169, 373
168, 373
167, 373
166, 374
166, 375
166, 376
167, 377
168, 377
169, 377
170, 376
170, 377
170, 378
170, 379
170, 380
169, 381
169, 382
169, 383
169, 384
169, 385
169, 386
169, 387
169, 388
169, 389
169, 390
169, 391
169, 392
169, 393
169, 394
170, 395
170, 396
169, 397
169, 398
169, 399
168, 400
168, 401
168, 402
168, 403
169, 404
169, 405
169, 406
169, 407
169, 408
169, 409
169, 410
169, 411
168, 412
168, 413
168, 414
168, 415
168, 416
168, 417
168, 418
168, 419
168, 420
168, 421
167, 422
167, 423
167, 424
167, 425
167, 426
167, 427
167, 428
167, 429
167, 430
167, 431
167, 432
167, 433
167, 434
168, 435
167, 435
166, 436
166, 437
166, 438
166, 439
166, 440
166, 441
166, 442
166, 443
166, 444
165, 445
165, 446
165, 447
165, 448
165, 449
165, 450
165, 451
165, 452
165, 453
164, 454
164, 455
164, 456
164, 457
164, 458
164, 459
164, 460
164, 461
164, 462
164, 463
164, 464
164, 465
164, 466
164, 467
163, 468
163, 469
163, 470
163, 471
163, 472
163, 473
163, 474
162, 475
162, 476
162, 477
162, 478
162, 479
162, 480
162, 481
161, 482
161, 483
161, 484
161, 485
161, 486
161, 487
161, 488
161, 489
161, 490
160, 491
160, 492
160, 493
160, 494
160, 495
160, 496
160, 497
160, 498
160, 499
160, 500
159, 501
159, 502
159, 503
159, 504
159, 505
159, 506
159, 507
159, 508
159, 509
159, 510
159, 511
158, 512
158, 513
158, 514
158, 515
158, 516
158, 517
158, 518
158, 519
157, 520
157, 521
157, 522
157, 523
157, 524
157, 525
156, 526
156, 527
156, 528
156, 529
156, 530
156, 531
156, 532
156, 533
156, 534
156, 535
155, 536
155, 537
155, 538
155, 539
155, 540
155, 541
155, 542
155, 543
155, 544
155, 545
154, 546
154, 547
154, 548
154, 549
154, 550
154, 551
154, 552
154, 553
153, 554
153, 555
153, 556
153, 557
153, 558
153, 559
153, 560
152, 561
152, 562
152, 563
152, 564
152, 565
152, 566
152, 567
152, 568
152, 569
151, 570
151, 571
151, 572
151, 573
151, 574
151, 575
151, 576
151, 577
150, 578
150, 579
150, 580
150, 581
150, 582
150, 583
149, 584
149, 585
149, 586
149, 587
149, 588
149, 589
149, 590
149, 591
148, 592
148, 593
148, 594
148, 595
148, 596
148, 597
148, 598
148, 599
148, 600
148, 601
148, 602
148, 603
147, 604
147, 605
147, 606
147, 607
146, 608
145, 608
144, 608
143, 609
143, 610
143, 611
144, 612
145, 612
146, 612
146, 613
146, 614
146, 615
146, 616
146, 617
146, 618
146, 619
146, 620
146, 621
145, 622
145, 623
145, 624
145, 625
144, 626
144, 627
144, 628
144, 629
144, 630
144, 631
144, 632
144, 633
144, 634
144, 635
143, 636
143, 637
143, 638
143, 639
143, 640
143, 641
143, 642
143, 643
143, 644
143, 645
142, 646
142, 647
142, 648
142, 649
142, 650
142, 651
142, 652
142, 653
142, 654
142, 655
142, 656
142, 657
141, 658
141, 659
141, 660
141, 661
141, 662
141, 663
141, 664
141, 665
140, 666
140, 667
140, 668
140, 669
140, 670
140, 671
140, 672
140, 673
140, 674
140, 675
140, 676
139, 677
139, 678
139, 679
139, 680
139, 681
138, 682
138, 683
138, 684
138, 685
138, 686
138, 687
138, 688
137, 689
137, 690
137, 691
137, 692
137, 693
137, 694
136, 695
136, 696
136, 697
136, 698
135, 699
135, 700
135, 701
135, 702
135, 703
135, 704
134, 705
134, 706
134, 707
134, 708
134, 709
134, 710
133, 711
132, 712
132, 713
131, 713
130, 714
129, 715
128, 715
127, 716
126, 716
125, 717
124, 717
123, 717
122, 718
121, 718
120, 718
119, 718
118, 718
117, 718
116, 717
115, 716
115, 715
114, 714
113, 713
113, 712
112, 711
112, 710
112, 709
112, 708
112, 707
112, 706
112, 705
112, 704
112, 703
112, 702
112, 701
112, 700
112, 699
112, 698
112, 697
112, 696
112, 695
112, 694
112, 693
112, 692
112, 691
112, 690
112, 689
112, 688
112, 687
112, 686
112, 685
112, 684
112, 683
112, 682
112, 681
112, 680
112, 679
112, 678
112, 677
112, 676
112, 675
113, 674
113, 673
113, 672
113, 671
113, 670
113, 669
113, 668
113, 667
113, 666
113, 665
113, 664
113, 663
113, 662
113, 661
114, 660
114, 659
114, 658
114, 657
114, 656
114, 655
114, 654
114, 653
114, 652
114, 651
114, 650
114, 649
114, 648
115, 647
115, 646
115, 645
115, 644
115, 643
115, 642
115, 641
115, 640
115, 639
115, 638
115, 637
115, 636
115, 635
115, 634
115, 633
115, 632
115, 631
115, 630
115, 629
115, 628
116, 627
116, 626
116, 625
116, 624
116, 623
116, 622
116, 621
116, 620
116, 619
116, 618
117, 617
117, 616
117, 615
116, 614
117, 613
117, 612
117, 611
117, 610
117, 609
117, 608
117, 607
117, 606
117, 605
117, 604
117, 603
117, 602
117, 601
117, 600
117, 599
117, 598
117, 597
117, 596
117, 595
117, 594
117, 593
117, 592
117, 591
118, 590
118, 589
118, 588
118, 587
117, 586
117, 585
118, 584
118, 583
118, 582
118, 581
118, 580
118, 579
118, 578
118, 577
118, 576
118, 575
118, 574
118, 573
118, 572
118, 571
118, 570
118, 569
118, 568
118, 567
119, 566
119, 565
119, 564
119, 563
119, 562
119, 561
119, 560
119, 559
119, 558
119, 557
119, 556
119, 555
119, 554
119, 553
119, 552
119, 551
119, 550
119, 549
119, 548
119, 547
119, 546
119, 545
119, 544
119, 543
119, 542
119, 541
119, 540
119, 539
119, 538
119, 537
120, 536
120, 535
120, 534
120, 533
120, 532
120, 531
120, 530
120, 529
120, 528
120, 527
120, 526
120, 525
120, 524
120, 523
120, 522
120, 521
120, 520
120, 519
120, 518
120, 517
121, 516
121, 515
121, 514
121, 513
121, 512
121, 511
121, 510
121, 509
121, 508
121, 507
121, 506
121, 505
121, 504
121, 503
121, 502
121, 501
121, 500
121, 499
121, 498
122, 497
122, 496
122, 495
122, 494
122, 493
122, 492
122, 491
122, 490
122, 489
122, 488
122, 487
122, 486
122, 485
122, 484
122, 483
122, 482
122, 481
122, 480
122, 479
123, 478
123, 477
123, 476
123, 475
123, 474
123, 473
123, 472
123, 471
123, 470
123, 469
123, 468
123, 467
123, 466
123, 465
123, 464
123, 463
123, 462
123, 461
123, 460
123, 459
123, 458
123, 457
123, 456
123, 455
124, 454
124, 453
124, 452
124, 451
124, 450
124, 449
124, 448
124, 447
124, 446
124, 445
124, 444
124, 443
124, 442
124, 441
124, 440
124, 439
124, 438
124, 437
124, 436
124, 435
125, 434
125, 433
125, 432
125, 431
125, 430
125, 429
125, 428
125, 427
125, 426
125, 425
126, 424
126, 423
126, 422
126, 421
126, 420
126, 419
126, 418
126, 417
126, 416
127, 415
127, 414
127, 413
127, 412
127, 411
127, 410
127, 409
127, 408
127, 407
128, 406
128, 405
128, 404
128, 403
128, 402
128, 401
129, 400
129, 399
129, 398
129, 397
129, 396
129, 395
130, 394
130, 393
130, 392
130, 391
130, 390
130, 389
131, 388
131, 387
131, 386
131, 385
131, 384
131, 383
132, 382
132, 381
133, 380
133, 379
133, 378
133, 377
134, 376
135, 376
136, 375
136, 374
136, 373
136, 372
137, 371
137, 370
138, 369
138, 368
138, 367
137, 366
137, 365
137, 364
138, 363
138, 362
139, 361
139, 360
139, 359
139, 358
140, 357
140, 356
141, 355
141, 354
141, 353
141, 352
142, 351
143, 350
144, 349
144, 348
144, 347
145, 346
146, 345
146, 344
146, 343
146, 342
146, 341
147, 340
147, 339
147, 338
148, 337
148, 336
148, 335
148, 334
149, 333
149, 332
149, 331
149, 330
150, 329
150, 328
150, 327
150, 326
150, 325
151, 324
151, 323
151, 322
151, 321
151, 320
151, 319
151, 318
151, 317
151, 316
152, 315
152, 314
152, 313
152, 312
152, 311
152, 310
152, 309
152, 308
151, 307
151, 306
151, 305
151, 304
151, 303
151, 302
150, 301
150, 300
150, 299
149, 298
149, 297
148, 296
147, 295
147, 294
146, 293
145, 292
144, 291
144, 290
143, 289
142, 288
141, 287
140, 286
139, 285
138, 284
137, 283
136, 283
135, 282
134, 281
133, 280
132, 279
131, 278
130, 278
129, 277
128, 276
127, 275
127, 274
126, 273
125, 272
124, 271
123, 270
122, 269
121, 268
120, 267
119, 266
119, 265
118, 264
117, 263
116, 262
115, 261
115, 260
114, 259
113, 258
112, 257
111, 256
110, 255
109, 254
108, 253
107, 252
107, 251
106, 250
105, 249
105, 248
104, 247
103, 246
103, 245
102, 244
101, 243
101, 242
100, 241
100, 240
99, 239
99, 238
98, 237
98, 236
98, 235
97, 234
97, 233
96, 232
96, 231
96, 230
95, 229
95, 228
95, 227
95, 226
94, 225
94, 224
94, 223
94, 222
93, 221
93, 220
93, 219
94, 220
95, 220
96, 220
97, 219
98, 219
99, 219
100, 218
100, 217
100, 216
99, 215
98, 215
97, 215
96, 216
95, 215
94, 215
93, 215
92, 216
92, 215
92, 214
92, 213
92, 212
92, 211
92, 210
91, 209
91, 208
91, 207
91, 206
91, 205
91, 204
91, 203
91, 202
91, 201
91, 200
91, 199
91, 198
91, 197
91, 196
91, 195
91, 194
91, 193
91, 192
91, 191
91, 190
91, 189
91, 188
91, 187
91, 186
