92, 170
92, 169
92, 168
92, 167
92, 166
92, 165
93, 164
93, 163
93, 162
93, 161
93, 160
93, 159
93, 158
93, 157
93, 156
93, 155
93, 154
94, 154
95, 153
95, 152
95, 151
95, 150
95, 149
96, 148
96, 147
96, 146
97, 145
97, 144
97, 143
98, 142
98, 141
98, 140
98, 139
99, 138
99, 137
99, 136
99, 135
99, 134
99, 133
100, 132
100, 131
101, 130
101, 129
102, 129
103, 129
104, 128
104, 127
104, 126
103, 125
104, 124
104, 123
105, 122
105, 121
106, 120
107, 119
107, 118
108, 117
108, 116
109, 115
110, 114
111, 113
112, 112
113, 111
113, 110
114, 109
115, 108
116, 107
117, 106
118, 105
119, 104
120, 104
121, 103
122, 102
123, 101
124, 101
125, 100
126, 99
127, 99
128, 98
129, 98
130, 97
131, 97
132, 96
133, 96
134, 96
135, 97
136, 97
137, 97
138, 96
138, 95
139, 96
140, 96
141, 96
142, 96
143, 95
143, 94
144, 93
145, 93
146, 93
147, 93
148, 93
149, 93
150, 93
151, 93
152, 93
153, 93
154, 93
154, 94
154, 95
155, 96
156, 96
157, 96
158, 96
159, 95
159, 94
159, 95
159, 96
160, 97
161, 97
162, 97
163, 98
164, 98
165, 98
166, 98
167, 97
167, 96
168, 96
168, 97
168, 98
168, 99
169, 100
170, 101
171, 101
172, 102
173, 102
174, 103
175, 103
176, 104
177, 105
178, 105
179, 106
180, 107
181, 108
182, 109
183, 110
184, 110
185, 111
186, 112
187, 113
188, 114
189, 115
190, 116
190, 117
191, 118
192, 119
193, 120
194, 121
194, 122
195, 123
195, 124
196, 125
196, 126
197, 127
198, 128
198, 129
199, 130
200, 131
200, 132
200, 133
201, 134
201, 135
202, 136
202, 137
202, 138
203, 139
203, 140
204, 141
204, 142
204, 143
205, 144
205, 145
206, 146
206, 147
206, 148
207, 149
207, 150
207, 151
207, 152
208, 153
208, 154
208, 155
208, 156
209, 157
209, 158
209, 159
209, 160
209, 161
209, 162
210, 163
210, 164
210, 165
211, 166
210, 167
210, 168
210, 169
211, 170
211, 171
211, 172
211, 173
211, 174
211, 175
211, 176
211, 177
211, 178
211, 179
211, 180
211, 181
211, 182
211, 183
211, 184
211, 185
212, 186
213, 186
214, 186
214, 187
214, 188
214, 189
214, 190
215, 191
215, 192
215, 193
215, 194
215, 195
215, 196
215, 197
215, 198
216, 199
216, 200
216, 201
216, 202
216, 203
216, 204
216, 205
216, 206
216, 207
216, 208
216, 209
216, 210
215, 210
214, 211
214, 212
214, 213
214, 214
214, 215
214, 216
214, 217
213, 218
212, 219
212, 220
212, 221
212, 222
212, 223
212, 224
212, 225
211, 225
210, 226
210, 227
210, 228
210, 229
209, 229
208, 230
208, 231
208, 232
208, 233
207, 233
206, 234
206, 235
205, 236
204, 237
204, 238
203, 238
202, 239
202, 240
201, 241
200, 241
199, 242
199, 243
198, 244
197, 245
196, 246
195, 247
195, 248
194, 249
193, 250
192, 251
191, 252
190, 253
190, 254
189, 255
188, 256
187, 257
186, 258
186, 259
185, 259
184, 260
184, 261
183, 262
182, 263
181, 264
180, 265
179, 265
178, 265
177, 265
176, 266
177, 265
177, 264
177, 263
178, 262
178, 261
179, 261
180, 261
181, 260
181, 259
182, 258
183, 258
184, 257
184, 256
184, 255
183, 254
182, 254
181, 254
180, 255
180, 254
179, 253
178, 253
177, 253
176, 254
176, 255
176, 256
176, 257
177, 258
177, 259
176, 259
175, 259
174, 260
173, 261
172, 262
172, 263
172, 264
172, 265
172, 266
173, 267
174, 267
173, 268
172, 269
172, 270
171, 271
171, 272
170, 273
169, 274
169, 275
169, 276
169, 277
168, 278
168, 279
167, 280
167, 281
167, 282
167, 283
167, 284
167, 285
168, 286
168, 287
168, 288
168, 289
168, 290
168, 291
168, 292
168, 293
168, 294
168, 295
168, 296
168, 297
168, 298
168, 299
168, 300
169, 301
169, 302
169, 303
169, 304
169, 305
170, 306
170, 307
170, 308
170, 309
170, 310
170, 311
171, 312
171, 313
172, 314
172, 315
172, 316
172, 317
172, 318
172, 319
172, 320
172, 321
172, 322
172, 323
173, 324
173, 325
173, 326
173, 327
173, 328
174, 329
174, 330
174, 331
174, 332
174, 333
174, 334
174, 335
174, 336
174, 337
174, 338
174, 339
174, 340
175, 341
175, 342
176, 343
176, 344
176, 345
176, 346
176, 347
176, 348
176, 349
176, 350
176, 351
176, 352
176, 353
177, 354
177, 355
177, 356
178, 357
178, 358
178, 359
178, 360
178, 361
178, 362
178, 363
178, 364
178, 365
179, 366
179, 367
179, 368
179, 369
179, 370
180, 371
180, 372
180, 373
180, 374
180, 375
181, 376
181, 377
181, 378
181, 379
181, 380
181, 381
181, 382
182, 383
182, 384
182, 385
182, 386
182, 387
182, 388
183, 389
183, 390
183, 391
183, 392
183, 393
183, 394
183, 395
184, 396
184, 397
184, 398
184, 399
184, 400
184, 401
184, 402
184, 403
185, 404
185, 405
185, 406
185, 407
186, 408
186, 409
186, 410
186, 411
186, 412
186, 413
186, 414
187, 415
187, 416
187, 417
187, 418
187, 419
187, 420
187, 421
188, 422
188, 423
188, 424
188, 425
188, 426
188, 427
189, 428
189, 429
189, 430
189, 431
189, 432
189, 433
190, 434
190, 435
190, 436
190, 437
190, 438
190, 439
191, 440
191, 441
191, 442
191, 443
191, 444
191, 445
191, 446
192, 447
192, 448
192, 449
192, 450
192, 451
192, 452
193, 453
193, 454
193, 455
193, 456
193, 457
193, 458
193, 459
193, 460
193, 461
194, 462
194, 463
194, 464
194, 465
194, 466
194, 467
194, 468
194, 469
194, 470
194, 471
195, 472
195, 473
195, 474
195, 475
195, 476
195, 477
195, 478
195, 479
195, 480
195, 481
195, 482
195, 483
196, 484
196, 485
196, 486
196, 487
196, 488
196, 489
196, 490
196, 491
196, 492
196, 493
196, 494
196, 495
196, 496
196, 497
196, 498
196, 499
196, 500
196, 501
196, 502
197, 503
197, 504
197, 505
197, 506
197, 507
197, 508
197, 509
197, 510
197, 511
197, 512
197, 513
197, 514
197, 515
198, 516
198, 517
198, 518
199, 519
200, 519
200, 520
200, 521
200, 522
200, 523
200, 524
200, 525
200, 526
200, 527
200, 528
200, 529
200, 530
200, 531
200, 532
201, 533
201, 534
201, 535
201, 536
201, 537
201, 538
200, 539
200, 540
200, 541
200, 542
201, 543
201, 544
201, 545
201, 546
201, 547
201, 548
201, 549
201, 550
201, 551
202, 552
202, 553
202, 554
202, 555
202, 556
202, 557
202, 558
202, 559
202, 560
202, 561
202, 562
202, 563
202, 564
202, 565
202, 566
202, 567
202, 568
202, 569
202, 570
202, 571
202, 572
202, 573
202, 574
202, 575
202, 576
202, 577
202, 578
202, 579
202, 580
202, 581
202, 582
202, 583
202, 584
202, 585
201, 586
201, 587
200, 588
200, 589
200, 590
200, 591
200, 592
200, 593
200, 594
200, 595
200, 596
200, 597
200, 598
200, 599
200, 600
200, 601
200, 602
200, 603
200, 604
200, 605
200, 606
200, 607
200, 608
200, 609
200, 610
200, 611
200, 612
200, 613
200, 614
200, 615
200, 616
200, 617
200, 618
200, 619
200, 620
200, 621
200, 622
200, 623
200, 624
200, 625
200, 626
200, 627
200, 628
200, 629
200, 630
200, 631
200, 632
200, 633
200, 634
200, 635
200, 636
200, 637
200, 638
200, 639
200, 640
200, 641
200, 642
200, 643
200, 644
200, 645
200, 646
200, 647
200, 648
200, 649
200, 650
200, 651
200, 652
200, 653
200, 654
200, 655
199, 656
199, 657
199, 658
199, 659
199, 660
198, 661
198, 662
197, 663
197, 664
196, 665
195, 665
194, 666
193, 666
192, 666
191, 666
190, 666
189, 666
188, 666
187, 665
186, 665
185, 665
184, 664
183, 664
182, 663
181, 663
180, 662
179, 661
178, 660
177, 659
176, 658
176, 657
176, 656
175, 655
174, 654
174, 653
174, 652
173, 651
173, 650
173, 649
172, 648
172, 647
172, 646
172, 645
171, 644
171, 643
171, 642
171, 641
171, 640
171, 639
170, 638
170, 637
170, 636
170, 635
170, 634
170, 633
170, 632
170, 631
169, 630
169, 629
169, 628
168, 627
168, 626
168, 625
168, 624
168, 623
168, 622
168, 621
168, 620
168, 619
167, 618
167, 617
167, 616
167, 615
167, 614
167, 613
167, 612
167, 611
166, 610
166, 609
166, 608
166, 607
166, 606
166, 605
166, 604
166, 603
166, 602
165, 601
165, 600
165, 599
165, 598
165, 597
165, 596
165, 595
165, 594
165, 593
165, 592
164, 591
164, 590
164, 589
164, 588
164, 587
164, 586
164, 585
164, 584
163, 583
163, 582
163, 581
163, 580
163, 579
162, 578
162, 577
162, 576
162, 575
162, 574
162, 573
162, 572
162, 571
162, 570
162, 569
162, 568
161, 567
161, 566
161, 565
161, 564
161, 563
161, 562
161, 561
161, 560
161, 559
161, 558
160, 557
160, 556
160, 555
160, 554
160, 553
160, 552
160, 551
160, 550
160, 549
160, 548
160, 547
160, 546
160, 545
160, 544
160, 543
159, 542
159, 541
159, 540
159, 539
159, 538
159, 537
159, 536
159, 535
159, 534
159, 533
159, 532
158, 531
158, 530
158, 529
158, 528
158, 527
158, 526
158, 525
158, 524
158, 523
158, 522
158, 521
158, 520
158, 519
158, 518
158, 517
158, 516
158, 515
158, 514
158, 513
157, 512
157, 511
157, 510
157, 509
157, 508
157, 507
157, 506
157, 505
157, 504
157, 503
157, 502
157, 501
157, 500
157, 499
156, 498
156, 497
156, 496
156, 495
156, 494
156, 493
156, 492
156, 491
156, 490
156, 489
156, 488
156, 487
156, 486
156, 485
156, 484
156, 483
156, 482
156, 481
156, 480
156, 479
156, 478
156, 477
156, 476
156, 475
155, 474
155, 473
155, 472
155, 471
155, 470
155, 469
155, 468
155, 467
155, 466
155, 465
155, 464
155, 463
155, 462
155, 461
155, 460
155, 459
155, 458
155, 457
155, 456
155, 455
155, 454
155, 453
155, 452
155, 451
155, 450
155, 449
155, 448
155, 447
155, 446
155, 445
155, 444
155, 443
155, 442
155, 441
155, 440
155, 439
155, 438
155, 437
155, 436
155, 435
155, 434
155, 433
155, 432
155, 431
155, 430
155, 429
155, 428
155, 427
155, 426
155, 425
155, 424
155, 423
155, 422
155, 421
155, 420
155, 419
155, 418
155, 417
155, 416
155, 415
155, 414
155, 413
155, 412
155, 411
155, 410
155, 409
155, 408
155, 407
155, 406
155, 405
155, 404
155, 403
155, 402
155, 401
155, 400
155, 399
155, 398
155, 397
155, 396
155, 395
155, 394
155, 393
155, 392
155, 391
155, 390
155, 389
155, 388
155, 387
155, 386
155, 385
155, 384
155, 383
155, 382
155, 381
155, 380
155, 379
155, 378
155, 377
155, 376
155, 375
155, 374
155, 373
155, 372
155, 371
155, 370
155, 369
155, 368
155, 367
155, 366
155, 365
155, 364
155, 363
155, 362
155, 361
155, 360
155, 359
155, 358
155, 357
155, 356
155, 355
155, 354
155, 353
155, 352
155, 351
155, 350
155, 349
155, 348
155, 347
155, 346
155, 345
155, 344
155, 343
155, 342
155, 341
155, 340
155, 339
155, 338
155, 337
155, 336
155, 335
155, 334
155, 333
155, 332
155, 331
155, 330
155, 329
155, 328
155, 327
155, 326
155, 325
154, 324
154, 323
154, 322
154, 321
154, 320
154, 319
154, 318
155, 317
155, 316
155, 315
155, 314
155, 313
154, 312
153, 312
154, 311
155, 310
155, 309
155, 308
155, 307
155, 306
155, 305
155, 304
155, 303
156, 303
156, 304
156, 305
157, 306
158, 306
159, 306
160, 305
160, 304
160, 303
160, 302
161, 301
161, 300
161, 299
160, 298
159, 298
158, 298
157, 298
156, 298
155, 297
155, 296
155, 295
155, 294
155, 293
154, 292
154, 291
154, 290
154, 289
154, 288
153, 287
153, 286
152, 285
152, 284
152, 283
152, 282
152, 281
151, 280
150, 279
149, 278
149, 277
149, 276
148, 275
148, 274
147, 273
146, 273
145, 273
144, 273
143, 273
142, 272
141, 271
140, 270
139, 269
138, 268
137, 268
137, 267
136, 266
135, 265
134, 264
133, 264
132, 263
131, 262
130, 261
129, 260
128, 260
127, 259
126, 258
125, 258
124, 257
123, 256
122, 255
121, 254
120, 254
120, 253
119, 252
118, 252
117, 251
116, 250
115, 249
114, 248
113, 247
112, 247
111, 246
110, 245
109, 244
108, 243
107, 242
106, 241
106, 240
105, 239
104, 238
103, 237
103, 236
102, 235
102, 234
101, 233
101, 232
100, 231
99, 230
99, 229
98, 228
98, 227
97, 226
97, 225
97, 224
96, 223
96, 222
96, 221
96, 220
95, 219
95, 218
95, 217
94, 216
94, 215
94, 214
93, 213
93, 212
93, 211
93, 210
92, 209
92, 208
92, 207
92, 206
92, 205
91, 204
91, 203
91, 202
91, 201
91, 200
91, 199
92, 198
92, 197
92, 196
92, 195
92, 194
92, 193
92, 192
92, 191
92, 190
92, 189
92, 188
91, 187
91, 186
91, 185
91, 184
91, 183
91, 182
91, 181
91, 180
91, 179
91, 178
91, 177
91, 176
91, 175
91, 174
91, 173
91, 172
91, 171
