144, 169
144, 168
144, 167
144, 166
144, 165
145, 164
145, 163
145, 162
145, 161
145, 160
145, 159
145, 158
146, 157
146, 156
146, 155
146, 154
147, 153
147, 152
147, 151
147, 150
148, 149
148, 148
148, 147
148, 146
149, 145
149, 144
150, 143
150, 142
150, 141
151, 140
151, 139
151, 138
152, 137
152, 136
152, 135
153, 134
153, 133
153, 132
154, 131
154, 130
155, 129
156, 128
156, 127
156, 126
157, 125
157, 124
158, 123
158, 122
159, 121
159, 120
160, 119
161, 118
161, 117
162, 116
163, 115
163, 114
164, 113
165, 112
165, 111
166, 110
167, 109
168, 108
169, 107
170, 106
171, 105
172, 104
173, 103
174, 102
175, 101
176, 100
177, 100
178, 99
179, 98
180, 98
181, 97
182, 97
183, 96
184, 96
185, 95
186, 95
187, 94
188, 94
189, 93
190, 93
191, 93
192, 93
193, 94
194, 94
195, 94
196, 94
197, 94
198, 93
198, 92
198, 91
199, 91
200, 91
201, 91
202, 91
203, 91
204, 91
205, 91
206, 91
207, 91
208, 91
208, 92
208, 93
209, 94
210, 94
211, 94
212, 94
213, 94
214, 95
215, 95
216, 95
217, 94
217, 93
217, 94
217, 95
218, 96
219, 96
220, 96
221, 95
221, 94
222, 95
222, 96
222, 97
223, 98
224, 99
225, 99
226, 99
227, 98
227, 97
228, 97
229, 98
230, 99
231, 100
232, 100
231, 100
230, 101
230, 102
230, 103
231, 104
232, 104
233, 104
234, 103
234, 102
235, 103
236, 104
237, 104
237, 105
236, 105
235, 106
235, 107
235, 108
236, 109
237, 110
238, 110
239, 110
240, 109
240, 108
241, 109
242, 110
243, 111
243, 112
244, 113
245, 114
245, 115
246, 116
247, 117
247, 118
248, 119
249, 120
249, 121
250, 122
251, 123
251, 124
251, 125
251, 126
252, 127
253, 127
253, 128
253, 129
253, 130
254, 131
255, 132
255, 133
255, 134
255, 135
254, 135
253, 135
252, 136
252, 137
252, 138
253, 139
254, 139
255, 139
256, 138
256, 137
257, 137
257, 138
257, 139
257, 140
257, 141
257, 142
258, 143
259, 143
259, 144
259, 145
259, 146
259, 147
259, 148
258, 148
257, 148
256, 149
256, 150
256, 151
257, 152
258, 152
259, 152
260, 151
261, 152
261, 153
261, 154
261, 155
261, 156
261, 157
261, 158
261, 159
261, 160
261, 161
261, 162
261, 163
261, 164
261, 165
261, 166
262, 167
262, 168
262, 169
262, 170
263, 171
263, 172
263, 173
263, 174
263, 175
263, 176
263, 177
263, 178
263, 179
263, 180
263, 181
263, 182
263, 183
263, 184
263, 185
263, 186
263, 187
262, 187
261, 188
261, 189
261, 190
261, 191
261, 192
261, 193
261, 194
261, 195
261, 196
261, 197
261, 198
261, 199
261, 200
261, 201
261, 202
261, 203
260, 203
259, 204
259, 205
259, 206
259, 207
259, 208
259, 209
259, 210
258, 210
257, 211
257, 212
257, 213
257, 214
257, 215
256, 215
255, 216
255, 217
255, 218
255, 219
255, 220
254, 220
253, 221
253, 222
253, 223
253, 224
252, 224
251, 225
251, 226
251, 227
250, 227
249, 228
249, 229
249, 230
248, 230
247, 231
247, 232
247, 233
246, 233
245, 234
245, 235
244, 235
243, 236
243, 237
242, 238
241, 239
240, 240
239, 241
238, 242
237, 243
236, 243
235, 244
235, 245
234, 245
233, 246
232, 247
231, 248
231, 249
230, 249
229, 250
229, 251
228, 251
227, 252
227, 253
226, 253
225, 254
225, 255
224, 255
223, 256
223, 257
222, 257
221, 257
220, 258
219, 258
218, 259
217, 259
216, 260
215, 261
214, 262
213, 263
212, 264
211, 265
210, 266
210, 267
209, 268
209, 269
208, 270
208, 271
207, 272
207, 273
207, 274
206, 275
206, 276
206, 277
205, 278
205, 279
205, 280
205, 281
205, 282
205, 283
205, 284
204, 285
204, 286
204, 287
203, 288
203, 289
203, 290
203, 291
203, 292
203, 293
203, 294
203, 295
203, 296
204, 297
204, 298
204, 299
204, 300
204, 301
205, 302
205, 303
205, 304
205, 305
205, 306
205, 307
205, 308
205, 309
205, 310
205, 311
205, 312
205, 313
206, 314
206, 315
206, 316
207, 317
207, 318
207, 319
207, 320
207, 321
207, 322
207, 323
207, 324
207, 325
207, 326
207, 327
207, 328
207, 329
207, 330
207, 331
207, 332
207, 333
207, 334
208, 335
208, 336
208, 337
209, 338
209, 339
209, 340
208, 341
208, 342
208, 343
209, 344
209, 345
209, 346
209, 347
208, 348
208, 349
208, 350
209, 351
210, 351
211, 351
212, 350
213, 350
214, 351
215, 351
216, 351
217, 352
217, 353
217, 354
216, 355
216, 356
216, 357
216, 358
216, 359
216, 360
216, 361
216, 362
217, 363
217, 364
217, 365
217, 366
217, 367
217, 368
217, 369
216, 370
216, 371
216, 372
216, 373
216, 374
216, 375
216, 376
216, 377
216, 378
216, 379
216, 380
216, 381
216, 382
216, 383
216, 384
216, 385
216, 386
216, 387
216, 388
216, 389
216, 390
216, 391
216, 392
216, 393
216, 394
216, 395
216, 396
216, 397
216, 398
216, 399
216, 400
216, 401
216, 402
216, 403
216, 404
215, 405
215, 406
215, 407
215, 408
216, 409
215, 410
215, 411
215, 412
215, 413
215, 414
215, 415
215, 416
215, 417
215, 418
215, 419
215, 420
215, 421
215, 422
215, 423
215, 424
215, 425
215, 426
215, 427
215, 428
215, 429
215, 430
215, 431
215, 432
215, 433
215, 434
215, 435
215, 436
215, 437
215, 438
215, 439
215, 440
215, 441
215, 442
215, 443
215, 444
215, 445
215, 446
215, 447
215, 448
215, 449
215, 450
215, 451
215, 452
215, 453
215, 454
215, 455
215, 456
215, 457
215, 458
215, 459
215, 460
215, 461
215, 462
215, 463
215, 464
215, 465
214, 466
214, 467
214, 468
214, 469
214, 470
214, 471
214, 472
214, 473
214, 474
214, 475
214, 476
214, 477
214, 478
214, 479
214, 480
214, 481
214, 482
214, 483
214, 484
214, 485
214, 486
214, 487
214, 488
214, 489
214, 490
214, 491
214, 492
214, 493
214, 494
214, 495
214, 496
214, 497
214, 498
214, 499
214, 500
214, 501
214, 502
214, 503
213, 504
213, 505
213, 506
213, 507
213, 508
213, 509
213, 510
213, 511
213, 512
214, 513
214, 514
214, 515
214, 516
214, 517
214, 518
214, 519
214, 520
214, 521
214, 522
214, 523
214, 524
213, 525
213, 526
213, 527
214, 528
214, 529
214, 530
214, 531
214, 532
214, 533
214, 534
214, 535
214, 536
214, 537
214, 538
214, 539
214, 540
214, 541
214, 542
214, 543
214, 544
214, 545
214, 546
213, 547
213, 548
213, 549
214, 550
214, 551
214, 552
214, 553
214, 554
214, 555
214, 556
214, 557
214, 558
214, 559
214, 560
214, 561
214, 562
214, 563
214, 564
214, 565
214, 566
214, 567
214, 568
214, 569
214, 570
214, 571
214, 572
214, 573
214, 574
214, 575
214, 576
214, 577
214, 578
214, 579
214, 580
214, 581
214, 582
214, 583
214, 584
214, 585
214, 586
214, 587
214, 588
214, 589
214, 590
214, 591
214, 592
214, 593
215, 594
215, 595
215, 596
215, 597
215, 598
215, 599
215, 600
215, 601
215, 602
215, 603
215, 604
215, 605
215, 606
215, 607
215, 608
215, 609
215, 610
215, 611
215, 612
215, 613
215, 614
215, 615
215, 616
215, 617
215, 618
215, 619
215, 620
215, 621
215, 622
215, 623
215, 624
215, 625
215, 626
215, 627
216, 628
215, 629
215, 630
215, 631
215, 632
216, 633
216, 634
216, 635
216, 636
216, 637
216, 638
216, 639
216, 640
216, 641
216, 642
216, 643
216, 644
216, 645
216, 646
216, 647
216, 648
216, 649
216, 650
216, 651
217, 652
217, 653
217, 654
217, 655
217, 656
217, 657
217, 658
217, 659
217, 660
217, 661
217, 662
217, 663
217, 664
217, 665
217, 666
217, 667
217, 668
217, 669
217, 670
217, 671
217, 672
217, 673
217, 674
217, 675
216, 675
215, 675
214, 676
214, 677
214, 678
215, 679
216, 679
217, 679
218, 678
218, 679
218, 680
219, 681
219, 682
219, 683
219, 684
219, 685
219, 686
219, 687
219, 688
219, 689
219, 690
219, 691
219, 692
219, 693
219, 694
219, 695
219, 696
219, 697
219, 698
218, 699
217, 700
216, 701
215, 702
214, 703
213, 704
212, 705
211, 705
210, 706
209, 706
208, 707
207, 707
206, 708
205, 709
204, 709
203, 709
202, 710
201, 710
200, 710
199, 710
198, 710
197, 711
196, 711
195, 710
194, 710
193, 710
192, 710
191, 711
190, 711
189, 711
188, 711
187, 711
186, 710
185, 710
184, 710
183, 710
182, 710
181, 710
180, 710
179, 710
178, 709
177, 709
176, 709
175, 709
174, 709
173, 708
172, 708
171, 707
170, 707
169, 706
168, 706
167, 705
166, 704
165, 703
164, 702
163, 701
162, 700
161, 699
160, 698
160, 697
161, 697
162, 696
162, 695
162, 694
162, 693
162, 692
162, 691
163, 690
163, 689
163, 688
162, 687
161, 687
162, 686
163, 685
163, 684
163, 683
163, 682
163, 681
163, 680
163, 679
163, 678
163, 677
162, 676
162, 675
162, 674
162, 673
163, 673
164, 672
164, 671
165, 670
165, 669
165, 668
165, 667
165, 666
165, 665
165, 664
165, 663
165, 662
164, 661
164, 660
164, 659
164, 658
164, 657
164, 656
164, 655
164, 654
164, 653
164, 652
164, 651
164, 650
164, 649
164, 648
164, 647
164, 646
164, 645
165, 644
165, 643
166, 643
167, 642
167, 641
167, 640
167, 639
167, 638
167, 637
166, 636
165, 636
165, 635
165, 634
165, 633
166, 632
166, 631
166, 630
166, 629
166, 628
166, 627
166, 626
166, 625
166, 624
166, 623
166, 622
167, 621
168, 621
169, 620
169, 619
169, 618
169, 617
169, 616
169, 615
168, 614
167, 614
167, 613
167, 612
167, 611
167, 610
167, 609
167, 608
167, 607
168, 606
168, 605
168, 604
168, 603
168, 602
168, 601
168, 600
168, 599
168, 598
168, 597
168, 596
168, 595
169, 595
170, 595
171, 594
171, 593
171, 592
171, 591
171, 590
171, 589
170, 588
169, 588
168, 588
168, 587
168, 586
168, 585
168, 584
168, 583
168, 582
168, 581
168, 580
168, 579
168, 578
168, 577
169, 576
169, 575
169, 574
169, 573
169, 572
169, 571
169, 570
169, 569
169, 568
169, 567
169, 566
169, 565
169, 564
169, 563
169, 564
170, 565
171, 565
172, 565
173, 564
173, 563
173, 562
172, 561
171, 561
170, 561
170, 560
170, 559
170, 558
170, 557
170, 556
170, 555
170, 554
170, 553
170, 552
170, 551
170, 550
170, 549
170, 548
170, 547
170, 546
170, 545
170, 544
170, 543
170, 542
170, 541
170, 540
170, 539
170, 538
170, 537
170, 536
170, 535
170, 534
171, 533
171, 532
171, 531
171, 530
171, 529
172, 528
172, 527
172, 526
172, 525
171, 524
172, 523
172, 522
172, 521
172, 520
172, 519
172, 518
172, 517
172, 516
172, 515
172, 514
172, 513
173, 513
174, 513
175, 512
175, 511
175, 510
175, 509
175, 508
175, 507
175, 506
175, 505
175, 504
174, 503
173, 503
172, 503
172, 502
172, 501
172, 500
172, 499
172, 498
172, 497
172, 496
172, 495
172, 494
172, 493
172, 492
173, 491
173, 490
173, 489
172, 488
173, 487
173, 486
173, 485
173, 484
173, 483
173, 482
173, 481
173, 480
173, 479
173, 478
173, 477
173, 476
174, 475
174, 474
174, 473
174, 472
174, 471
174, 470
174, 469
174, 468
174, 467
174, 466
175, 466
176, 465
176, 464
176, 463
176, 462
176, 461
175, 460
174, 460
174, 459
174, 458
174, 457
174, 456
174, 455
174, 454
174, 453
174, 452
174, 451
174, 450
175, 449
176, 448
176, 447
176, 446
176, 445
176, 444
176, 443
175, 442
175, 441
175, 440
176, 440
177, 439
177, 438
177, 437
177, 436
177, 435
176, 434
175, 434
175, 433
175, 432
176, 431
176, 430
176, 429
176, 428
177, 427
177, 426
177, 425
177, 424
177, 423
177, 422
177, 421
177, 420
177, 419
177, 418
177, 417
177, 416
177, 415
177, 414
177, 413
177, 412
177, 411
177, 410
177, 409
177, 408
177, 407
177, 406
177, 405
177, 404
177, 403
177, 402
177, 401
177, 400
177, 399
177, 398
177, 397
177, 396
177, 395
177, 394
177, 393
177, 392
177, 391
177, 390
177, 389
177, 388
177, 387
177, 386
177, 385
177, 384
177, 383
177, 382
177, 381
177, 380
177, 379
177, 378
177, 377
177, 376
177, 375
177, 374
177, 373
177, 372
177, 371
177, 370
177, 369
177, 368
177, 367
177, 366
177, 365
177, 364
177, 363
177, 362
177, 361
177, 360
177, 359
177, 358
177, 357
177, 356
177, 355
178, 354
178, 353
178, 352
177, 351
176, 351
177, 351
178, 351
179, 351
180, 351
181, 351
182, 351
183, 351
184, 350
184, 349
184, 348
183, 347
182, 347
182, 346
182, 345
182, 344
182, 343
183, 342
183, 341
183, 340
183, 339
183, 338
184, 337
184, 336
184, 335
184, 334
184, 333
184, 332
185, 331
185, 330
185, 329
185, 328
185, 327
186, 326
186, 325
186, 324
186, 323
186, 322
186, 321
187, 320
187, 319
187, 318
187, 317
187, 316
187, 315
187, 314
187, 313
187, 312
187, 311
188, 310
188, 309
188, 308
188, 307
188, 306
188, 305
188, 304
189, 303
189, 302
189, 301
189, 300
190, 299
190, 298
190, 297
190, 296
190, 295
191, 294
191, 293
191, 292
192, 291
192, 290
192, 289
192, 288
191, 287
191, 286
191, 285
191, 284
191, 283
191, 282
191, 281
191, 280
191, 279
191, 278
191, 277
190, 276
190, 275
190, 274
190, 273
189, 272
189, 271
189, 270
188, 269
188, 268
187, 267
187, 266
186, 265
185, 264
185, 263
184, 262
183, 261
182, 260
181, 259
180, 258
179, 258
178, 257
177, 256
176, 255
175, 254
174, 253
173, 252
172, 251
171, 250
170, 249
170, 248
169, 247
168, 246
167, 245
166, 244
166, 243
165, 242
164, 241
164, 240
163, 239
162, 238
161, 237
160, 236
159, 235
158, 234
158, 233
157, 232
156, 231
156, 230
155, 229
154, 228
154, 227
153, 226
152, 225
152, 224
152, 223
151, 222
150, 221
150, 220
150, 219
149, 218
149, 217
148, 216
148, 215
148, 214
147, 213
147, 212
146, 211
146, 210
146, 209
146, 208
146, 207
145, 206
145, 205
145, 204
145, 203
145, 202
145, 201
145, 200
144, 199
144, 198
144, 197
144, 196
144, 195
144, 194
144, 193
144, 192
143, 191
143, 190
143, 189
143, 188
143, 187
143, 186
143, 185
143, 184
143, 183
143, 182
143, 181
143, 180
143, 179
143, 178
143, 177
143, 176
143, 175
143, 174
143, 173
143, 172
143, 171
143, 170
