84, 598
85, 597
85, 596
85, 595
85, 594
85, 593
85, 592
85, 591
85, 590
85, 589
85, 588
85, 587
85, 586
85, 585
85, 584
85, 583
86, 582
86, 581
86, 580
87, 579
87, 578
87, 577
87, 576
87, 575
87, 574
87, 573
87, 572
88, 571
88, 570
88, 569
89, 568
89, 567
89, 566
89, 565
89, 564
89, 563
89, 562
89, 561
89, 560
90, 559
91, 558
91, 557
91, 556
91, 555
91, 554
91, 553
91, 552
91, 551
91, 550
91, 549
91, 548
91, 547
91, 546
92, 546
93, 545
93, 544
93, 543
93, 542
93, 541
93, 540
93, 539
93, 538
93, 537
94, 536
95, 535
95, 534
95, 533
95, 532
95, 531
95, 530
95, 529
95, 528
96, 528
97, 527
97, 526
97, 525
97, 524
97, 523
97, 522
97, 521
97, 520
98, 519
99, 518
99, 517
99, 516
99, 515
99, 514
99, 513
99, 512
99, 511
99, 510
100, 509
101, 508
101, 507
101, 506
101, 505
101, 504
101, 503
101, 502
101, 501
102, 500
103, 499
103, 498
103, 497
103, 496
103, 495
103, 494
103, 493
103, 492
103, 491
103, 490
104, 490
105, 489
105, 488
105, 487
105, 486
105, 485
105, 484
105, 483
105, 482
105, 481
105, 480
105, 479
105, 478
105, 477
106, 476
107, 475
107, 474
107, 473
107, 472
107, 471
107, 470
107, 469
107, 468
107, 467
107, 466
107, 465
107, 464
108, 463
109, 462
109, 461
109, 460
109, 459
109, 458
109, 457
109, 456
109, 455
109, 454
109, 453
109, 452
109, 451
109, 450
110, 449
110, 448
110, 447
111, 446
111, 445
111, 444
111, 443
111, 442
111, 441
111, 440
111, 439
111, 438
111, 437
111, 436
111, 435
111, 434
111, 433
112, 432
112, 431
112, 430
113, 429
113, 428
113, 427
113, 426
113, 425
113, 424
113, 423
113, 422
113, 421
113, 420
113, 419
113, 418
113, 417
113, 416
113, 415
114, 414
115, 413
115, 412
115, 411
115, 410
115, 409
115, 408
115, 407
115, 406
115, 405
115, 404
115, 403
115, 402
115, 401
115, 400
116, 399
116, 398
116, 397
116, 396
117, 395
117, 394
117, 393
117, 392
117, 391
117, 390
117, 389
117, 388
117, 387
117, 386
117, 385
117, 384
117, 383
117, 382
117, 381
117, 380
118, 379
118, 378
118, 377
118, 376
118, 375
118, 374
118, 373
119, 372
119, 371
119, 370
119, 369
119, 368
119, 367
119, 366
119, 365
119, 364
120, 363
121, 362
121, 361
121, 360
121, 359
121, 358
121, 357
121, 356
121, 355
121, 354
121, 353
121, 352
121, 351
121, 350
121, 349
122, 348
123, 347
123, 346
123, 345
123, 344
123, 343
123, 342
123, 341
123, 340
123, 339
123, 338
123, 337
123, 336
123, 335
123, 334
123, 333
123, 332
124, 331
124, 330
125, 329
125, 328
125, 327
126, 326
126, 325
126, 324
126, 323
126, 322
126, 321
126, 322
126, 323
126, 324
126, 325
127, 326
128, 326
129, 326
130, 325
130, 324
130, 323
130, 322
131, 323
132, 323
133, 323
134, 322
134, 321
134, 320
133, 319
132, 319
131, 319
131, 318
130, 317
130, 316
130, 315
130, 314
130, 313
130, 312
130, 311
130, 310
130, 309
130, 308
131, 307
131, 306
131, 305
131, 304
132, 303
133, 303
134, 302
134, 301
134, 300
134, 299
133, 298
132, 298
131, 298
131, 297
131, 296
131, 295
131, 294
131, 293
131, 292
131, 291
131, 290
130, 289
129, 289
129, 288
129, 287
128, 286
127, 285
126, 284
126, 283
125, 282
124, 281
123, 281
122, 280
121, 280
120, 279
119, 278
118, 278
117, 277
116, 276
115, 276
114, 275
113, 274
112, 273
111, 272
110, 271
109, 270
108, 269
108, 268
107, 267
106, 266
107, 266
108, 265
108, 264
108, 263
107, 262
106, 262
105, 262
104, 263
103, 262
102, 261
101, 260
101, 259
100, 258
100, 257
99, 256
98, 255
98, 254
97, 253
97, 252
96, 251
95, 250
95, 249
95, 248
94, 247
94, 246
94, 245
93, 244
93, 243
92, 242
92, 241
92, 240
91, 239
91, 238
91, 237
90, 236
89, 236
89, 235
89, 234
89, 233
89, 232
89, 231
89, 230
89, 229
88, 228
87, 227
87, 226
87, 225
87, 224
88, 223
88, 222
88, 221
88, 220
88, 219
88, 218
87, 217
87, 216
87, 215
87, 214
87, 215
88, 216
88, 217
88, 218
88, 219
89, 220
90, 221
90, 222
91, 223
91, 224
91, 225
92, 226
92, 227
92, 228
92, 229
93, 230
94, 230
95, 230
96, 229
96, 228
97, 227
97, 226
97, 225
97, 224
96, 223
96, 222
96, 221
95, 220
94, 220
94, 219
94, 218
94, 217
93, 216
92, 216
92, 215
92, 214
92, 213
91, 212
91, 211
91, 210
91, 209
91, 208
91, 207
90, 206
90, 205
90, 204
89, 203
89, 202
89, 201
89, 200
89, 199
89, 198
89, 197
89, 196
89, 195
89, 194
89, 193
89, 192
89, 191
89, 190
89, 189
89, 188
89, 187
89, 186
89, 185
89, 184
90, 183
90, 182
90, 181
89, 180
89, 179
89, 178
90, 177
90, 176
91, 175
91, 174
91, 173
92, 172
92, 171
92, 170
92, 169
92, 168
93, 167
93, 166
93, 165
94, 164
94, 163
94, 162
95, 162
96, 161
96, 160
96, 159
95, 158
94, 158
94, 157
94, 156
95, 156
96, 156
97, 155
97, 154
97, 153
97, 152
97, 151
98, 150
98, 149
99, 148
99, 147
99, 146
100, 145
100, 144
100, 143
101, 142
101, 141
102, 140
102, 139
103, 138
103, 137
103, 136
104, 135
104, 134
105, 133
105, 132
106, 131
106, 130
107, 129
107, 128
108, 127
108, 126
109, 125
109, 124
110, 123
111, 122
111, 121
112, 120
112, 119
113, 118
113, 117
114, 116
115, 115
116, 114
116, 113
117, 112
118, 111
119, 110
119, 109
120, 108
121, 107
122, 106
123, 105
124, 104
125, 103
126, 103
127, 102
128, 101
128, 100
129, 100
130, 100
131, 99
131, 98
132, 98
133, 98
134, 97
134, 96
134, 95
134, 94
135, 94
136, 93
137, 93
138, 93
139, 92
140, 92
141, 92
142, 92
143, 92
144, 91
145, 91
146, 91
147, 92
148, 92
149, 92
150, 92
151, 92
152, 93
153, 93
154, 94
155, 94
156, 95
157, 96
158, 96
159, 97
160, 97
159, 98
159, 99
159, 100
160, 101
161, 101
162, 101
162, 102
163, 103
164, 104
165, 104
166, 104
167, 103
168, 104
169, 105
170, 105
169, 105
168, 105
167, 104
166, 104
165, 104
164, 104
163, 105
163, 106
163, 107
164, 108
165, 108
165, 109
165, 110
166, 111
167, 111
168, 111
168, 112
169, 113
170, 114
171, 115
172, 115
173, 115
174, 115
175, 116
176, 117
177, 117
178, 117
179, 117
179, 118
178, 119
178, 120
178, 121
179, 122
180, 122
181, 122
182, 122
182, 123
183, 124
183, 125
184, 126
184, 127
185, 128
185, 129
186, 130
186, 131
187, 132
187, 133
188, 134
188, 135
188, 136
189, 137
190, 137
190, 138
190, 139
190, 140
191, 141
192, 141
193, 142
192, 143
192, 144
192, 145
193, 146
194, 146
195, 147
195, 148
196, 149
196, 150
196, 151
196, 152
196, 153
197, 154
197, 155
196, 156
196, 157
196, 158
197, 159
198, 159
198, 160
199, 161
199, 162
200, 163
200, 164
199, 164
198, 165
198, 166
198, 167
198, 168
198, 169
199, 170
200, 170
200, 171
201, 172
201, 173
200, 174
200, 175
200, 176
200, 177
200, 178
200, 179
200, 180
201, 181
202, 181
202, 182
202, 183
201, 184
201, 185
201, 186
201, 187
201, 188
201, 189
201, 190
202, 191
202, 192
202, 193
202, 194
202, 195
202, 196
202, 197
202, 198
202, 199
202, 200
202, 201
202, 202
202, 203
202, 204
202, 205
202, 206
202, 207
202, 208
202, 209
202, 210
202, 211
202, 212
202, 213
201, 214
201, 215
201, 216
201, 217
201, 218
201, 219
201, 220
200, 221
200, 222
200, 223
200, 224
200, 225
200, 226
200, 227
200, 228
200, 229
200, 230
200, 231
200, 232
200, 233
200, 234
200, 235
200, 236
200, 237
199, 237
198, 238
198, 239
198, 240
198, 241
198, 242
198, 243
198, 244
197, 244
196, 245
196, 246
196, 247
195, 248
194, 249
194, 250
194, 251
194, 252
193, 252
192, 253
192, 254
191, 255
191, 256
190, 257
189, 258
188, 259
188, 260
187, 261
186, 262
185, 263
185, 264
184, 265
184, 264
183, 263
182, 263
181, 263
180, 264
180, 265
180, 266
181, 267
182, 267
181, 268
180, 269
180, 270
179, 271
178, 272
177, 273
176, 274
175, 274
174, 275
173, 276
172, 277
171, 277
170, 278
169, 278
168, 279
167, 280
166, 280
165, 281
164, 281
163, 282
162, 283
161, 284
160, 284
159, 285
158, 286
157, 287
156, 288
155, 289
154, 289
153, 290
152, 291
151, 292
150, 293
149, 294
149, 295
148, 296
148, 297
147, 298
147, 299
146, 300
146, 301
145, 302
145, 303
144, 304
144, 305
144, 306
144, 307
144, 308
143, 309
142, 310
141, 310
140, 309
139, 309
138, 309
137, 309
136, 310
136, 311
136, 312
136, 313
137, 314
138, 314
139, 314
140, 314
141, 314
142, 314
141, 314
140, 314
139, 315
139, 316
139, 317
139, 316
138, 315
137, 315
136, 315
135, 316
135, 317
135, 318
135, 319
134, 320
134, 321
134, 322
134, 323
135, 324
135, 325
136, 326
137, 326
138, 326
139, 326
140, 325
140, 324
141, 323
141, 322
141, 321
142, 320
142, 319
142, 318
142, 319
142, 320
142, 321
142, 322
142, 323
141, 324
141, 325
141, 326
141, 327
142, 328
142, 329
142, 330
142, 331
142, 332
142, 333
142, 334
142, 335
142, 336
142, 337
142, 338
142, 339
142, 340
141, 340
140, 341
140, 342
140, 343
140, 344
140, 345
140, 346
140, 347
140, 348
140, 349
140, 350
140, 351
140, 352
140, 353
140, 354
140, 355
140, 356
140, 357
140, 358
140, 359
139, 360
138, 361
138, 362
138, 363
138, 364
138, 365
138, 366
138, 367
138, 368
138, 369
138, 370
138, 371
138, 372
138, 373
138, 374
138, 375
138, 376
138, 377
138, 378
138, 379
138, 380
138, 381
138, 382
138, 383
138, 384
138, 385
138, 386
138, 387
138, 388
138, 389
138, 390
138, 391
138, 392
137, 393
137, 394
137, 395
137, 396
137, 397
136, 398
136, 399
136, 400
136, 401
136, 402
136, 403
136, 404
136, 405
136, 406
136, 407
136, 408
136, 409
136, 410
136, 411
136, 412
136, 413
136, 414
136, 415
136, 416
136, 417
136, 418
136, 419
136, 420
136, 421
136, 422
136, 423
136, 424
136, 425
136, 426
135, 427
135, 428
135, 429
135, 430
135, 431
135, 432
136, 433
136, 434
136, 435
136, 436
136, 437
136, 438
136, 439
136, 440
136, 441
136, 442
136, 443
136, 444
136, 445
136, 446
136, 447
136, 448
136, 449
136, 450
136, 451
136, 452
136, 453
136, 454
136, 455
136, 456
135, 457
135, 458
135, 459
135, 460
135, 461
135, 462
135, 463
135, 464
136, 465
135, 466
135, 467
135, 468
136, 469
136, 470
136, 471
136, 472
136, 473
136, 474
136, 475
136, 476
136, 477
136, 478
136, 479
136, 480
136, 481
136, 482
136, 483
136, 484
136, 485
136, 486
136, 487
136, 488
136, 489
136, 490
136, 491
136, 492
136, 493
136, 494
136, 495
136, 496
136, 497
136, 498
136, 499
136, 500
136, 501
137, 502
138, 502
138, 503
137, 503
136, 504
136, 505
136, 506
136, 507
136, 508
137, 509
138, 509
138, 510
138, 511
138, 512
138, 513
138, 514
138, 515
138, 516
138, 517
138, 518
138, 519
137, 520
137, 521
137, 522
138, 523
138, 524
138, 525
138, 526
138, 527
138, 528
138, 529
138, 530
138, 531
138, 532
138, 533
138, 534
138, 535
138, 536
138, 537
138, 538
138, 539
138, 540
138, 541
138, 542
138, 543
138, 544
138, 545
138, 546
138, 547
138, 548
138, 549
138, 550
138, 551
138, 552
139, 553
140, 553
140, 554
140, 555
140, 556
140, 557
140, 558
140, 559
139, 560
139, 561
139, 562
139, 563
140, 564
140, 565
140, 566
140, 567
140, 568
140, 569
140, 570
140, 571
140, 572
140, 573
139, 574
139, 575
139, 576
139, 577
139, 578
139, 579
139, 580
139, 581
140, 582
140, 583
140, 584
140, 585
140, 586
140, 587
140, 588
139, 589
138, 590
138, 591
138, 592
137, 593
137, 594
137, 595
137, 596
137, 597
137, 598
138, 599
138, 600
137, 601
136, 602
136, 603
136, 604
136, 605
136, 606
136, 607
135, 608
134, 609
134, 610
134, 611
134, 612
134, 613
134, 614
133, 615
133, 616
133, 617
132, 618
132, 619
132, 620
132, 621
132, 622
132, 623
131, 623
130, 624
130, 625
130, 626
129, 627
129, 628
129, 629
130, 630
129, 630
128, 631
128, 632
127, 633
127, 634
127, 635
127, 636
126, 637
126, 638
126, 639
126, 640
125, 640
124, 641
124, 642
124, 643
124, 644
124, 645
123, 645
122, 646
122, 647
122, 648
122, 649
121, 650
120, 651
119, 651
118, 652
118, 653
118, 654
117, 654
116, 655
116, 656
116, 657
115, 657
114, 658
114, 659
113, 659
112, 660
111, 660
110, 660
109, 661
108, 661
107, 661
106, 662
105, 662
104, 663
103, 663
102, 664
101, 664
100, 664
99, 664
98, 664
97, 664
96, 664
95, 663
94, 662
93, 661
92, 661
91, 660
91, 659
90, 658
90, 657
89, 656
89, 655
89, 654
89, 653
89, 652
89, 651
88, 650
88, 649
88, 648
88, 647
88, 646
88, 645
87, 644
87, 643
87, 642
87, 641
87, 640
86, 639
85, 639
85, 638
85, 637
85, 636
85, 635
85, 634
85, 633
85, 632
85, 631
85, 630
85, 629
85, 628
85, 627
85, 626
85, 625
85, 624
84, 623
83, 623
83, 622
83, 621
83, 620
83, 619
83, 618
83, 617
83, 616
83, 615
83, 614
83, 613
83, 612
83, 611
83, 610
83, 609
83, 608
83, 607
83, 606
83, 605
83, 604
83, 603
83, 602
83, 601
83, 600
83, 599
