87, 181
87, 180
87, 179
87, 178
87, 177
87, 176
88, 175
88, 174
88, 173
87, 172
87, 171
88, 171
89, 171
90, 170
90, 169
90, 168
89, 167
88, 167
89, 166
89, 165
89, 164
90, 163
90, 162
91, 161
91, 160
92, 159
93, 158
93, 157
94, 156
95, 155
95, 154
96, 153
97, 152
98, 151
98, 150
99, 149
100, 148
101, 147
102, 146
103, 146
104, 145
104, 144
105, 144
106, 143
107, 142
108, 142
109, 141
110, 141
111, 140
112, 140
113, 139
114, 139
115, 138
116, 138
117, 137
118, 137
119, 136
120, 136
121, 136
122, 135
123, 135
124, 135
125, 135
126, 134
127, 134
128, 134
129, 134
130, 133
131, 133
132, 133
133, 132
134, 132
135, 132
136, 132
137, 132
138, 131
139, 131
140, 131
141, 131
142, 131
143, 131
144, 131
145, 131
146, 131
147, 131
148, 131
149, 132
150, 132
151, 132
152, 133
153, 133
154, 133
155, 133
156, 134
157, 134
158, 135
159, 135
160, 135
161, 136
162, 136
163, 137
164, 137
165, 138
166, 138
167, 139
168, 140
169, 140
170, 141
171, 142
172, 142
173, 143
174, 144
175, 145
176, 146
177, 147
178, 148
179, 149
180, 150
181, 151
182, 152
182, 153
183, 154
184, 155
184, 156
185, 157
186, 158
186, 159
187, 160
187, 161
188, 162
188, 163
188, 164
189, 165
189, 166
190, 167
190, 168
190, 169
190, 170
191, 171
190, 172
189, 173
189, 174
189, 175
189, 176
189, 177
190, 178
191, 178
191, 179
191, 180
191, 181
191, 182
192, 183
192, 184
191, 185
191, 186
191, 187
192, 188
193, 189
193, 190
193, 191
193, 192
194, 193
194, 194
194, 195
193, 196
193, 197
193, 198
193, 199
194, 200
194, 201
194, 202
194, 203
194, 204
194, 205
193, 206
193, 207
193, 208
193, 209
193, 210
193, 211
193, 212
193, 213
193, 214
193, 215
192, 216
192, 217
192, 218
192, 219
192, 220
192, 221
192, 222
192, 223
192, 224
191, 225
190, 226
190, 227
190, 228
190, 229
190, 230
189, 230
188, 231
188, 232
188, 233
188, 234
188, 235
187, 236
186, 237
186, 238
186, 239
186, 240
186, 241
185, 242
184, 243
184, 244
184, 245
183, 246
182, 247
182, 248
182, 249
182, 250
181, 250
180, 251
180, 252
180, 253
180, 254
180, 255
179, 255
178, 256
178, 257
178, 258
178, 259
177, 259
177, 258
178, 257
178, 256
179, 255
179, 254
179, 253
180, 252
180, 251
181, 250
181, 249
181, 248
182, 247
182, 246
183, 245
183, 244
184, 243
184, 242
185, 241
185, 240
185, 239
186, 238
186, 237
186, 236
186, 235
186, 234
187, 234
188, 233
188, 232
188, 231
188, 230
189, 229
190, 228
190, 227
190, 226
191, 225
191, 224
191, 223
192, 222
192, 221
192, 220
192, 219
192, 218
191, 217
190, 217
189, 217
188, 218
188, 219
188, 220
188, 221
188, 222
187, 223
187, 224
187, 225
186, 226
185, 227
185, 228
184, 229
184, 230
184, 231
184, 232
184, 233
183, 233
182, 234
182, 235
182, 236
181, 237
181, 238
181, 239
180, 240
180, 241
179, 242
178, 243
178, 244
178, 245
177, 246
177, 247
177, 248
177, 249
176, 250
175, 250
174, 251
173, 252
172, 252
171, 253
170, 254
169, 254
168, 254
167, 255
166, 255
165, 256
165, 257
165, 258
166, 259
166, 260
166, 261
167, 262
167, 263
167, 264
167, 265
167, 266
167, 267
167, 268
167, 269
167, 270
167, 271
167, 272
166, 273
166, 274
165, 275
164, 276
164, 277
164, 278
165, 279
166, 279
165, 280
164, 281
164, 282
164, 283
163, 284
162, 285
162, 286
162, 287
161, 288
161, 289
160, 290
159, 290
158, 291
158, 292
158, 293
158, 294
158, 295
158, 296
157, 297
157, 298
157, 299
157, 300
156, 301
155, 302
155, 303
155, 304
156, 305
156, 306
155, 307
154, 307
153, 308
153, 309
152, 309
151, 309
150, 310
149, 310
148, 309
148, 308
147, 307
146, 307
145, 307
144, 308
144, 309
144, 310
145, 311
145, 312
145, 313
146, 314
147, 314
148, 314
148, 315
149, 316
150, 316
151, 316
152, 316
153, 315
154, 314
154, 313
154, 312
154, 311
154, 312
155, 313
156, 313
157, 313
158, 312
158, 313
159, 314
159, 315
159, 316
160, 317
160, 318
160, 319
161, 320
162, 320
162, 321
162, 322
162, 323
162, 324
162, 325
162, 326
162, 327
162, 328
163, 329
164, 329
164, 330
164, 331
164, 332
164, 333
164, 334
164, 335
164, 336
164, 337
164, 338
164, 339
164, 340
164, 341
165, 342
166, 343
166, 344
166, 345
166, 346
166, 347
166, 348
166, 349
166, 350
166, 351
166, 352
166, 353
166, 354
166, 355
167, 356
168, 357
168, 358
168, 359
168, 360
168, 361
168, 362
168, 363
168, 364
168, 365
168, 366
168, 367
168, 368
169, 369
170, 369
170, 370
170, 371
170, 372
170, 373
170, 374
170, 375
170, 376
170, 377
170, 378
170, 379
170, 380
170, 381
171, 382
172, 383
172, 384
172, 385
172, 386
172, 387
172, 388
172, 389
172, 390
172, 391
172, 392
172, 393
172, 394
172, 395
173, 396
174, 397
174, 398
174, 399
174, 400
174, 401
174, 402
174, 403
174, 404
174, 405
174, 406
174, 407
174, 408
175, 409
176, 410
176, 411
176, 412
176, 413
176, 414
176, 415
176, 416
176, 417
176, 418
176, 419
176, 420
176, 421
177, 422
178, 423
178, 424
178, 425
178, 426
178, 427
178, 428
178, 429
178, 430
178, 431
178, 432
178, 433
178, 434
178, 435
179, 436
180, 437
180, 438
180, 439
180, 440
180, 441
180, 442
180, 443
180, 444
180, 445
180, 446
180, 447
180, 448
180, 449
181, 450
182, 451
182, 452
182, 453
182, 454
182, 455
182, 456
182, 457
182, 458
182, 459
182, 460
182, 461
182, 462
183, 463
183, 464
184, 465
184, 466
184, 467
184, 468
184, 469
184, 470
184, 471
184, 472
184, 473
184, 474
184, 475
184, 476
185, 477
186, 478
186, 479
186, 480
186, 481
186, 482
186, 483
186, 484
186, 485
186, 486
186, 487
186, 488
186, 489
186, 490
186, 491
187, 492
188, 493
188, 494
188, 495
188, 496
188, 497
188, 498
188, 499
188, 500
188, 501
188, 502
188, 503
188, 504
188, 505
189, 506
190, 507
190, 508
190, 509
190, 510
190, 511
190, 512
190, 513
190, 514
190, 515
190, 516
190, 517
190, 518
191, 519
191, 520
192, 521
192, 522
192, 523
192, 524
192, 525
192, 526
192, 527
192, 528
192, 529
192, 530
192, 531
192, 532
193, 533
194, 534
194, 535
194, 536
194, 537
194, 538
194, 539
194, 540
194, 541
194, 542
194, 543
194, 544
194, 545
194, 546
194, 547
195, 548
196, 549
196, 550
196, 551
196, 552
196, 553
196, 554
196, 555
196, 556
196, 557
196, 558
196, 559
196, 560
196, 561
196, 562
196, 563
197, 564
198, 565
198, 566
198, 567
198, 568
198, 569
198, 570
198, 571
198, 572
198, 573
198, 574
198, 575
198, 576
198, 577
198, 578
198, 579
198, 580
199, 581
199, 582
199, 583
200, 584
200, 585
200, 586
200, 587
200, 588
200, 589
200, 590
200, 591
200, 592
200, 593
200, 594
200, 595
200, 596
200, 597
200, 598
200, 599
200, 600
200, 601
200, 602
200, 603
200, 604
200, 605
200, 606
201, 607
201, 608
202, 609
202, 610
202, 611
202, 612
202, 613
202, 614
202, 615
202, 616
202, 617
202, 618
202, 619
202, 620
202, 621
202, 622
202, 623
202, 624
202, 625
202, 626
202, 627
202, 628
202, 629
202, 630
202, 631
202, 632
202, 633
201, 633
200, 634
200, 635
199, 636
198, 636
197, 636
196, 636
195, 636
194, 637
193, 637
192, 637
191, 637
190, 637
189, 637
188, 637
187, 637
186, 638
186, 639
186, 640
185, 639
184, 638
183, 638
182, 638
181, 638
180, 638
179, 638
178, 638
177, 638
176, 639
175, 639
174, 639
173, 639
172, 639
171, 639
170, 639
169, 639
168, 639
167, 638
166, 638
165, 637
164, 637
163, 636
163, 635
162, 634
162, 633
162, 632
161, 631
161, 630
161, 629
161, 628
160, 627
160, 626
160, 625
160, 624
160, 623
159, 622
159, 621
159, 620
159, 619
159, 618
158, 617
158, 616
158, 615
158, 614
158, 613
158, 612
157, 611
157, 610
157, 609
157, 608
157, 607
156, 606
156, 605
156, 604
156, 603
156, 602
156, 601
156, 600
156, 599
156, 598
156, 597
156, 596
155, 595
155, 594
155, 593
155, 592
155, 591
155, 590
155, 589
155, 588
155, 587
154, 586
154, 585
154, 584
154, 583
154, 582
154, 581
154, 580
154, 579
154, 578
154, 577
154, 576
154, 575
154, 574
153, 573
153, 572
153, 571
153, 570
153, 569
153, 568
153, 567
153, 566
153, 565
153, 564
153, 563
153, 562
153, 561
153, 560
153, 559
152, 558
152, 557
152, 556
152, 555
152, 554
152, 553
152, 552
152, 551
152, 550
152, 549
152, 548
152, 547
152, 546
152, 545
152, 544
152, 543
152, 542
152, 541
152, 540
152, 539
152, 538
152, 537
152, 536
152, 535
151, 534
151, 533
151, 532
151, 531
151, 530
151, 529
151, 528
151, 527
151, 526
151, 525
151, 524
151, 523
151, 522
151, 521
151, 520
151, 519
151, 518
151, 517
150, 516
150, 515
150, 514
150, 513
150, 512
150, 511
150, 510
150, 509
150, 508
150, 507
150, 506
150, 505
150, 504
150, 503
150, 502
150, 501
150, 500
150, 499
150, 498
150, 497
150, 496
150, 495
150, 494
150, 493
150, 492
149, 491
149, 490
149, 489
149, 488
149, 487
149, 486
149, 485
149, 484
149, 483
149, 482
149, 481
149, 480
149, 479
149, 478
149, 477
149, 476
149, 475
149, 474
149, 473
149, 472
148, 471
148, 470
148, 469
148, 468
148, 467
148, 466
148, 465
148, 464
148, 463
148, 462
148, 461
148, 460
148, 459
148, 458
148, 457
148, 456
148, 455
148, 454
148, 453
148, 452
148, 451
148, 450
148, 449
148, 448
148, 447
148, 446
147, 445
147, 444
147, 443
147, 442
147, 441
147, 440
147, 439
147, 438
147, 437
147, 436
147, 435
147, 434
147, 433
147, 432
147, 431
147, 430
147, 429
146, 428
146, 427
146, 426
146, 425
146, 424
146, 423
146, 422
146, 421
146, 420
146, 419
146, 418
146, 417
146, 416
146, 415
146, 414
146, 413
146, 412
146, 411
146, 410
146, 409
146, 408
146, 407
146, 406
146, 405
146, 404
146, 403
146, 402
146, 401
146, 400
145, 399
145, 398
145, 397
145, 396
145, 395
145, 394
145, 393
145, 392
145, 391
145, 390
145, 389
145, 388
145, 387
145, 386
145, 385
145, 384
145, 383
145, 382
145, 381
144, 380
144, 379
144, 378
144, 377
144, 376
144, 375
144, 374
144, 373
144, 372
144, 371
144, 370
144, 369
144, 368
144, 367
144, 366
144, 365
144, 364
144, 363
144, 362
144, 361
144, 360
144, 359
144, 358
144, 357
143, 356
143, 355
143, 354
143, 353
143, 352
143, 351
143, 350
143, 349
143, 348
143, 347
143, 346
143, 345
143, 344
143, 343
143, 342
143, 341
143, 340
143, 339
143, 338
143, 337
143, 336
143, 335
143, 334
143, 333
143, 332
143, 331
143, 330
143, 329
143, 328
143, 327
143, 326
143, 325
143, 324
143, 323
142, 322
142, 321
142, 320
142, 319
142, 318
142, 317
142, 316
142, 315
142, 314
142, 313
142, 312
142, 311
142, 310
142, 309
143, 308
143, 307
143, 306
143, 305
143, 304
143, 303
142, 302
141, 302
141, 301
141, 300
141, 299
141, 298
140, 297
139, 297
140, 296
140, 295
140, 294
140, 293
139, 292
138, 292
137, 292
136, 293
135, 292
134, 291
134, 290
133, 289
133, 288
132, 287
132, 286
131, 285
130, 284
129, 283
129, 282
128, 281
127, 280
126, 280
126, 279
125, 278
124, 277
123, 276
122, 275
122, 274
121, 273
120, 272
119, 271
118, 270
118, 269
117, 268
116, 267
116, 266
115, 265
114, 264
113, 263
112, 262
112, 261
111, 260
110, 259
109, 258
109, 257
108, 256
108, 255
107, 254
106, 253
106, 252
105, 251
104, 250
104, 249
103, 248
102, 247
102, 246
101, 245
101, 244
100, 243
99, 242
99, 241
98, 240
98, 239
97, 238
97, 237
96, 236
95, 235
95, 234
94, 233
94, 232
93, 231
93, 230
93, 229
92, 228
92, 227
91, 226
91, 225
91, 224
91, 223
90, 222
90, 221
90, 220
89, 219
89, 218
89, 217
89, 216
89, 215
90, 214
90, 213
90, 212
89, 211
88, 211
87, 210
87, 209
87, 208
87, 207
87, 206
87, 205
87, 204
87, 203
87, 202
87, 201
87, 200
87, 199
87, 198
86, 197
86, 196
86, 195
86, 194
86, 193
86, 192
86, 191
86, 190
86, 189
86, 188
86, 187
86, 186
86, 185
86, 184
86, 183
86, 182
