118, 218
118, 217
119, 216
119, 215
119, 214
119, 213
119, 212
119, 211
119, 210
119, 209
119, 208
119, 207
119, 206
120, 205
120, 204
121, 203
121, 202
121, 201
121, 200
121, 199
121, 198
122, 197
123, 196
123, 195
123, 194
123, 193
123, 192
124, 191
125, 190
125, 189
125, 188
125, 187
126, 186
126, 185
127, 184
127, 183
127, 182
128, 181
129, 180
129, 179
129, 178
130, 177
131, 176
131, 175
132, 174
133, 173
133, 172
134, 171
135, 170
135, 169
136, 168
137, 167
137, 166
138, 165
139, 164
139, 163
140, 163
141, 162
141, 161
142, 160
143, 159
144, 158
145, 157
146, 156
147, 155
148, 154
149, 153
150, 152
151, 152
152, 151
153, 150
154, 150
155, 149
156, 149
157, 148
158, 148
159, 147
160, 147
161, 147
162, 146
163, 146
164, 146
165, 146
166, 145
167, 145
168, 145
169, 145
170, 145
171, 145
172, 144
173, 145
174, 145
175, 145
176, 145
177, 145
178, 145
179, 145
180, 145
181, 146
182, 146
183, 146
184, 146
185, 147
186, 147
187, 148
188, 148
189, 148
190, 149
191, 150
192, 150
193, 151
194, 151
195, 152
196, 152
197, 153
198, 154
199, 155
200, 155
200, 156
201, 157
202, 158
202, 159
203, 160
204, 160
204, 161
204, 162
205, 163
206, 163
206, 164
206, 165
207, 166
208, 166
208, 167
208, 168
209, 169
210, 170
210, 171
210, 172
211, 173
212, 173
212, 174
212, 175
212, 176
212, 177
213, 178
214, 178
214, 179
214, 180
214, 181
214, 182
214, 183
215, 184
216, 185
216, 186
216, 187
216, 188
216, 189
216, 190
217, 191
217, 192
218, 193
218, 194
218, 195
218, 196
218, 197
218, 198
218, 199
218, 200
218, 201
218, 202
219, 203
219, 204
219, 205
219, 206
219, 207
220, 208
220, 209
220, 210
220, 211
220, 212
220, 213
220, 214
220, 215
220, 216
220, 217
220, 218
220, 219
220, 220
220, 221
220, 222
220, 223
220, 224
220, 225
220, 226
220, 227
220, 228
220, 229
220, 230
219, 231
219, 232
219, 233
219, 234
219, 235
218, 236
218, 237
218, 238
218, 239
218, 240
218, 241
218, 242
218, 243
217, 244
217, 245
217, 246
216, 247
216, 248
216, 249
216, 250
216, 251
216, 252
216, 253
215, 254
215, 255
214, 256
214, 257
214, 258
214, 259
213, 260
213, 261
212, 262
212, 263
212, 264
212, 265
211, 266
211, 267
210, 268
210, 269
210, 270
209, 271
209, 272
208, 273
208, 274
208, 275
207, 276
206, 277
206, 278
206, 279
205, 280
204, 281
204, 282
204, 283
203, 284
202, 285
202, 286
201, 287
200, 288
200, 289
200, 290
199, 291
198, 292
198, 293
197, 294
196, 295
196, 296
195, 297
194, 298
194, 299
194, 300
193, 301
192, 302
192, 303
191, 304
191, 305
190, 306
190, 307
189, 308
189, 309
188, 310
188, 311
188, 312
187, 313
186, 314
186, 315
186, 316
186, 317
186, 318
185, 319
184, 320
184, 321
184, 322
184, 323
184, 324
184, 325
183, 326
183, 327
182, 328
182, 329
182, 330
182, 331
182, 332
182, 333
182, 334
182, 335
182, 336
181, 337
181, 338
181, 339
181, 340
181, 341
180, 342
180, 343
180, 344
180, 345
180, 346
180, 347
180, 348
180, 349
180, 350
180, 351
180, 352
180, 353
180, 354
180, 355
180, 356
181, 357
181, 358
181, 359
181, 360
181, 361
181, 362
182, 363
182, 364
182, 365
182, 366
182, 367
182, 368
182, 369
182, 370
182, 371
182, 372
182, 373
183, 374
183, 375
184, 376
184, 377
184, 378
184, 379
184, 380
184, 381
184, 382
184, 383
184, 384
185, 385
185, 386
185, 387
186, 388
186, 389
186, 390
186, 391
186, 392
186, 393
186, 394
186, 395
187, 396
187, 397
188, 398
188, 399
188, 400
188, 401
188, 402
188, 403
188, 404
188, 405
189, 406
189, 407
190, 408
190, 409
190, 410
190, 411
190, 412
190, 413
190, 414
190, 415
191, 416
191, 417
191, 418
192, 419
192, 420
192, 421
192, 422
192, 423
192, 424
192, 425
192, 426
193, 427
193, 428
194, 429
194, 430
194, 431
194, 432
194, 433
194, 434
194, 435
194, 436
194, 437
195, 438
195, 439
195, 440
195, 441
196, 442
196, 443
196, 444
196, 445
196, 446
196, 447
196, 448
196, 449
196, 450
196, 451
196, 452
197, 453
197, 454
197, 455
197, 456
197, 457
198, 458
198, 459
198, 460
198, 461
198, 462
198, 463
198, 464
198, 465
198, 466
198, 467
198, 468
198, 469
198, 470
198, 471
199, 472
199, 473
199, 474
199, 475
199, 476
199, 477
199, 478
200, 479
200, 480
200, 481
200, 482
200, 483
200, 484
200, 485
200, 486
200, 487
200, 488
200, 489
200, 490
200, 491
200, 492
200, 493
200, 494
200, 495
200, 496
200, 497
200, 498
200, 499
200, 500
200, 501
200, 502
200, 503
200, 504
200, 505
200, 506
200, 507
201, 508
200, 509
200, 510
200, 511
200, 512
200, 513
200, 514
200, 515
200, 516
201, 517
201, 518
201, 519
201, 520
201, 521
201, 522
201, 523
201, 524
201, 525
201, 526
201, 527
201, 528
201, 529
200, 530
200, 531
200, 532
200, 533
200, 534
200, 535
200, 536
200, 537
200, 538
200, 539
200, 540
200, 541
200, 542
200, 543
200, 544
200, 545
200, 546
200, 547
200, 548
200, 549
200, 550
200, 551
200, 552
200, 553
200, 554
200, 555
200, 556
200, 557
200, 558
200, 559
200, 560
200, 561
200, 562
200, 563
200, 564
200, 565
200, 566
200, 567
200, 568
200, 569
200, 570
200, 571
200, 572
200, 573
200, 574
200, 575
200, 576
200, 577
200, 578
200, 579
200, 580
200, 581
200, 582
200, 583
200, 584
200, 585
200, 586
200, 587
200, 588
200, 589
200, 590
200, 591
200, 592
200, 593
200, 594
200, 595
200, 596
200, 597
200, 598
200, 599
200, 600
200, 601
200, 602
200, 603
200, 604
200, 605
200, 606
200, 607
200, 608
200, 609
200, 610
200, 611
199, 612
199, 613
199, 614
199, 615
199, 616
199, 617
199, 618
199, 619
199, 620
199, 621
199, 622
199, 623
199, 624
199, 625
199, 626
199, 627
199, 628
199, 629
199, 630
199, 631
198, 632
198, 633
198, 634
198, 635
198, 636
198, 637
198, 638
198, 639
198, 640
198, 641
198, 642
198, 643
198, 644
198, 645
198, 646
198, 647
198, 648
198, 649
198, 650
198, 651
198, 652
198, 653
198, 654
198, 655
198, 656
198, 657
198, 658
198, 659
198, 660
198, 661
198, 662
198, 663
198, 664
198, 665
198, 666
198, 667
198, 668
198, 669
198, 670
198, 671
198, 672
198, 673
198, 674
198, 675
197, 676
197, 677
197, 678
197, 679
197, 680
197, 681
196, 682
196, 683
196, 684
196, 685
196, 686
196, 687
196, 688
196, 689
196, 690
196, 691
196, 692
196, 693
196, 694
196, 695
195, 696
195, 697
195, 698
194, 699
194, 700
194, 701
194, 702
194, 703
194, 704
194, 705
194, 706
194, 707
194, 708
194, 709
194, 710
193, 711
193, 712
193, 713
192, 714
192, 715
192, 716
192, 717
192, 718
192, 719
192, 720
192, 721
192, 722
191, 723
191, 724
190, 725
190, 726
190, 727
190, 728
190, 729
190, 730
189, 731
189, 732
188, 733
188, 734
188, 735
187, 736
186, 737
186, 738
186, 739
185, 740
184, 741
184, 742
183, 743
182, 744
181, 745
180, 746
179, 746
178, 747
177, 748
176, 748
175, 748
174, 749
173, 749
172, 749
171, 749
170, 750
169, 750
168, 750
167, 751
166, 751
165, 751
164, 751
163, 751
162, 751
161, 750
160, 750
159, 750
158, 749
157, 749
156, 748
155, 747
154, 747
153, 746
152, 745
151, 745
150, 744
149, 743
149, 742
148, 741
147, 741
147, 740
147, 739
146, 738
145, 738
145, 737
145, 736
144, 735
143, 735
143, 734
143, 733
143, 732
142, 731
141, 731
141, 730
141, 729
141, 728
140, 727
140, 726
139, 725
139, 724
139, 723
139, 722
138, 721
138, 720
138, 719
137, 718
137, 717
137, 716
137, 715
137, 714
137, 713
136, 712
136, 711
136, 710
135, 709
135, 708
135, 707
135, 706
135, 705
135, 704
135, 703
135, 702
134, 701
134, 700
133, 699
133, 698
133, 697
133, 696
133, 695
133, 694
133, 693
133, 692
133, 691
133, 690
132, 689
132, 688
132, 687
132, 686
132, 685
131, 684
131, 683
131, 682
131, 681
131, 680
131, 679
131, 678
131, 677
131, 676
131, 675
131, 674
131, 673
131, 672
131, 671
131, 670
130, 669
130, 668
130, 667
130, 666
130, 665
130, 664
130, 663
130, 662
129, 661
129, 660
129, 659
129, 658
129, 657
129, 656
129, 655
129, 654
129, 653
129, 652
129, 651
129, 650
129, 649
129, 648
129, 647
129, 646
129, 645
129, 644
129, 643
129, 642
129, 641
129, 640
129, 639
129, 638
130, 637
130, 636
130, 635
130, 634
130, 633
130, 632
130, 631
130, 630
130, 629
130, 628
130, 627
131, 626
131, 625
131, 624
131, 623
131, 622
131, 621
131, 620
131, 619
131, 618
131, 617
131, 616
131, 615
131, 614
131, 613
131, 612
131, 611
131, 610
131, 609
131, 608
131, 607
131, 606
131, 605
131, 604
131, 603
131, 602
131, 601
131, 600
131, 599
131, 598
132, 597
132, 596
132, 595
132, 594
132, 593
132, 592
133, 591
133, 590
133, 589
133, 588
133, 587
133, 586
133, 585
133, 584
133, 583
133, 582
133, 581
133, 580
133, 579
133, 578
133, 577
133, 576
133, 575
133, 574
133, 573
134, 572
134, 571
134, 570
134, 569
135, 568
135, 567
135, 566
135, 565
135, 564
135, 563
135, 562
135, 561
135, 560
135, 559
135, 558
135, 557
135, 556
135, 555
135, 554
135, 553
136, 552
136, 551
136, 550
137, 549
137, 548
137, 547
137, 546
137, 545
137, 544
137, 543
137, 542
137, 541
137, 540
137, 539
137, 538
137, 537
137, 536
137, 535
138, 534
138, 533
139, 532
139, 531
139, 530
139, 529
139, 528
139, 527
139, 526
139, 525
139, 524
139, 523
139, 522
139, 521
139, 520
139, 519
139, 518
140, 517
140, 516
140, 515
141, 514
141, 513
141, 512
141, 511
141, 510
141, 509
141, 508
141, 507
141, 506
141, 505
141, 504
141, 503
141, 502
141, 501
142, 500
142, 499
142, 498
143, 497
143, 496
143, 495
143, 494
143, 493
143, 492
143, 491
143, 490
143, 489
143, 488
143, 487
143, 486
143, 485
143, 484
143, 483
143, 482
144, 481
144, 480
145, 479
145, 478
145, 477
145, 476
145, 475
145, 474
145, 473
145, 472
145, 471
145, 470
145, 469
145, 468
145, 467
145, 466
145, 465
145, 464
145, 463
145, 462
145, 461
145, 460
146, 459
146, 458
146, 457
147, 456
147, 455
147, 454
147, 453
147, 452
147, 451
147, 450
147, 449
147, 448
147, 447
147, 446
147, 445
147, 444
147, 443
147, 442
147, 441
147, 440
147, 439
147, 438
147, 437
147, 436
147, 435
147, 434
147, 433
147, 432
148, 431
148, 430
148, 429
149, 428
149, 427
149, 426
149, 425
149, 424
149, 423
149, 422
149, 421
149, 420
149, 419
149, 418
149, 417
149, 416
149, 415
149, 414
149, 413
149, 412
149, 411
149, 410
149, 409
149, 408
149, 407
149, 406
149, 405
149, 404
149, 403
149, 402
149, 401
149, 400
149, 399
149, 398
149, 397
149, 396
149, 395
149, 394
149, 393
149, 392
149, 391
149, 390
149, 389
149, 388
149, 387
149, 386
149, 385
149, 384
149, 383
149, 382
149, 381
149, 380
149, 379
149, 378
149, 377
149, 376
149, 375
149, 374
149, 373
149, 372
149, 371
149, 370
149, 369
149, 368
149, 367
149, 366
149, 365
149, 364
148, 363
148, 362
148, 361
148, 360
148, 359
148, 358
147, 357
147, 356
147, 355
147, 354
147, 353
147, 352
147, 351
147, 350
147, 349
147, 348
147, 347
147, 346
147, 345
147, 344
147, 343
147, 342
147, 341
147, 340
146, 339
145, 339
145, 338
145, 337
145, 336
145, 335
145, 334
145, 333
145, 332
145, 331
145, 330
144, 329
144, 328
143, 327
143, 326
143, 325
143, 324
143, 323
143, 322
142, 321
141, 321
141, 320
141, 319
141, 318
141, 317
141, 316
141, 315
140, 314
139, 313
139, 312
139, 311
139, 310
139, 309
138, 308
138, 307
137, 306
137, 305
137, 304
137, 303
136, 302
135, 301
135, 300
135, 299
135, 298
134, 297
133, 297
133, 296
133, 295
133, 294
132, 293
131, 292
131, 291
131, 290
131, 289
130, 288
129, 288
129, 287
129, 286
129, 285
129, 284
128, 283
127, 282
127, 281
127, 280
126, 279
126, 278
125, 277
125, 276
125, 275
125, 274
124, 273
123, 272
123, 271
123, 270
123, 269
123, 268
122, 267
122, 266
121, 265
121, 264
121, 263
121, 262
121, 261
121, 260
120, 259
120, 258
119, 257
119, 256
119, 255
119, 254
119, 253
119, 252
119, 251
119, 250
119, 249
119, 248
118, 247
118, 246
117, 245
117, 244
117, 243
117, 242
117, 241
117, 240
117, 239
117, 238
117, 237
117, 236
117, 235
117, 234
117, 233
117, 232
117, 231
117, 230
117, 229
117, 228
117, 227
117, 226
117, 225
117, 224
117, 223
117, 222
117, 221
117, 220
117, 219
