90, 210
91, 209
91, 208
91, 207
91, 206
91, 205
92, 204
92, 203
92, 202
92, 201
91, 200
91, 199
92, 199
93, 198
93, 197
93, 196
94, 195
94, 194
94, 193
94, 192
95, 191
95, 190
96, 189
96, 188
96, 187
97, 186
97, 185
97, 184
98, 183
98, 182
99, 181
99, 180
99, 179
100, 178
100, 177
101, 176
101, 175
102, 174
102, 173
102, 172
103, 171
103, 170
104, 169
105, 168
105, 167
106, 166
107, 165
107, 164
108, 163
109, 162
109, 161
110, 160
111, 159
112, 158
112, 157
113, 156
114, 155
115, 154
116, 153
117, 152
118, 151
119, 150
120, 149
121, 148
122, 147
123, 147
124, 147
125, 147
126, 146
126, 145
126, 144
127, 143
128, 144
129, 144
130, 144
131, 143
131, 142
131, 141
131, 140
132, 140
133, 139
134, 139
135, 138
136, 138
137, 137
138, 137
138, 138
139, 139
140, 139
141, 139
142, 138
142, 137
142, 136
143, 136
144, 135
144, 136
145, 137
146, 137
147, 137
148, 137
149, 137
150, 137
151, 137
152, 137
153, 137
154, 136
154, 135
154, 134
155, 134
155, 135
155, 136
156, 137
157, 137
158, 137
159, 137
160, 137
161, 137
162, 137
163, 136
163, 135
164, 135
164, 136
164, 137
165, 138
166, 138
167, 139
168, 139
169, 139
170, 140
171, 140
172, 140
173, 140
174, 140
175, 139
176, 139
176, 140
176, 141
176, 142
177, 143
178, 143
179, 144
180, 144
181, 145
182, 146
183, 146
184, 146
185, 145
185, 144
186, 144
186, 145
185, 146
185, 147
185, 148
186, 149
187, 149
188, 149
189, 149
190, 148
190, 149
190, 150
190, 151
191, 152
191, 153
192, 154
193, 155
194, 156
195, 156
196, 156
197, 156
198, 155
199, 156
200, 156
201, 157
202, 157
202, 158
203, 159
204, 159
204, 160
205, 161
206, 162
206, 163
206, 164
205, 164
204, 164
203, 165
203, 166
203, 167
204, 168
205, 168
205, 169
205, 170
206, 171
206, 172
207, 173
207, 174
208, 175
208, 176
209, 177
210, 178
210, 179
210, 180
210, 181
209, 182
208, 183
208, 184
208, 185
208, 186
209, 187
208, 188
208, 189
208, 190
208, 191
208, 192
208, 193
209, 194
210, 194
211, 194
212, 194
213, 193
213, 192
213, 191
212, 190
212, 189
213, 188
214, 188
215, 187
216, 186
217, 185
217, 184
217, 183
216, 182
215, 181
215, 180
215, 179
214, 178
213, 177
213, 176
213, 175
213, 174
212, 173
211, 173
211, 172
211, 171
212, 171
212, 172
212, 173
213, 174
214, 174
214, 175
214, 176
214, 177
215, 178
216, 178
216, 179
217, 180
218, 181
218, 182
218, 183
218, 184
218, 185
219, 186
220, 186
220, 187
220, 188
220, 189
221, 190
222, 190
222, 191
222, 192
222, 193
223, 194
224, 195
224, 196
224, 197
224, 198
225, 199
225, 200
225, 201
226, 202
226, 203
226, 204
226, 205
227, 206
227, 207
227, 208
228, 209
228, 210
228, 211
228, 212
228, 213
229, 214
229, 215
229, 216
229, 217
230, 218
230, 219
230, 220
230, 221
230, 222
230, 223
231, 224
231, 225
231, 226
231, 227
231, 228
231, 229
231, 230
231, 231
231, 232
231, 233
231, 234
231, 235
231, 236
231, 237
231, 238
231, 239
231, 240
232, 241
232, 242
232, 243
232, 244
232, 245
232, 246
232, 247
232, 248
232, 249
232, 250
232, 251
232, 252
231, 253
231, 254
231, 255
231, 256
231, 257
230, 258
230, 259
230, 260
230, 261
230, 262
230, 263
230, 264
230, 265
230, 266
230, 267
230, 268
230, 269
230, 270
230, 271
230, 272
230, 273
229, 274
228, 275
228, 276
227, 277
227, 276
227, 275
227, 274
227, 273
227, 272
226, 271
225, 270
225, 269
225, 268
225, 267
225, 266
224, 265
223, 265
222, 265
222, 264
221, 263
220, 263
219, 263
218, 264
218, 265
218, 266
218, 267
218, 268
217, 269
216, 270
216, 271
216, 272
217, 273
218, 273
219, 273
220, 273
221, 274
221, 275
221, 276
221, 277
222, 278
222, 279
223, 280
223, 281
222, 282
222, 283
222, 284
223, 285
224, 285
225, 285
226, 284
226, 283
226, 282
226, 283
226, 284
226, 285
225, 286
224, 285
223, 285
222, 285
221, 286
221, 287
221, 288
221, 289
220, 290
220, 291
220, 292
220, 293
221, 294
222, 294
222, 295
221, 296
220, 296
219, 296
218, 297
218, 298
218, 299
217, 300
217, 301
217, 302
216, 303
216, 304
216, 305
216, 306
215, 307
214, 308
214, 309
214, 310
213, 311
213, 312
213, 313
212, 313
211, 314
211, 315
211, 316
210, 316
209, 317
209, 318
209, 319
209, 320
208, 321
208, 322
207, 323
207, 324
206, 325
205, 325
204, 325
203, 326
203, 327
203, 328
202, 329
202, 330
201, 330
200, 331
200, 332
199, 332
198, 333
197, 334
196, 335
196, 336
195, 337
194, 338
194, 339
193, 340
192, 341
192, 342
191, 342
190, 343
190, 344
190, 345
190, 346
190, 347
190, 348
190, 349
190, 350
190, 351
190, 352
190, 353
190, 354
190, 355
191, 356
191, 357
192, 358
191, 359
191, 360
191, 361
191, 362
191, 363
192, 364
193, 364
193, 365
193, 366
194, 367
194, 368
194, 369
194, 370
194, 371
195, 372
195, 373
196, 374
196, 375
196, 376
196, 377
197, 378
197, 379
198, 380
198, 381
198, 382
198, 383
198, 384
199, 385
199, 386
200, 387
200, 388
200, 389
200, 390
200, 391
200, 392
201, 393
201, 394
202, 395
202, 396
202, 397
202, 398
203, 399
203, 400
203, 401
203, 402
204, 403
204, 404
204, 405
204, 406
204, 407
205, 408
205, 409
206, 410
206, 411
206, 412
206, 413
206, 414
206, 415
207, 416
207, 417
208, 418
208, 419
208, 420
208, 421
208, 422
208, 423
209, 424
209, 425
209, 426
210, 427
210, 428
210, 429
210, 430
210, 431
210, 432
210, 433
211, 434
211, 435
211, 436
212, 437
212, 438
212, 439
212, 440
212, 441
212, 442
212, 443
213, 444
213, 445
213, 446
213, 447
214, 448
213, 449
213, 450
213, 451
213, 452
214, 453
214, 454
213, 455
213, 456
213, 457
213, 458
214, 459
215, 459
216, 459
215, 460
215, 461
215, 462
215, 463
215, 464
215, 465
216, 466
217, 466
218, 467
218, 468
218, 469
218, 470
218, 471
218, 472
218, 473
218, 474
219, 475
219, 476
219, 477
220, 478
220, 479
220, 480
220, 481
219, 482
219, 483
219, 484
219, 485
219, 486
220, 487
221, 487
222, 488
222, 489
222, 490
222, 491
222, 492
221, 493
221, 494
221, 495
222, 496
223, 496
223, 497
223, 498
224, 499
224, 500
224, 501
224, 502
224, 503
223, 504
223, 505
223, 506
224, 507
225, 507
225, 508
225, 509
226, 510
226, 511
226, 512
226, 513
225, 514
225, 515
225, 516
226, 517
227, 518
227, 519
227, 520
227, 521
228, 522
227, 523
227, 524
227, 525
227, 526
227, 527
228, 528
228, 529
229, 530
229, 531
229, 532
229, 533
230, 534
230, 535
230, 536
230, 537
230, 538
230, 539
230, 540
231, 541
231, 542
232, 543
232, 544
232, 545
232, 546
232, 547
232, 548
233, 549
233, 550
234, 551
234, 552
234, 553
234, 554
234, 555
234, 556
234, 557
234, 558
234, 559
234, 560
234, 561
234, 562
235, 563
235, 564
236, 565
236, 566
236, 567
236, 568
236, 569
236, 570
236, 571
236, 572
236, 573
237, 574
237, 575
238, 576
238, 577
238, 578
238, 579
238, 580
238, 581
239, 582
239, 583
240, 584
240, 585
240, 586
240, 587
240, 588
241, 589
241, 590
241, 591
241, 592
241, 593
241, 594
242, 595
242, 596
242, 597
242, 598
242, 599
243, 600
243, 601
243, 602
243, 603
243, 604
243, 605
244, 606
244, 607
244, 608
244, 609
244, 610
244, 611
244, 612
245, 613
245, 614
245, 615
245, 616
246, 617
246, 618
246, 619
246, 620
246, 621
246, 622
247, 623
247, 624
247, 625
247, 626
247, 627
248, 628
248, 629
248, 630
248, 631
248, 632
248, 633
249, 634
249, 635
249, 636
249, 637
249, 638
249, 639
250, 640
250, 641
250, 642
250, 643
250, 644
251, 645
251, 646
251, 647
251, 648
251, 649
251, 650
252, 651
252, 652
252, 653
252, 654
252, 655
253, 656
253, 657
253, 658
253, 659
253, 660
254, 661
254, 662
254, 663
254, 664
254, 665
254, 666
255, 667
255, 668
255, 669
255, 670
255, 671
256, 672
256, 673
256, 674
256, 675
256, 676
256, 677
256, 678
256, 679
256, 680
257, 681
257, 682
257, 683
257, 684
258, 685
258, 686
258, 687
258, 688
258, 689
258, 690
259, 691
259, 692
259, 693
259, 694
260, 695
260, 696
260, 697
260, 698
260, 699
260, 700
260, 701
260, 702
261, 703
261, 704
261, 705
262, 706
262, 707
262, 708
262, 709
262, 710
262, 711
262, 712
262, 713
262, 714
263, 715
263, 716
263, 717
264, 718
264, 719
264, 720
264, 721
264, 722
264, 723
264, 724
264, 725
264, 726
265, 727
265, 728
265, 729
265, 730
265, 731
265, 732
266, 733
266, 734
266, 735
266, 736
266, 737
266, 738
266, 739
266, 740
266, 741
266, 742
266, 743
266, 744
266, 745
266, 746
266, 747
267, 748
267, 749
267, 750
267, 751
267, 752
267, 753
267, 754
267, 755
267, 756
267, 757
267, 758
267, 759
267, 760
267, 761
267, 762
266, 763
266, 764
266, 765
266, 766
265, 767
264, 768
264, 769
264, 770
263, 771
262, 772
261, 773
260, 774
259, 774
258, 774
257, 775
256, 776
255, 776
254, 776
253, 776
252, 776
251, 776
250, 776
249, 776
248, 776
247, 776
246, 776
245, 776
244, 775
243, 775
242, 774
241, 774
240, 774
239, 773
238, 773
237, 772
236, 771
235, 771
235, 770
234, 769
233, 769
232, 768
231, 767
230, 766
230, 765
229, 764
228, 763
227, 762
226, 761
226, 760
226, 759
225, 758
225, 757
224, 756
224, 755
223, 754
223, 753
223, 752
222, 751
222, 750
221, 749
221, 748
221, 747
221, 746
221, 745
221, 744
221, 743
221, 742
221, 741
221, 740
220, 739
220, 738
220, 737
220, 736
219, 735
219, 734
219, 733
219, 732
219, 731
219, 730
219, 729
219, 728
219, 727
219, 726
218, 725
217, 725
217, 724
217, 723
217, 722
217, 721
217, 720
217, 719
217, 718
217, 717
217, 716
217, 715
217, 714
217, 713
217, 712
217, 711
217, 710
217, 709
217, 708
216, 707
216, 706
216, 705
216, 704
216, 703
216, 702
216, 701
215, 700
215, 699
215, 698
215, 697
215, 696
215, 695
215, 694
215, 693
215, 692
215, 691
215, 690
215, 689
215, 688
214, 687
214, 686
214, 685
214, 684
214, 683
214, 682
214, 681
213, 680
213, 679
213, 678
213, 677
213, 676
213, 675
213, 674
213, 673
213, 672
213, 671
213, 670
213, 669
213, 668
212, 667
212, 666
212, 665
212, 664
212, 663
212, 662
212, 661
211, 660
211, 659
211, 658
211, 657
211, 656
211, 655
211, 654
211, 653
211, 652
211, 651
211, 650
211, 649
211, 648
210, 647
210, 646
210, 645
210, 644
210, 643
210, 642
210, 641
210, 640
209, 639
209, 638
209, 637
209, 636
209, 635
209, 634
209, 633
209, 632
209, 631
209, 630
209, 629
209, 628
208, 627
208, 626
208, 625
208, 624
208, 623
208, 622
208, 621
208, 620
208, 619
208, 618
208, 617
208, 616
208, 615
208, 614
208, 613
208, 612
207, 611
207, 610
207, 609
207, 608
207, 607
207, 606
207, 605
207, 604
207, 603
207, 602
206, 601
205, 601
205, 600
205, 599
205, 598
206, 597
206, 596
206, 595
206, 594
206, 593
206, 592
206, 591
206, 590
206, 589
206, 588
206, 587
207, 587
208, 586
208, 585
208, 584
207, 583
206, 583
205, 583
205, 582
206, 582
207, 582
208, 581
208, 580
208, 579
208, 578
207, 577
206, 577
205, 577
205, 576
205, 575
205, 574
206, 573
206, 572
206, 571
207, 570
207, 569
207, 568
207, 567
207, 566
206, 565
205, 565
204, 565
205, 565
206, 564
207, 563
207, 562
207, 561
207, 560
206, 559
205, 558
205, 557
205, 556
205, 555
205, 554
205, 553
205, 552
205, 551
204, 550
203, 550
203, 549
202, 548
203, 547
203, 546
203, 545
204, 544
204, 543
204, 542
203, 541
203, 540
202, 539
201, 539
201, 538
201, 537
202, 537
203, 537
204, 536
204, 535
204, 534
203, 533
203, 532
203, 531
203, 532
203, 533
204, 534
205, 534
206, 534
207, 534
208, 533
208, 532
208, 531
208, 530
208, 529
207, 528
206, 528
205, 527
204, 527
203, 527
203, 526
203, 525
203, 524
203, 523
203, 522
204, 521
204, 520
204, 519
203, 518
202, 518
201, 518
200, 517
199, 517
200, 517
201, 517
202, 517
203, 517
204, 516
205, 515
206, 515
207, 515
208, 515
209, 514
210, 513
210, 512
210, 511
209, 510
208, 510
207, 510
206, 510
205, 510
204, 511
204, 512
204, 511
204, 510
204, 509
204, 508
203, 507
202, 507
201, 507
201, 506
201, 505
201, 504
200, 503
199, 503
198, 502
198, 501
197, 500
198, 500
199, 499
200, 499
201, 498
201, 497
201, 496
200, 495
199, 494
199, 493
198, 492
197, 492
197, 491
197, 490
197, 489
197, 488
197, 487
197, 486
197, 485
197, 484
197, 483
197, 482
197, 481
197, 480
196, 479
196, 478
196, 477
196, 476
196, 475
196, 474
195, 473
195, 472
195, 471
196, 470
196, 469
196, 468
195, 467
195, 466
195, 465
195, 464
195, 463
195, 462
195, 461
194, 460
193, 459
193, 458
193, 457
193, 456
193, 455
193, 454
193, 453
193, 452
192, 451
192, 450
192, 449
192, 448
192, 447
191, 446
191, 445
191, 444
191, 443
191, 442
191, 441
190, 440
190, 439
190, 438
190, 437
190, 436
190, 435
190, 434
189, 433
189, 432
189, 431
189, 430
189, 429
188, 428
188, 427
188, 426
188, 425
188, 424
188, 423
187, 422
187, 421
187, 420
187, 419
187, 418
187, 417
187, 416
186, 415
186, 414
186, 413
186, 412
185, 411
185, 410
185, 409
185, 408
185, 407
185, 406
185, 405
185, 404
184, 403
184, 402
184, 401
183, 400
183, 399
183, 398
183, 397
183, 396
183, 395
182, 394
182, 393
182, 392
182, 391
182, 390
181, 389
181, 388
181, 387
181, 386
181, 385
181, 384
180, 383
180, 382
180, 381
180, 380
181, 379
181, 378
181, 377
180, 376
179, 375
179, 374
179, 373
179, 372
178, 371
177, 370
177, 369
177, 368
176, 367
176, 366
175, 365
175, 364
175, 363
174, 362
174, 361
173, 360
173, 359
172, 358
172, 357
171, 356
171, 355
170, 354
169, 353
169, 352
168, 351
167, 351
167, 350
166, 349
165, 348
164, 348
164, 347
163, 346
162, 346
162, 345
161, 344
160, 344
159, 343
158, 342
157, 341
156, 341
155, 340
154, 339
153, 338
152, 337
151, 337
150, 336
149, 336
148, 335
147, 335
146, 334
145, 334
144, 333
143, 332
142, 331
141, 331
140, 330
139, 330
138, 330
137, 330
137, 329
136, 328
135, 327
134, 326
133, 326
133, 325
132, 324
131, 324
130, 324
129, 323
128, 322
128, 321
127, 320
126, 319
125, 319
124, 319
123, 318
122, 317
121, 316
121, 315
120, 314
120, 313
119, 312
119, 311
118, 310
117, 310
116, 310
116, 309
115, 308
114, 307
113, 306
112, 305
111, 305
111, 304
111, 303
110, 302
110, 301
109, 300
108, 299
108, 298
107, 297
107, 296
106, 295
105, 295
105, 294
105, 293
105, 292
104, 291
103, 291
103, 290
103, 289
103, 288
102, 287
101, 287
101, 286
101, 285
101, 284
100, 283
99, 283
99, 282
99, 281
99, 280
98, 279
97, 279
97, 278
97, 277
97, 276
97, 275
97, 274
96, 273
95, 273
95, 272
95, 271
95, 270
95, 269
94, 268
93, 268
93, 267
93, 266
93, 265
93, 264
93, 263
93, 262
92, 261
91, 261
91, 260
91, 259
91, 258
91, 257
91, 256
91, 255
91, 254
91, 253
91, 252
91, 251
91, 250
90, 249
89, 249
89, 248
89, 247
89, 246
89, 245
89, 244
89, 243
89, 242
89, 241
89, 240
89, 239
89, 238
89, 237
89, 236
89, 235
89, 234
89, 233
89, 232
89, 231
89, 230
89, 229
89, 228
89, 227
89, 226
89, 225
89, 224
89, 223
89, 222
89, 221
89, 220
89, 219
89, 218
89, 217
89, 216
89, 215
89, 214
89, 213
89, 212
89, 211
89, 210
