100, 625
100, 624
100, 623
101, 622
101, 621
101, 620
101, 619
101, 618
101, 617
101, 616
101, 615
101, 614
101, 613
101, 612
101, 611
101, 610
101, 609
101, 608
101, 607
101, 606
101, 605
101, 604
102, 603
102, 602
102, 601
102, 600
102, 599
102, 598
101, 597
102, 596
102, 595
102, 594
102, 593
102, 592
102, 591
102, 590
102, 589
102, 588
102, 587
102, 586
102, 585
102, 584
102, 583
102, 582
102, 581
102, 580
102, 579
102, 578
102, 577
102, 576
102, 575
102, 574
102, 573
102, 572
102, 571
102, 570
102, 569
102, 568
102, 567
102, 566
103, 565
103, 564
103, 563
103, 562
103, 561
103, 560
103, 559
103, 558
103, 557
103, 556
103, 555
103, 554
103, 553
103, 552
103, 551
103, 550
103, 549
103, 548
103, 547
103, 546
103, 545
104, 544
104, 543
104, 542
104, 541
104, 540
104, 539
104, 538
104, 537
104, 536
104, 535
104, 534
104, 533
103, 532
104, 531
104, 530
104, 529
104, 528
105, 527
105, 526
105, 525
105, 524
105, 523
105, 522
105, 521
105, 520
105, 519
106, 518
106, 517
106, 516
106, 515
106, 514
106, 513
105, 512
105, 511
105, 510
105, 509
106, 508
106, 507
106, 506
106, 505
106, 504
107, 503
107, 502
107, 501
107, 500
107, 499
107, 498
108, 497
108, 496
108, 495
108, 494
109, 493
109, 492
109, 491
109, 490
109, 489
109, 488
109, 487
109, 486
109, 485
109, 484
109, 483
109, 482
109, 481
109, 480
110, 479
110, 478
110, 477
111, 476
111, 475
111, 474
111, 473
111, 472
111, 471
111, 470
111, 469
111, 468
111, 467
111, 466
111, 465
111, 464
111, 463
112, 462
112, 461
112, 460
112, 459
112, 458
113, 457
113, 456
113, 455
113, 454
113, 453
113, 452
113, 451
113, 450
113, 449
113, 448
113, 447
114, 446
115, 445
115, 444
115, 443
115, 442
115, 441
115, 440
115, 439
115, 438
115, 437
115, 436
116, 435
116, 434
116, 433
117, 432
117, 431
117, 430
117, 429
117, 428
117, 427
117, 426
117, 425
117, 424
117, 423
117, 422
117, 421
118, 420
118, 419
119, 418
119, 417
119, 416
119, 415
119, 414
119, 413
119, 412
119, 411
119, 410
119, 409
120, 408
120, 407
120, 406
121, 405
121, 404
121, 403
121, 402
121, 401
121, 400
121, 399
122, 398
122, 397
122, 396
123, 395
123, 394
123, 393
123, 392
123, 391
123, 390
123, 389
123, 388
123, 387
124, 386
125, 385
125, 384
125, 383
125, 382
125, 381
125, 380
125, 379
125, 378
126, 377
127, 376
127, 375
127, 374
127, 373
127, 372
127, 371
128, 370
129, 369
129, 368
129, 367
129, 366
129, 365
130, 365
131, 364
131, 363
131, 362
131, 361
131, 360
131, 359
131, 358
132, 357
133, 356
133, 355
133, 354
133, 353
133, 352
133, 351
133, 350
134, 349
135, 348
135, 347
135, 346
135, 345
136, 344
137, 343
137, 342
137, 341
137, 340
137, 339
138, 338
139, 337
139, 336
139, 335
140, 334
140, 333
141, 332
141, 331
141, 330
142, 329
142, 328
143, 327
143, 326
143, 325
144, 324
144, 323
145, 323
146, 322
146, 321
146, 320
146, 319
147, 319
148, 319
149, 319
150, 318
150, 317
150, 316
150, 315
149, 314
148, 313
149, 312
149, 311
150, 310
150, 309
150, 308
149, 307
148, 306
147, 306
147, 305
147, 304
147, 303
147, 302
147, 301
147, 300
148, 299
148, 298
148, 297
149, 296
149, 295
149, 294
149, 293
149, 292
149, 291
148, 290
147, 290
146, 290
145, 290
145, 289
144, 288
144, 287
144, 286
143, 285
143, 284
142, 283
141, 282
142, 282
143, 282
144, 281
144, 280
144, 279
144, 278
144, 277
144, 276
144, 275
143, 274
143, 273
143, 272
143, 271
142, 270
141, 269
140, 268
139, 267
138, 266
138, 265
137, 264
136, 263
135, 262
135, 261
134, 260
134, 259
133, 258
133, 257
132, 256
131, 255
131, 254
130, 253
129, 253
128, 253
127, 253
126, 254
126, 255
126, 256
127, 257
128, 258
128, 259
128, 260
129, 261
130, 261
130, 262
130, 263
131, 264
132, 265
132, 266
133, 267
134, 267
134, 268
134, 269
134, 270
135, 271
136, 271
136, 272
136, 273
136, 272
135, 271
134, 270
133, 269
133, 268
132, 267
131, 267
131, 266
131, 265
131, 264
130, 263
129, 263
129, 262
128, 261
127, 261
127, 260
127, 259
127, 258
126, 257
125, 257
125, 256
125, 255
124, 254
123, 254
123, 253
123, 252
123, 251
122, 250
121, 249
121, 248
120, 247
119, 247
119, 246
119, 245
118, 244
117, 243
117, 242
117, 241
116, 240
115, 239
115, 238
115, 237
115, 236
114, 235
113, 234
113, 233
113, 232
113, 231
112, 230
112, 229
112, 228
111, 227
111, 226
111, 225
111, 224
111, 223
110, 222
110, 221
110, 220
110, 219
110, 218
110, 217
110, 216
110, 215
110, 214
110, 213
110, 212
110, 211
110, 210
111, 209
111, 208
111, 207
111, 206
111, 205
111, 204
111, 203
111, 202
111, 201
111, 200
111, 199
111, 198
111, 197
111, 196
111, 195
111, 194
111, 193
111, 192
111, 191
111, 190
112, 189
112, 188
112, 187
111, 186
111, 185
112, 184
112, 183
112, 182
112, 181
112, 180
112, 179
112, 178
113, 177
113, 176
113, 175
113, 174
113, 173
114, 172
114, 171
114, 170
114, 169
114, 168
115, 167
115, 166
115, 165
115, 164
116, 163
117, 162
117, 161
117, 160
118, 159
118, 158
118, 157
119, 156
119, 155
119, 154
120, 153
120, 152
121, 151
121, 150
122, 149
123, 148
123, 147
123, 146
123, 145
124, 144
125, 143
125, 142
126, 141
127, 140
127, 139
128, 138
128, 137
129, 136
129, 135
130, 134
131, 133
131, 132
132, 131
133, 130
134, 129
135, 128
135, 127
136, 126
137, 125
138, 124
139, 123
140, 122
141, 121
142, 120
143, 120
144, 119
145, 118
146, 117
147, 117
148, 116
149, 116
150, 115
151, 114
152, 114
153, 113
154, 113
155, 113
156, 112
157, 112
158, 112
159, 111
159, 110
159, 109
160, 109
161, 108
162, 108
163, 108
164, 108
165, 107
166, 107
167, 107
168, 107
169, 107
170, 107
171, 107
172, 107
173, 108
174, 108
175, 108
174, 108
173, 109
173, 110
173, 111
174, 112
175, 112
176, 112
177, 111
177, 110
177, 109
178, 109
179, 110
180, 110
181, 111
182, 111
183, 112
184, 112
185, 113
186, 114
187, 114
188, 115
189, 116
190, 117
189, 118
189, 119
189, 120
190, 121
191, 122
192, 122
193, 122
194, 121
194, 120
195, 121
196, 122
195, 122
194, 123
194, 124
194, 125
195, 126
196, 127
197, 128
198, 128
199, 128
200, 127
200, 126
201, 127
202, 128
203, 129
203, 130
204, 131
204, 132
203, 133
203, 134
203, 135
204, 136
205, 136
206, 136
207, 136
208, 136
208, 137
208, 138
209, 139
210, 140
211, 141
211, 142
212, 143
212, 144
213, 145
214, 145
215, 145
216, 146
216, 147
216, 148
216, 149
217, 150
218, 151
218, 152
218, 153
219, 154
219, 155
219, 156
220, 157
220, 158
220, 159
220, 160
221, 161
221, 162
222, 163
222, 164
222, 165
222, 166
222, 167
223, 168
223, 169
224, 170
224, 171
224, 172
224, 173
223, 173
222, 174
222, 175
222, 176
222, 177
222, 178
222, 179
222, 180
222, 181
222, 182
222, 183
222, 184
222, 185
223, 186
223, 187
223, 188
223, 189
223, 190
223, 191
223, 192
223, 193
223, 194
223, 195
223, 196
222, 197
222, 198
222, 199
222, 200
222, 201
222, 202
221, 203
221, 204
221, 205
221, 206
222, 207
222, 208
221, 209
221, 210
220, 211
220, 212
220, 213
220, 214
220, 215
220, 216
220, 217
220, 218
219, 219
218, 220
217, 220
216, 220
215, 221
215, 222
215, 223
216, 224
217, 224
218, 224
217, 224
216, 225
215, 225
214, 226
214, 227
214, 228
214, 229
214, 230
214, 231
215, 232
215, 233
214, 234
214, 235
214, 236
213, 237
213, 238
213, 239
212, 240
212, 241
212, 242
212, 243
212, 244
211, 245
211, 246
210, 247
210, 248
210, 249
210, 250
209, 250
208, 251
208, 252
208, 253
207, 253
206, 254
206, 255
206, 256
205, 256
204, 257
204, 258
204, 259
203, 259
202, 260
201, 261
200, 262
200, 263
200, 264
199, 264
198, 265
197, 266
196, 267
196, 268
196, 269
195, 269
194, 270
194, 271
194, 272
194, 273
193, 274
192, 275
192, 276
191, 276
190, 276
189, 276
188, 277
188, 278
188, 279
188, 280
187, 281
186, 281
185, 281
184, 282
184, 281
183, 280
182, 280
181, 280
180, 281
180, 282
180, 283
181, 284
182, 284
181, 285
180, 286
180, 287
180, 288
180, 289
179, 290
178, 290
177, 290
176, 291
175, 292
174, 293
173, 294
173, 295
172, 296
171, 297
170, 297
169, 297
168, 297
167, 298
166, 299
166, 300
166, 301
166, 302
165, 302
164, 303
164, 304
164, 305
164, 306
163, 307
162, 308
162, 309
162, 310
162, 311
161, 312
160, 313
159, 313
158, 314
158, 315
158, 316
159, 317
159, 318
158, 319
158, 320
158, 321
159, 322
159, 323
159, 324
159, 325
158, 326
158, 327
158, 328
158, 329
158, 330
158, 331
158, 332
158, 333
159, 334
160, 334
160, 335
160, 336
159, 337
159, 338
159, 339
158, 340
158, 341
158, 342
158, 343
158, 344
158, 345
158, 346
158, 347
158, 348
158, 349
158, 350
158, 351
158, 352
158, 353
158, 354
158, 355
158, 356
158, 357
158, 358
158, 359
158, 360
157, 360
156, 361
156, 362
156, 363
156, 364
156, 365
156, 366
156, 367
156, 368
156, 369
156, 370
156, 371
156, 372
156, 373
156, 374
156, 375
156, 376
156, 377
156, 378
156, 379
156, 380
156, 381
156, 382
156, 383
156, 384
156, 385
156, 386
156, 387
156, 388
156, 389
156, 390
156, 391
156, 392
156, 393
156, 394
156, 395
156, 396
156, 397
155, 398
155, 399
155, 400
154, 401
154, 402
154, 403
154, 404
154, 405
154, 406
154, 407
154, 408
154, 409
154, 410
154, 411
154, 412
154, 413
154, 414
154, 415
154, 416
154, 417
154, 418
154, 419
154, 420
154, 421
154, 422
153, 423
153, 424
152, 425
152, 426
152, 427
152, 428
152, 429
152, 430
152, 431
152, 432
152, 433
152, 434
152, 435
152, 436
152, 437
152, 438
152, 439
152, 440
152, 441
151, 442
151, 443
150, 444
150, 445
150, 446
150, 447
150, 448
150, 449
150, 450
150, 451
150, 452
150, 453
150, 454
150, 455
150, 456
150, 457
150, 458
149, 459
149, 460
149, 461
148, 462
148, 463
148, 464
148, 465
148, 466
148, 467
148, 468
148, 469
148, 470
148, 471
148, 472
148, 473
148, 474
148, 475
148, 476
148, 477
147, 478
146, 479
146, 480
146, 481
146, 482
146, 483
146, 484
146, 485
146, 486
146, 487
146, 488
146, 489
146, 490
146, 491
146, 492
145, 493
145, 494
144, 495
144, 496
144, 497
144, 498
144, 499
144, 500
144, 501
144, 502
144, 503
144, 504
144, 505
143, 506
142, 507
142, 508
142, 509
142, 510
142, 511
142, 512
142, 513
142, 514
142, 515
142, 516
142, 517
142, 518
142, 519
141, 519
140, 520
140, 521
140, 522
140, 523
140, 524
140, 525
140, 526
140, 527
140, 528
140, 529
140, 530
140, 531
140, 532
140, 533
139, 533
138, 534
138, 535
138, 536
138, 537
138, 538
138, 539
138, 540
138, 541
138, 542
138, 543
138, 544
138, 545
138, 546
138, 547
138, 548
138, 549
137, 549
136, 550
136, 551
136, 552
136, 553
136, 554
136, 555
136, 556
136, 557
136, 558
136, 559
136, 560
136, 561
136, 562
136, 563
136, 564
135, 564
134, 565
134, 566
134, 567
134, 568
134, 569
134, 570
134, 571
134, 572
134, 573
134, 574
134, 575
134, 576
134, 577
134, 578
133, 578
132, 579
132, 580
132, 581
132, 582
132, 583
132, 584
132, 585
132, 586
132, 587
132, 588
132, 589
132, 590
132, 591
132, 592
131, 592
130, 593
130, 594
130, 595
130, 596
130, 597
130, 598
130, 599
130, 600
130, 601
130, 602
130, 603
130, 604
129, 604
128, 605
128, 606
128, 607
128, 608
128, 609
128, 610
128, 611
128, 612
128, 613
128, 614
128, 615
128, 616
128, 617
127, 617
126, 618
126, 619
126, 620
126, 621
126, 622
126, 623
126, 624
126, 625
126, 626
126, 627
126, 628
126, 629
126, 630
125, 630
124, 631
124, 632
124, 633
124, 634
124, 635
124, 636
123, 636
122, 637
122, 638
122, 639
121, 639
120, 640
119, 641
119, 642
118, 643
117, 643
116, 644
116, 645
115, 645
114, 646
113, 646
112, 646
111, 646
110, 647
109, 647
108, 647
107, 647
106, 647
105, 646
104, 646
103, 646
102, 645
101, 644
101, 643
100, 642
99, 641
99, 640
99, 639
99, 638
99, 637
99, 636
99, 635
99, 634
99, 633
99, 632
99, 631
99, 630
99, 629
99, 628
99, 627
99, 626
