46, 684
46, 683
46, 682
46, 681
46, 680
46, 679
46, 678
46, 677
46, 676
46, 675
46, 674
47, 673
47, 672
47, 671
48, 670
48, 669
48, 668
48, 667
48, 666
48, 665
49, 664
49, 663
49, 662
49, 661
50, 660
50, 659
50, 658
50, 657
51, 656
51, 655
52, 654
52, 653
52, 652
52, 651
53, 650
54, 649
54, 648
54, 647
55, 646
55, 645
56, 644
56, 643
56, 642
56, 641
57, 640
58, 639
58, 638
58, 637
58, 636
59, 635
60, 634
60, 633
60, 632
61, 631
62, 630
62, 629
62, 628
63, 627
64, 626
64, 625
64, 624
65, 623
65, 622
66, 621
66, 620
67, 619
67, 618
68, 617
68, 616
68, 615
69, 614
70, 613
70, 612
70, 611
71, 610
72, 609
72, 608
72, 607
73, 606
74, 605
74, 604
74, 603
75, 602
76, 601
76, 600
77, 599
77, 598
78, 597
78, 596
78, 595
79, 594
80, 593
80, 592
81, 591
81, 590
82, 589
82, 588
83, 587
83, 586
84, 585
84, 584
85, 583
86, 582
86, 581
86, 580
87, 579
87, 578
88, 577
88, 576
89, 575
90, 574
90, 573
90, 572
91, 571
92, 570
92, 569
93, 568
93, 567
94, 566
94, 565
95, 564
95, 563
96, 562
96, 561
97, 560
97, 559
98, 558
99, 557
99, 556
100, 555
100, 554
100, 553
101, 552
102, 551
102, 550
102, 549
103, 548
104, 547
104, 546
105, 545
105, 544
106, 543
106, 542
106, 541
107, 540
108, 539
108, 538
108, 537
109, 536
110, 535
110, 534
110, 533
111, 532
112, 531
112, 530
113, 529
113, 528
114, 527
114, 526
115, 525
115, 524
116, 523
116, 522
117, 521
117, 520
118, 519
118, 518
118, 517
119, 516
120, 515
120, 514
121, 513
122, 512
122, 511
123, 510
123, 509
123, 508
124, 507
125, 506
125, 505
126, 504
126, 503
127, 502
127, 501
128, 500
128, 499
129, 498
129, 497
130, 496
130, 495
130, 494
131, 493
132, 492
132, 491
133, 490
133, 489
133, 488
134, 487
135, 486
135, 485
136, 484
136, 483
137, 482
138, 481
138, 480
139, 479
140, 478
141, 477
142, 476
143, 476
144, 475
145, 475
146, 474
147, 473
148, 472
149, 471
150, 471
151, 471
152, 470
152, 469
153, 469
154, 468
154, 467
154, 466
154, 465
153, 464
154, 463
154, 462
154, 461
155, 460
155, 459
156, 458
157, 458
158, 457
158, 456
158, 455
157, 454
156, 454
156, 453
156, 452
157, 451
157, 450
158, 449
158, 448
159, 448
160, 447
160, 446
160, 445
159, 444
159, 443
160, 442
160, 441
161, 441
162, 440
162, 439
162, 438
161, 437
161, 436
161, 435
161, 434
162, 433
163, 433
164, 432
164, 431
164, 430
164, 429
163, 428
163, 427
163, 426
164, 425
165, 425
166, 424
166, 423
166, 422
166, 421
165, 420
165, 419
165, 418
165, 417
166, 417
167, 417
168, 416
168, 415
168, 414
167, 413
166, 413
166, 412
167, 411
167, 410
167, 409
167, 408
167, 407
168, 406
168, 405
168, 404
168, 403
169, 402
169, 401
169, 400
170, 400
171, 400
172, 399
172, 398
172, 397
171, 396
170, 396
170, 395
170, 394
170, 393
170, 392
170, 391
171, 390
171, 389
171, 388
172, 387
172, 386
172, 385
173, 386
174, 386
175, 386
176, 385
176, 384
176, 383
175, 382
174, 382
173, 382
174, 381
174, 380
174, 379
174, 378
175, 377
175, 376
175, 375
175, 374
176, 373
176, 372
176, 371
176, 370
177, 369
177, 368
177, 367
178, 366
178, 365
178, 364
178, 363
179, 362
179, 361
180, 360
180, 359
181, 359
182, 358
182, 357
182, 356
181, 355
180, 355
181, 354
181, 353
181, 352
181, 351
181, 350
182, 349
183, 349
184, 348
184, 347
184, 346
184, 345
184, 344
184, 343
184, 342
184, 341
185, 341
186, 340
186, 339
186, 338
186, 337
185, 336
185, 335
185, 334
185, 333
186, 332
187, 332
188, 331
188, 330
188, 329
187, 328
187, 327
187, 326
188, 326
189, 326
190, 325
190, 324
190, 323
189, 322
190, 321
190, 320
191, 319
192, 318
192, 317
193, 316
194, 316
195, 315
195, 314
196, 313
196, 312
196, 311
196, 310
196, 309
196, 308
196, 307
196, 306
195, 305
195, 304
196, 303
196, 302
197, 302
198, 301
198, 300
198, 299
197, 298
196, 298
196, 297
196, 296
196, 295
197, 294
198, 293
198, 292
198, 291
198, 290
198, 289
199, 289
200, 288
200, 287
200, 286
200, 285
200, 284
199, 283
199, 282
199, 281
200, 281
201, 281
202, 280
202, 279
202, 278
202, 277
201, 276
200, 276
200, 275
200, 274
200, 273
200, 272
200, 271
200, 270
201, 269
202, 269
203, 269
204, 268
204, 267
204, 266
204, 265
203, 264
202, 264
202, 263
203, 262
203, 261
203, 260
203, 259
203, 258
204, 257
205, 257
206, 256
206, 255
206, 254
205, 253
204, 253
204, 252
204, 251
205, 250
205, 249
205, 248
205, 247
205, 246
206, 245
206, 244
206, 243
205, 242
206, 241
206, 240
206, 239
206, 238
206, 237
206, 236
206, 235
207, 234
207, 233
207, 232
208, 231
208, 230
208, 229
208, 228
208, 227
208, 226
209, 225
209, 224
209, 223
209, 222
209, 221
210, 220
210, 219
210, 218
210, 217
210, 216
211, 215
211, 214
211, 213
211, 212
211, 211
211, 210
212, 209
212, 208
212, 207
212, 206
212, 205
212, 204
212, 203
212, 202
212, 201
213, 200
213, 199
213, 198
214, 197
214, 196
214, 195
214, 194
214, 193
214, 192
214, 191
214, 190
214, 189
215, 188
215, 187
215, 186
216, 185
216, 184
216, 183
216, 182
216, 181
216, 180
216, 179
216, 178
217, 177
217, 176
217, 175
217, 174
217, 173
217, 172
218, 171
218, 170
218, 169
218, 168
218, 167
218, 166
219, 165
219, 164
219, 163
219, 162
219, 161
219, 160
220, 159
220, 158
220, 157
220, 156
220, 155
220, 154
220, 153
221, 152
221, 151
221, 150
222, 149
222, 148
222, 147
222, 146
223, 145
223, 144
223, 143
223, 142
224, 141
225, 140
225, 139
226, 138
226, 137
227, 136
227, 135
227, 134
228, 133
229, 132
229, 131
230, 130
231, 129
231, 128
232, 127
233, 126
234, 125
235, 124
236, 123
237, 122
238, 121
239, 120
240, 119
241, 119
242, 118
243, 117
244, 117
245, 116
246, 115
247, 115
248, 114
249, 114
250, 113
251, 113
252, 112
253, 112
254, 112
255, 112
256, 112
257, 112
258, 112
259, 112
259, 113
259, 114
259, 115
259, 116
259, 117
259, 118
259, 119
259, 120
259, 121
259, 122
259, 123
259, 124
259, 125
259, 126
259, 127
259, 128
259, 129
258, 130
258, 131
258, 132
258, 133
258, 134
258, 135
258, 136
258, 137
258, 138
258, 139
258, 140
258, 141
258, 142
258, 143
257, 144
257, 145
257, 146
257, 147
257, 148
256, 149
256, 150
256, 151
257, 152
257, 153
257, 154
257, 155
257, 156
257, 157
256, 158
256, 159
256, 160
256, 161
256, 162
256, 163
256, 164
256, 165
256, 166
255, 167
255, 168
255, 169
255, 170
255, 171
255, 172
255, 173
255, 174
255, 175
255, 176
255, 177
255, 178
255, 179
255, 180
255, 181
254, 182
254, 183
254, 184
254, 185
253, 186
253, 187
253, 188
254, 189
253, 190
253, 191
253, 192
253, 193
253, 194
253, 195
253, 196
253, 197
253, 198
253, 199
253, 200
253, 201
252, 202
252, 203
252, 204
252, 205
252, 206
252, 207
252, 208
252, 209
252, 210
252, 211
251, 212
251, 213
251, 214
251, 215
251, 216
251, 217
251, 218
251, 219
251, 220
251, 221
251, 222
251, 223
251, 224
251, 225
251, 226
251, 227
251, 228
250, 229
250, 230
250, 231
250, 232
250, 233
250, 234
250, 235
249, 236
249, 237
249, 238
249, 239
249, 240
249, 241
249, 242
249, 243
249, 244
249, 245
249, 246
249, 247
250, 248
251, 248
252, 248
253, 248
254, 248
253, 248
252, 249
252, 250
252, 251
253, 252
254, 252
255, 252
256, 251
256, 250
257, 250
258, 249
258, 248
259, 248
260, 247
260, 246
261, 246
262, 245
262, 244
263, 244
264, 243
265, 242
266, 241
267, 241
268, 240
269, 239
270, 238
270, 237
271, 236
271, 235
272, 235
273, 234
274, 233
275, 232
276, 231
277, 230
278, 229
279, 228
280, 227
281, 226
282, 225
282, 224
282, 223
283, 222
284, 221
285, 220
286, 220
287, 219
288, 218
289, 217
290, 217
291, 216
291, 215
292, 214
293, 213
294, 212
295, 211
295, 210
296, 210
297, 209
298, 208
298, 207
299, 206
300, 206
301, 205
301, 204
302, 203
302, 202
303, 201
304, 201
305, 200
306, 199
307, 198
308, 197
309, 196
310, 195
310, 194
311, 194
312, 193
313, 192
314, 191
315, 191
316, 190
316, 189
317, 188
318, 187
319, 186
319, 185
320, 184
321, 183
322, 182
323, 181
324, 180
325, 179
326, 178
327, 178
328, 177
328, 176
329, 176
330, 175
331, 174
332, 173
332, 172
333, 171
334, 170
335, 170
336, 169
336, 168
337, 168
338, 167
338, 166
339, 165
340, 164
341, 163
342, 162
343, 162
344, 161
344, 160
344, 159
345, 159
346, 158
347, 157
348, 157
349, 157
350, 157
351, 158
351, 159
351, 160
352, 161
353, 162
353, 163
354, 164
354, 165
355, 166
356, 167
357, 168
357, 169
357, 170
357, 171
357, 172
357, 173
358, 174
358, 175
359, 176
359, 177
359, 178
359, 179
359, 180
360, 181
360, 182
361, 183
361, 184
361, 185
361, 186
361, 187
361, 188
361, 189
361, 190
361, 191
361, 192
361, 193
361, 194
361, 195
361, 196
362, 197
361, 198
361, 199
361, 200
361, 201
361, 202
361, 203
361, 204
361, 205
361, 206
361, 207
360, 208
360, 209
360, 210
359, 211
359, 212
359, 213
359, 214
358, 215
358, 216
358, 217
358, 218
357, 219
357, 220
356, 221
355, 222
355, 223
354, 224
353, 225
353, 226
352, 227
351, 228
351, 229
351, 230
350, 231
349, 232
349, 233
348, 234
348, 235
347, 236
346, 236
345, 237
344, 238
343, 239
343, 240
342, 241
341, 241
340, 242
340, 243
339, 244
338, 245
337, 246
336, 247
335, 248
334, 249
333, 250
332, 251
331, 252
330, 253
330, 254
329, 255
328, 256
327, 257
326, 258
325, 259
324, 260
323, 261
322, 262
321, 263
320, 264
319, 265
319, 266
318, 266
317, 267
316, 268
316, 269
315, 270
314, 271
313, 272
312, 273
311, 274
310, 275
309, 276
308, 277
307, 278
306, 279
305, 279
304, 280
303, 281
303, 282
302, 283
301, 284
300, 285
299, 286
298, 287
298, 288
297, 289
296, 290
295, 291
294, 292
293, 293
292, 294
291, 295
290, 296
289, 297
288, 298
287, 299
287, 300
286, 301
285, 301
284, 302
283, 303
282, 304
281, 305
280, 306
279, 307
279, 308
278, 309
277, 310
276, 310
275, 311
275, 312
274, 313
273, 314
272, 315
271, 316
270, 317
269, 318
268, 319
267, 319
266, 320
265, 321
264, 322
263, 323
263, 324
262, 324
261, 325
261, 326
260, 326
259, 327
259, 328
259, 329
258, 330
257, 331
257, 332
256, 333
255, 334
255, 335
255, 336
255, 337
255, 338
255, 339
255, 340
255, 341
255, 342
256, 343
256, 344
256, 345
256, 346
257, 347
257, 348
257, 349
258, 350
258, 351
259, 352
259, 353
259, 354
259, 355
260, 356
260, 357
261, 358
261, 359
261, 360
262, 361
262, 362
263, 363
263, 364
263, 365
264, 366
264, 367
265, 368
265, 369
265, 370
266, 371
267, 372
267, 373
267, 374
268, 375
268, 376
269, 377
270, 378
270, 379
271, 380
271, 381
271, 382
272, 383
273, 384
273, 385
274, 386
275, 387
275, 388
276, 389
276, 390
277, 391
277, 392
278, 393
279, 394
279, 395
280, 396
280, 397
281, 398
281, 399
282, 400
283, 401
283, 402
284, 403
285, 404
285, 405
286, 406
286, 407
287, 408
287, 409
288, 410
289, 411
289, 412
289, 413
290, 414
291, 415
291, 416
292, 417
293, 418
293, 419
294, 420
294, 421
295, 422
296, 423
296, 424
297, 425
297, 426
298, 427
299, 428
299, 429
300, 430
300, 431
301, 432
301, 433
302, 434
303, 435
303, 436
304, 437
305, 438
305, 439
306, 440
306, 441
307, 442
307, 443
308, 444
309, 445
309, 446
310, 447
310, 448
311, 449
311, 450
312, 451
313, 452
313, 453
314, 454
315, 455
315, 456
315, 457
316, 458
317, 459
317, 460
318, 461
319, 462
320, 463
321, 464
322, 464
323, 464
324, 464
325, 464
326, 465
327, 465
328, 465
329, 465
330, 466
331, 466
332, 467
333, 468
334, 468
335, 469
336, 470
337, 471
338, 472
339, 473
339, 474
340, 475
341, 476
342, 477
343, 478
344, 479
344, 480
345, 481
346, 482
347, 483
348, 484
348, 485
349, 486
350, 487
351, 488
352, 489
353, 490
353, 491
354, 492
355, 493
356, 494
357, 495
357, 496
358, 497
359, 498
360, 499
361, 500
362, 501
362, 502
363, 503
364, 504
365, 505
366, 506
366, 507
367, 508
368, 509
369, 510
370, 511
370, 512
371, 513
372, 514
373, 515
373, 516
374, 517
375, 518
376, 519
377, 520
377, 521
378, 522
379, 523
380, 524
381, 525
381, 526
382, 527
383, 528
384, 529
385, 530
386, 531
386, 532
387, 533
388, 534
389, 535
390, 536
390, 537
391, 538
392, 538
392, 539
393, 540
394, 541
395, 542
396, 543
396, 544
397, 545
398, 546
399, 547
400, 548
400, 549
401, 550
402, 551
403, 552
404, 553
405, 554
406, 555
406, 556
407, 557
408, 558
409, 559
410, 560
410, 561
411, 562
412, 563
413, 564
414, 565
415, 566
415, 567
416, 568
417, 569
418, 570
419, 571
420, 572
420, 573
421, 574
422, 575
423, 576
424, 577
425, 578
425, 579
426, 580
427, 581
428, 582
428, 583
429, 584
430, 584
430, 585
431, 586
432, 587
433, 588
433, 589
434, 590
435, 591
436, 592
437, 593
438, 594
438, 595
439, 596
440, 597
441, 598
441, 599
442, 600
443, 601
444, 602
445, 603
445, 604
446, 605
447, 606
448, 607
448, 608
449, 609
450, 610
451, 611
451, 612
452, 613
453, 614
453, 615
454, 616
455, 617
456, 618
456, 619
457, 620
458, 621
459, 622
459, 623
460, 624
461, 625
461, 626
462, 627
463, 628
463, 629
464, 630
465, 631
465, 632
466, 633
467, 634
467, 635
468, 636
469, 637
469, 638
470, 639
471, 640
471, 641
472, 642
473, 643
473, 644
474, 645
474, 646
475, 647
475, 648
476, 649
477, 650
477, 651
478, 652
478, 653
479, 654
480, 655
480, 656
481, 657
481, 658
482, 659
482, 660
483, 661
483, 662
484, 663
484, 664
485, 665
485, 666
486, 667
486, 668
487, 669
487, 670
487, 671
488, 672
488, 673
489, 674
490, 675
490, 676
490, 677
491, 678
491, 679
491, 680
492, 681
492, 682
493, 683
493, 684
494, 685
494, 686
494, 687
495, 688
495, 689
495, 690
496, 691
496, 692
496, 693
497, 694
497, 695
497, 696
497, 697
498, 698
498, 699
498, 700
499, 701
499, 702
499, 703
499, 704
500, 705
500, 706
500, 707
500, 708
501, 709
501, 710
501, 711
501, 712
501, 713
501, 714
502, 715
502, 716
502, 717
502, 718
502, 719
502, 720
503, 721
503, 722
503, 723
503, 724
503, 725
503, 726
503, 727
503, 728
503, 729
503, 730
503, 731
503, 732
503, 733
503, 734
503, 735
503, 736
503, 737
503, 738
503, 739
502, 740
502, 741
502, 742
502, 743
502, 744
502, 745
502, 746
502, 747
501, 748
501, 749
501, 750
501, 751
500, 752
500, 753
500, 754
500, 755
499, 756
499, 757
499, 758
499, 759
498, 760
498, 761
497, 762
497, 763
497, 764
496, 765
496, 766
496, 767
495, 768
495, 769
494, 770
494, 771
493, 772
493, 773
492, 774
492, 775
491, 776
491, 777
490, 778
490, 779
489, 780
489, 781
488, 782
488, 783
487, 784
486, 785
486, 786
485, 787
484, 788
484, 789
483, 790
482, 791
481, 792
481, 793
480, 794
479, 795
478, 796
477, 797
476, 798
475, 799
474, 800
473, 801
472, 802
471, 803
470, 804
470, 805
469, 806
468, 807
467, 808
466, 809
465, 810
464, 811
463, 811
462, 812
461, 813
460, 814
459, 815
458, 816
457, 817
456, 817
455, 818
454, 819
453, 819
452, 820
451, 821
450, 821
449, 822
448, 822
447, 823
446, 824
445, 825
444, 825
443, 826
442, 826
441, 827
440, 827
439, 828
438, 828
437, 829
436, 829
435, 830
435, 831
434, 831
433, 831
432, 831
431, 832
431, 833
430, 833
429, 833
428, 833
427, 834
426, 834
425, 834
424, 834
423, 834
422, 834
421, 834
420, 834
419, 834
418, 834
417, 834
416, 834
415, 833
414, 833
413, 832
412, 832
411, 832
410, 831
409, 831
408, 831
408, 830
407, 829
406, 829
405, 828
404, 828
404, 827
403, 826
403, 825
403, 824
402, 823
401, 822
401, 821
400, 820
400, 819
400, 818
399, 817
398, 816
398, 815
397, 814
396, 813
395, 813
395, 812
395, 811
394, 810
394, 809
393, 808
393, 807
392, 806
391, 805
390, 805
389, 805
388, 805
389, 804
389, 803
389, 802
388, 801
388, 800
388, 799
388, 798
387, 797
386, 796
385, 796
384, 796
384, 795
384, 794
385, 793
385, 792
385, 791
384, 790
383, 789
382, 789
381, 788
380, 788
379, 787
378, 786
379, 785
379, 784
379, 783
379, 782
378, 781
377, 781
376, 781
377, 780
377, 779
377, 778
376, 777
375, 777
374, 777
374, 776
375, 775
375, 774
375, 773
374, 772
373, 771
372, 771
371, 771
370, 771
370, 770
370, 769
370, 768
369, 767
368, 767
367, 767
366, 766
366, 765
366, 764
366, 763
365, 762
364, 762
364, 761
364, 760
364, 759
363, 758
362, 758
361, 758
360, 758
360, 757
359, 756
358, 756
358, 755
358, 754
357, 753
357, 752
357, 751
356, 750
355, 750
355, 749
355, 748
354, 747
354, 746
354, 745
354, 744
354, 743
353, 742
352, 741
352, 740
352, 739
352, 738
351, 737
350, 737
349, 737
350, 736
350, 735
350, 734
350, 733
350, 732
350, 731
350, 730
349, 729
348, 728
349, 727
349, 726
349, 725
349, 724
349, 723
349, 722
348, 721
348, 720
348, 719
348, 718
348, 717
348, 716
348, 715
348, 714
347, 713
346, 712
347, 711
347, 710
347, 709
347, 708
347, 707
346, 706
346, 705
346, 704
346, 703
345, 702
345, 701
344, 700
343, 699
343, 698
343, 697
343, 696
343, 695
342, 694
342, 693
342, 692
341, 691
340, 690
340, 689
340, 688
340, 687
340, 686
340, 685
340, 684
340, 683
339, 682
339, 681
338, 680
338, 679
338, 678
338, 677
338, 676
337, 675
337, 674
336, 673
335, 672
335, 671
335, 670
335, 669
334, 668
334, 667
333, 666
333, 665
332, 664
332, 663
332, 662
332, 661
332, 660
332, 659
331, 658
331, 657
331, 656
330, 655
330, 654
330, 653
329, 652
328, 651
328, 650
328, 649
328, 648
328, 647
327, 646
326, 646
326, 645
326, 644
326, 643
326, 642
325, 641
325, 640
325, 639
324, 638
324, 637
324, 636
323, 635
323, 634
322, 633
322, 632
321, 631
321, 630
321, 629
321, 628
321, 627
320, 626
320, 625
319, 624
319, 623
319, 622
318, 621
318, 620
318, 619
318, 618
317, 617
317, 616
317, 615
317, 614
317, 613
316, 612
315, 611
315, 610
315, 609
314, 608
313, 607
313, 606
313, 605
312, 604
312, 603
312, 602
312, 601
311, 600
311, 599
311, 598
311, 597
310, 596
309, 595
309, 594
309, 593
309, 592
308, 591
307, 591
307, 590
307, 589
307, 588
307, 587
306, 586
306, 585
306, 584
306, 583
306, 582
306, 581
306, 580
306, 579
305, 578
304, 578
304, 577
304, 576
304, 575
303, 574
302, 573
302, 572
302, 571
302, 570
301, 569
300, 568
300, 567
300, 566
300, 565
300, 564
300, 563
300, 562
299, 561
298, 560
298, 559
298, 558
298, 557
297, 556
297, 555
297, 554
297, 553
296, 552
296, 551
296, 550
295, 549
294, 548
294, 547
294, 546
293, 545
293, 544
292, 543
292, 542
292, 541
292, 540
291, 539
291, 538
291, 537
290, 536
290, 535
290, 534
290, 533
290, 532
290, 531
289, 530
288, 530
288, 529
288, 528
287, 527
287, 526
287, 525
287, 524
286, 523
286, 522
286, 521
286, 520
285, 519
284, 518
284, 517
284, 516
284, 515
283, 514
282, 513
282, 512
281, 511
280, 511
280, 510
281, 509
281, 508
281, 507
280, 506
280, 505
280, 504
280, 503
279, 502
279, 501
279, 500
279, 499
278, 498
278, 497
278, 496
278, 495
278, 494
277, 493
277, 492
277, 491
277, 490
277, 489
277, 488
277, 487
277, 486
276, 485
276, 484
276, 483
275, 482
274, 482
273, 481
273, 480
273, 479
273, 478
272, 477
271, 476
271, 475
271, 474
270, 473
269, 472
269, 471
269, 470
268, 469
267, 469
266, 468
266, 467
266, 466
266, 465
265, 464
265, 463
265, 462
264, 461
263, 460
262, 460
262, 459
261, 458
260, 457
259, 456
258, 456
258, 455
258, 454
258, 453
257, 452
257, 451
257, 450
256, 449
255, 448
254, 447
254, 446
254, 445
253, 444
252, 444
251, 444
250, 444
250, 443
250, 442
250, 441
250, 440
249, 439
248, 439
247, 438
246, 438
245, 437
244, 437
243, 436
242, 436
241, 436
240, 437
239, 437
238, 437
237, 437
236, 437
235, 437
234, 437
233, 437
232, 437
231, 437
230, 437
229, 437
228, 437
228, 436
227, 435
226, 434
225, 434
224, 434
223, 435
222, 435
221, 436
221, 437
221, 438
221, 439
220, 440
219, 441
219, 442
219, 443
219, 444
218, 445
218, 446
217, 447
217, 448
217, 449
217, 450
216, 450
215, 451
215, 452
215, 453
215, 454
215, 455
215, 456
215, 457
214, 458
213, 459
213, 460
213, 461
213, 462
212, 463
211, 464
211, 465
211, 466
211, 467
211, 468
210, 469
210, 470
209, 471
209, 472
209, 473
209, 474
209, 475
208, 476
207, 477
207, 478
207, 479
206, 480
205, 481
205, 482
205, 483
205, 484
205, 485
205, 486
205, 487
205, 488
206, 489
206, 490
207, 491
208, 492
208, 493
208, 494
209, 495
209, 496
209, 497
209, 498
209, 499
210, 500
210, 501
210, 502
210, 503
210, 504
210, 505
210, 506
210, 507
210, 508
210, 509
210, 510
210, 511
210, 512
210, 513
210, 514
210, 515
210, 516
210, 517
210, 518
210, 519
210, 520
210, 521
210, 522
210, 523
210, 524
210, 525
210, 526
210, 527
210, 528
210, 529
210, 530
209, 531
209, 532
209, 533
209, 534
209, 535
209, 536
209, 537
209, 538
209, 539
209, 540
209, 541
209, 542
209, 543
209, 544
209, 545
209, 546
209, 547
209, 548
209, 549
209, 550
209, 551
209, 552
209, 553
209, 554
209, 555
209, 556
209, 557
209, 558
209, 559
209, 560
209, 561
209, 562
209, 563
209, 564
209, 565
209, 566
209, 567
209, 568
209, 569
209, 570
209, 571
209, 572
209, 573
209, 574
209, 575
209, 576
209, 577
209, 578
209, 579
209, 580
209, 581
209, 582
209, 583
209, 584
209, 585
209, 586
209, 587
209, 588
209, 589
209, 590
209, 591
209, 592
209, 593
209, 594
209, 595
209, 596
209, 597
209, 598
209, 599
209, 600
209, 601
209, 602
209, 603
209, 604
209, 605
209, 606
209, 607
209, 608
209, 609
209, 610
209, 611
209, 612
209, 613
209, 614
209, 615
209, 616
208, 617
208, 618
208, 619
208, 620
208, 621
208, 622
208, 623
208, 624
208, 625
208, 626
208, 627
208, 628
208, 629
208, 630
208, 631
208, 632
208, 633
208, 634
208, 635
208, 636
208, 637
208, 638
208, 639
208, 640
208, 641
208, 642
208, 643
208, 644
208, 645
208, 646
208, 647
208, 648
207, 649
207, 650
207, 651
207, 652
207, 653
207, 654
207, 655
207, 656
207, 657
207, 658
207, 659
207, 660
207, 661
207, 662
207, 663
207, 664
207, 665
207, 666
207, 667
207, 668
207, 669
207, 670
207, 671
206, 672
206, 673
206, 674
206, 675
206, 676
206, 677
206, 678
206, 679
206, 680
206, 681
206, 682
206, 683
206, 684
206, 685
206, 686
206, 687
206, 688
206, 689
205, 690
205, 691
205, 692
205, 693
205, 694
205, 695
205, 696
205, 697
205, 698
205, 699
205, 700
205, 701
205, 702
205, 703
205, 704
205, 705
205, 706
205, 707
205, 708
205, 709
204, 710
204, 711
204, 712
204, 713
204, 714
204, 715
204, 716
204, 717
204, 718
204, 719
204, 720
204, 721
204, 722
204, 723
204, 724
203, 725
203, 726
203, 727
203, 728
203, 729
203, 730
203, 731
203, 732
203, 733
203, 734
203, 735
203, 736
203, 737
203, 738
203, 739
203, 740
203, 741
202, 742
202, 743
202, 744
202, 745
202, 746
202, 747
202, 748
202, 749
202, 750
202, 751
202, 752
201, 753
201, 754
201, 755
201, 756
201, 757
201, 758
201, 759
201, 760
201, 761
201, 762
200, 763
200, 764
200, 765
200, 766
200, 767
200, 768
200, 769
200, 770
200, 771
199, 772
199, 773
199, 774
199, 775
199, 776
199, 777
199, 778
199, 779
199, 780
198, 781
198, 782
198, 783
198, 784
198, 785
198, 786
198, 787
198, 788
197, 789
197, 790
197, 791
197, 792
197, 793
197, 794
196, 795
196, 796
196, 797
196, 798
196, 799
195, 800
195, 801
195, 802
195, 803
195, 804
195, 805
194, 806
194, 807
194, 808
193, 809
193, 810
193, 811
193, 812
193, 813
192, 814
192, 815
192, 816
191, 817
191, 818
191, 819
191, 820
190, 821
190, 822
189, 823
189, 824
188, 825
188, 826
187, 827
187, 828
186, 829
186, 830
185, 831
184, 832
183, 833
182, 834
181, 835
180, 835
179, 836
178, 836
177, 837
176, 837
175, 838
174, 838
173, 838
172, 838
171, 839
170, 839
169, 839
168, 839
167, 839
166, 839
165, 839
164, 839
163, 839
162, 840
161, 841
160, 841
159, 841
158, 842
157, 842
156, 843
155, 844
154, 844
153, 844
152, 844
151, 844
150, 844
149, 844
148, 844
147, 843
146, 843
145, 843
144, 842
143, 842
142, 842
141, 842
140, 842
139, 841
138, 840
137, 840
136, 840
135, 840
134, 839
133, 839
133, 838
133, 837
132, 836
131, 836
130, 835
129, 835
128, 835
127, 835
126, 835
125, 835
124, 835
124, 834
124, 833
124, 832
123, 831
122, 831
121, 831
120, 830
119, 829
118, 829
117, 829
116, 829
115, 828
115, 827
114, 826
113, 825
112, 825
111, 824
110, 824
110, 823
110, 822
110, 821
110, 820
109, 819
108, 819
107, 818
106, 818
105, 817
105, 816
104, 815
103, 815
102, 815
101, 814
100, 813
99, 813
98, 813
98, 812
98, 811
98, 810
97, 809
96, 809
96, 808
96, 807
95, 806
94, 806
93, 805
94, 804
94, 803
94, 802
93, 801
92, 801
91, 801
91, 800
91, 799
90, 798
89, 797
88, 797
87, 797
86, 796
86, 795
86, 794
85, 793
84, 793
84, 792
84, 791
83, 790
82, 790
82, 789
81, 788
80, 787
80, 786
79, 785
78, 784
77, 784
76, 784
76, 783
76, 782
75, 781
74, 780
74, 779
74, 778
73, 777
72, 776
71, 775
71, 774
70, 773
69, 772
69, 771
68, 770
68, 769
67, 768
66, 768
66, 767
66, 766
66, 765
65, 764
64, 764
64, 763
63, 762
63, 761
62, 760
62, 759
61, 758
61, 757
61, 756
60, 755
60, 754
59, 753
59, 752
58, 751
58, 750
58, 749
57, 748
57, 747
56, 746
56, 745
55, 744
55, 743
54, 742
54, 741
54, 740
54, 739
54, 738
53, 737
52, 736
52, 735
52, 734
52, 733
51, 732
51, 731
51, 730
50, 729
50, 728
50, 727
50, 726
49, 725
49, 724
49, 723
49, 722
48, 721
48, 720
48, 719
48, 718
48, 717
47, 716
47, 715
47, 714
47, 713
46, 712
46, 711
46, 710
46, 709
46, 708
46, 707
46, 706
46, 705
46, 704
46, 703
46, 702
46, 701
46, 700
45, 699
45, 698
45, 697
45, 696
45, 695
45, 694
45, 693
45, 692
45, 691
45, 690
45, 689
45, 688
45, 687
45, 686
45, 685
