79, 562
80, 561
80, 560
80, 559
80, 558
79, 557
80, 556
81, 555
81, 554
82, 553
82, 552
82, 551
82, 550
82, 549
82, 548
83, 547
84, 546
84, 545
84, 544
85, 543
86, 542
87, 541
87, 540
88, 539
89, 539
90, 540
91, 540
92, 540
93, 539
93, 538
93, 537
92, 536
91, 536
90, 536
90, 535
90, 534
91, 533
92, 532
92, 531
93, 530
93, 529
94, 528
94, 527
95, 527
95, 528
94, 528
93, 529
93, 530
93, 531
94, 532
95, 532
96, 532
97, 531
97, 530
97, 529
98, 529
99, 528
100, 527
100, 526
100, 525
101, 525
102, 525
103, 524
103, 523
103, 522
102, 521
101, 520
100, 520
99, 520
98, 521
99, 520
100, 520
101, 519
101, 518
102, 517
102, 516
103, 515
103, 514
104, 514
105, 513
106, 512
106, 511
107, 511
108, 512
109, 512
110, 512
111, 511
112, 511
113, 511
114, 510
115, 510
116, 509
116, 508
117, 508
118, 508
119, 507
119, 506
119, 505
119, 504
119, 503
120, 503
121, 503
122, 502
123, 501
123, 500
123, 499
122, 498
121, 498
120, 498
119, 499
118, 500
118, 501
117, 501
118, 500
119, 499
120, 498
121, 498
122, 497
123, 496
124, 496
125, 495
126, 494
127, 494
128, 493
127, 494
127, 495
127, 496
128, 497
129, 497
130, 497
131, 496
132, 495
132, 494
132, 493
131, 492
130, 492
131, 491
132, 491
133, 490
134, 490
135, 489
136, 488
137, 488
138, 487
139, 487
140, 486
141, 486
142, 485
143, 484
144, 484
145, 483
146, 482
147, 482
148, 481
149, 481
150, 480
151, 479
152, 478
153, 477
154, 477
155, 477
156, 476
156, 475
157, 475
158, 474
159, 473
160, 473
161, 472
162, 471
162, 470
163, 470
164, 469
165, 468
166, 467
167, 467
168, 466
169, 465
170, 464
171, 463
172, 463
173, 462
174, 461
175, 460
176, 459
177, 458
178, 457
179, 456
180, 456
181, 455
182, 454
183, 453
184, 452
185, 451
186, 451
187, 450
187, 449
188, 448
189, 448
190, 447
191, 446
191, 445
192, 444
193, 443
194, 443
195, 442
195, 441
196, 440
197, 439
197, 438
198, 438
199, 437
200, 436
200, 435
201, 435
202, 434
202, 433
203, 432
204, 431
205, 431
206, 430
206, 429
207, 429
208, 429
209, 429
210, 428
210, 427
210, 426
209, 425
208, 425
209, 425
210, 424
211, 423
211, 422
212, 421
212, 422
213, 423
214, 423
215, 423
216, 423
217, 423
218, 422
218, 421
218, 420
218, 419
217, 418
216, 418
215, 418
214, 419
213, 419
214, 418
215, 418
216, 417
216, 416
216, 415
216, 414
217, 413
218, 412
218, 411
219, 411
220, 410
220, 409
220, 408
221, 408
222, 407
222, 408
223, 409
224, 410
225, 410
226, 410
227, 409
227, 408
227, 407
227, 406
226, 405
225, 405
224, 405
223, 405
224, 404
224, 403
225, 403
226, 402
226, 401
227, 402
228, 402
227, 402
226, 403
226, 404
226, 405
227, 406
228, 406
229, 406
230, 405
230, 404
230, 403
231, 403
232, 402
232, 401
232, 400
231, 399
230, 399
229, 398
230, 398
231, 398
232, 398
233, 397
233, 396
233, 395
232, 394
232, 393
232, 392
233, 391
234, 390
235, 390
236, 389
237, 389
238, 389
239, 390
240, 391
241, 391
242, 391
243, 390
243, 389
244, 388
244, 387
245, 386
245, 385
245, 384
246, 383
247, 382
247, 381
247, 380
247, 379
247, 378
247, 377
248, 377
249, 376
249, 375
249, 374
250, 374
251, 373
251, 372
251, 371
250, 370
249, 370
248, 370
247, 371
247, 372
247, 371
247, 370
247, 369
248, 368
248, 367
249, 367
250, 366
250, 365
250, 364
250, 363
249, 362
248, 362
247, 361
246, 361
247, 360
247, 359
247, 358
248, 357
248, 356
248, 355
247, 354
247, 353
247, 352
247, 351
246, 350
246, 349
246, 348
246, 347
246, 346
246, 345
246, 344
246, 343
246, 342
246, 341
246, 340
246, 339
246, 338
246, 337
246, 336
247, 336
248, 335
248, 334
248, 333
248, 332
248, 331
248, 330
247, 329
247, 328
247, 327
247, 326
247, 325
247, 324
247, 323
247, 322
247, 321
248, 320
248, 319
248, 318
248, 317
247, 316
248, 315
248, 314
248, 313
248, 312
247, 311
246, 311
247, 310
247, 309
247, 308
247, 307
248, 306
248, 305
248, 304
248, 303
248, 302
248, 301
248, 300
248, 299
248, 298
248, 297
249, 296
249, 295
249, 294
249, 293
249, 292
249, 291
249, 290
249, 289
249, 288
248, 287
248, 286
248, 285
248, 284
249, 283
249, 282
249, 281
249, 280
248, 279
248, 278
248, 277
248, 276
248, 275
248, 274
248, 273
248, 272
248, 271
248, 270
248, 269
249, 268
249, 267
249, 266
249, 265
249, 264
249, 263
249, 262
249, 261
249, 260
249, 259
250, 258
250, 257
250, 256
250, 255
249, 254
249, 253
248, 252
248, 251
249, 250
249, 249
249, 248
249, 247
249, 246
249, 245
249, 244
249, 243
249, 242
250, 241
251, 241
252, 240
252, 239
252, 238
252, 237
251, 236
250, 236
249, 236
249, 235
249, 234
249, 233
249, 232
250, 231
250, 230
250, 229
249, 228
250, 227
250, 226
250, 225
249, 224
250, 223
250, 222
250, 221
250, 220
250, 219
250, 218
250, 217
250, 216
250, 215
250, 214
251, 214
252, 213
252, 212
252, 211
252, 210
252, 209
252, 208
253, 207
254, 208
255, 208
256, 208
257, 207
258, 206
258, 205
258, 204
258, 203
258, 202
258, 201
259, 200
259, 199
259, 198
259, 197
259, 196
259, 195
259, 194
259, 193
259, 192
259, 191
259, 190
260, 189
260, 188
260, 187
260, 186
260, 185
260, 184
260, 183
260, 182
261, 181
261, 180
261, 179
262, 179
263, 179
264, 180
265, 181
266, 181
267, 181
267, 182
267, 183
267, 184
267, 185
267, 186
267, 187
267, 188
267, 189
267, 190
268, 191
268, 192
269, 193
269, 194
270, 195
270, 196
271, 197
272, 197
273, 197
274, 197
275, 197
276, 197
277, 197
276, 198
276, 199
276, 200
277, 201
278, 201
278, 202
278, 203
279, 204
278, 205
278, 206
278, 207
279, 208
279, 209
279, 210
279, 211
279, 212
279, 213
280, 214
280, 215
280, 216
280, 217
281, 218
281, 219
281, 220
282, 221
281, 222
281, 223
281, 224
282, 225
282, 226
282, 227
282, 228
282, 229
282, 230
282, 231
283, 232
283, 233
284, 234
284, 235
284, 236
284, 237
284, 238
284, 239
284, 240
283, 241
283, 242
283, 243
284, 244
285, 245
285, 246
285, 247
285, 248
286, 249
285, 250
285, 251
285, 252
285, 253
285, 254
285, 255
286, 256
287, 257
287, 258
287, 259
287, 260
287, 261
287, 262
288, 263
288, 264
288, 265
288, 266
288, 267
289, 268
290, 269
290, 270
291, 271
292, 272
293, 273
294, 273
295, 273
296, 272
297, 272
298, 272
299, 271
299, 270
299, 269
300, 268
300, 267
301, 266
301, 265
302, 265
303, 264
303, 263
303, 262
304, 261
304, 260
305, 259
305, 258
305, 257
306, 256
306, 255
307, 254
307, 253
308, 252
308, 251
309, 250
309, 249
310, 248
310, 247
311, 246
311, 245
311, 244
312, 243
312, 242
312, 241
313, 240
314, 239
314, 238
314, 237
315, 237
316, 236
316, 235
316, 234
316, 233
317, 232
318, 231
319, 230
319, 229
319, 228
319, 227
320, 227
321, 226
321, 225
321, 224
321, 223
321, 222
321, 221
322, 220
322, 219
323, 218
324, 217
324, 216
324, 215
325, 214
326, 213
326, 212
326, 211
327, 210
327, 209
327, 208
328, 207
329, 206
329, 205
330, 204
330, 203
331, 203
332, 203
333, 203
334, 202
334, 201
335, 200
335, 199
336, 198
336, 197
336, 196
337, 195
337, 194
337, 193
338, 192
339, 191
339, 190
339, 189
340, 188
341, 187
342, 186
343, 186
344, 187
345, 188
345, 189
345, 190
345, 191
346, 192
347, 192
346, 193
346, 194
346, 195
346, 196
345, 197
345, 198
345, 199
345, 200
345, 201
345, 202
344, 203
344, 204
344, 205
344, 206
345, 207
346, 207
347, 207
348, 207
349, 206
349, 205
349, 204
350, 204
351, 203
352, 203
353, 203
353, 204
353, 205
353, 206
354, 207
354, 208
354, 209
354, 210
353, 211
352, 212
352, 213
352, 214
352, 215
352, 216
351, 217
350, 218
350, 219
350, 220
350, 221
350, 222
349, 223
349, 224
349, 225
349, 226
348, 227
348, 228
348, 229
348, 230
348, 231
347, 231
346, 232
346, 233
346, 234
346, 235
346, 236
346, 237
346, 238
345, 239
345, 240
344, 241
344, 242
344, 243
344, 244
344, 245
343, 246
342, 247
342, 248
341, 249
341, 250
341, 251
341, 252
341, 253
341, 254
341, 255
340, 255
339, 256
339, 257
339, 258
340, 259
340, 260
339, 260
338, 261
338, 262
338, 263
338, 264
337, 265
337, 266
337, 267
337, 268
337, 269
336, 270
336, 271
336, 272
336, 273
336, 274
336, 275
336, 276
336, 277
335, 277
334, 278
334, 279
333, 280
333, 281
333, 282
333, 283
332, 284
332, 285
332, 286
332, 287
331, 288
331, 289
331, 290
331, 291
330, 292
330, 293
330, 294
330, 295
329, 296
328, 297
328, 298
328, 299
328, 300
327, 301
326, 302
326, 303
326, 304
326, 305
326, 306
326, 307
325, 308
324, 309
324, 310
324, 311
324, 312
324, 313
324, 314
323, 315
323, 316
322, 317
322, 318
322, 319
321, 320
321, 321
321, 322
321, 323
321, 324
321, 325
320, 326
320, 327
320, 328
320, 329
319, 329
318, 330
317, 331
317, 332
317, 333
318, 334
318, 335
318, 336
318, 337
317, 337
316, 338
316, 339
316, 340
316, 341
316, 342
315, 343
315, 344
315, 345
315, 346
314, 347
314, 348
314, 349
314, 350
313, 350
312, 351
312, 352
312, 353
312, 354
312, 355
311, 356
311, 357
311, 358
310, 359
309, 360
309, 361
309, 362
310, 363
309, 364
309, 365
309, 366
308, 366
307, 367
307, 368
307, 369
307, 370
307, 371
307, 372
307, 373
306, 373
305, 373
304, 374
304, 375
304, 376
305, 377
306, 377
305, 377
304, 378
304, 379
304, 380
305, 381
306, 381
306, 382
306, 383
306, 384
306, 385
306, 386
307, 387
307, 388
307, 389
307, 390
307, 391
307, 392
307, 393
308, 394
308, 395
308, 396
308, 397
308, 398
309, 399
309, 400
309, 401
310, 402
311, 403
311, 404
312, 405
313, 406
314, 407
315, 408
316, 408
316, 409
317, 410
318, 411
318, 412
319, 413
320, 414
320, 415
321, 416
321, 417
321, 418
321, 419
321, 420
322, 421
322, 422
322, 423
322, 424
323, 425
324, 426
325, 427
325, 428
325, 429
325, 430
325, 431
325, 432
325, 433
326, 434
327, 434
327, 435
327, 436
327, 437
327, 438
327, 439
328, 440
329, 441
329, 442
329, 443
329, 444
330, 445
331, 446
331, 447
331, 448
332, 449
333, 450
334, 451
335, 452
335, 453
335, 454
335, 455
336, 456
336, 457
337, 458
337, 459
337, 460
337, 461
338, 462
339, 463
339, 464
340, 465
341, 466
342, 467
342, 468
342, 469
343, 470
343, 471
343, 472
343, 473
344, 474
345, 475
346, 475
346, 476
346, 477
347, 478
348, 479
348, 480
349, 481
350, 481
350, 482
350, 483
351, 484
352, 485
353, 486
354, 487
355, 488
355, 489
355, 490
356, 491
357, 492
358, 493
358, 494
359, 495
360, 496
361, 497
361, 498
362, 499
363, 500
364, 501
364, 502
365, 503
366, 503
367, 503
367, 504
368, 505
369, 506
370, 506
370, 507
371, 508
372, 509
372, 510
373, 511
374, 511
375, 512
375, 513
376, 514
377, 514
378, 515
378, 516
379, 517
380, 518
381, 518
381, 519
382, 520
383, 521
384, 522
384, 523
385, 524
386, 525
387, 526
388, 527
389, 528
390, 529
390, 530
391, 531
392, 531
393, 532
394, 533
394, 534
394, 535
394, 536
395, 537
396, 537
396, 538
396, 539
396, 540
397, 541
398, 541
399, 541
400, 541
400, 542
400, 543
400, 544
401, 545
402, 545
403, 545
403, 546
404, 547
404, 548
404, 549
405, 550
406, 550
406, 551
406, 552
406, 553
407, 554
407, 555
407, 556
408, 557
409, 558
409, 559
409, 560
410, 561
411, 562
412, 563
412, 564
411, 565
411, 566
411, 567
412, 568
412, 569
413, 570
414, 571
414, 572
414, 573
414, 574
415, 575
415, 576
416, 577
415, 578
415, 579
415, 580
416, 581
416, 582
415, 583
415, 584
415, 585
415, 586
415, 587
415, 588
416, 589
415, 589
414, 590
414, 591
414, 592
415, 593
415, 594
415, 595
415, 596
415, 597
414, 598
414, 599
414, 600
414, 601
414, 602
414, 603
413, 604
413, 605
413, 606
412, 607
412, 608
412, 609
412, 610
411, 610
410, 611
410, 612
409, 613
408, 614
408, 615
408, 616
407, 617
407, 618
407, 619
406, 620
405, 620
404, 621
404, 622
404, 623
403, 624
402, 624
401, 625
400, 626
400, 627
399, 627
398, 628
397, 628
396, 629
395, 630
395, 631
394, 632
393, 632
392, 633
391, 634
390, 635
389, 635
388, 635
387, 635
386, 636
385, 637
384, 637
383, 637
382, 638
381, 638
380, 638
379, 639
378, 639
377, 640
376, 640
375, 640
374, 640
373, 640
372, 640
371, 641
370, 641
369, 641
368, 641
367, 641
366, 641
365, 641
364, 642
363, 641
362, 641
361, 641
360, 641
359, 641
358, 641
357, 642
356, 642
355, 641
354, 641
353, 641
352, 641
351, 641
350, 641
349, 641
348, 641
347, 640
346, 640
345, 640
344, 640
343, 640
342, 640
341, 639
340, 639
339, 639
338, 639
337, 638
336, 638
335, 637
334, 637
333, 637
332, 637
331, 636
331, 635
330, 634
329, 634
328, 634
327, 633
326, 633
325, 632
324, 632
323, 631
322, 631
321, 630
320, 629
319, 628
318, 628
317, 628
316, 628
316, 627
315, 626
314, 626
313, 626
313, 625
312, 624
311, 623
310, 622
309, 622
309, 621
308, 620
308, 619
307, 618
306, 618
306, 617
305, 616
304, 615
303, 615
302, 615
302, 614
302, 613
302, 612
301, 611
300, 611
299, 610
298, 610
297, 609
297, 608
296, 607
295, 607
294, 607
294, 606
294, 605
293, 604
292, 603
291, 602
290, 601
289, 601
289, 600
288, 599
287, 599
286, 599
286, 598
286, 597
286, 596
285, 595
284, 595
283, 595
282, 596
282, 595
281, 594
280, 594
280, 593
280, 592
280, 591
279, 590
279, 589
280, 588
280, 587
280, 586
279, 585
278, 584
278, 583
278, 582
278, 581
278, 580
279, 580
280, 579
280, 578
280, 577
280, 576
281, 576
282, 575
282, 574
282, 573
282, 572
283, 572
284, 572
285, 571
286, 571
287, 571
288, 570
288, 569
288, 568
288, 567
288, 566
287, 565
286, 565
287, 564
288, 563
289, 562
289, 561
289, 560
289, 559
290, 558
291, 557
292, 556
293, 555
293, 554
293, 553
292, 552
292, 551
292, 550
292, 549
292, 548
292, 547
293, 547
294, 546
294, 545
295, 545
296, 544
296, 543
296, 542
295, 541
294, 541
295, 541
296, 540
296, 539
296, 538
295, 537
294, 537
294, 536
294, 535
294, 534
295, 533
295, 532
295, 531
296, 531
297, 531
298, 530
298, 529
298, 528
297, 527
296, 527
295, 526
295, 525
295, 524
295, 523
294, 522
294, 521
294, 520
294, 519
294, 518
294, 517
294, 516
294, 515
294, 514
294, 513
294, 512
294, 511
293, 510
293, 509
293, 508
293, 507
293, 506
293, 505
292, 504
292, 503
292, 502
292, 501
292, 500
292, 499
292, 498
292, 497
292, 496
291, 495
290, 495
290, 494
290, 493
289, 492
288, 492
288, 491
288, 490
288, 489
288, 488
288, 487
288, 486
288, 485
288, 484
287, 483
287, 482
286, 481
286, 480
286, 479
285, 478
285, 477
285, 476
284, 475
284, 474
284, 473
284, 472
283, 471
283, 470
282, 469
282, 468
282, 467
281, 466
281, 465
282, 464
282, 463
282, 462
281, 461
280, 460
280, 459
280, 458
279, 457
278, 457
278, 456
278, 455
277, 454
276, 453
275, 453
276, 453
277, 452
277, 451
277, 450
276, 449
275, 449
274, 449
274, 448
274, 447
273, 446
272, 446
272, 445
271, 444
270, 443
270, 442
269, 441
268, 441
267, 441
266, 442
265, 442
264, 442
263, 442
262, 442
261, 443
260, 444
259, 444
258, 444
257, 444
256, 445
255, 445
254, 446
254, 447
254, 448
253, 449
253, 450
252, 451
251, 451
250, 452
249, 453
248, 454
248, 455
247, 456
246, 457
245, 458
245, 459
244, 460
244, 461
243, 461
242, 462
242, 463
242, 464
241, 465
241, 466
240, 467
239, 468
238, 469
237, 470
237, 471
236, 472
235, 473
234, 474
234, 475
234, 476
233, 477
232, 478
232, 479
231, 479
230, 480
230, 481
230, 482
230, 483
229, 483
228, 484
227, 485
227, 486
227, 487
226, 488
226, 489
225, 490
224, 491
224, 492
224, 493
223, 493
222, 493
221, 494
221, 495
221, 496
222, 497
221, 498
221, 499
220, 500
219, 501
219, 502
218, 503
218, 504
217, 504
216, 505
216, 506
216, 507
216, 508
216, 509
216, 510
217, 511
217, 512
216, 512
215, 512
214, 513
214, 514
214, 515
214, 516
214, 517
214, 518
214, 519
213, 519
212, 520
212, 521
212, 522
213, 523
213, 524
212, 525
212, 526
212, 527
212, 528
212, 529
212, 530
212, 531
212, 532
212, 533
212, 534
212, 535
212, 536
212, 537
212, 538
212, 539
212, 540
211, 541
210, 542
210, 543
210, 544
211, 545
212, 545
212, 546
212, 547
212, 548
211, 549
211, 550
210, 551
210, 552
210, 553
210, 554
210, 555
210, 556
210, 557
211, 558
211, 559
211, 560
211, 561
211, 562
211, 563
211, 564
212, 565
212, 566
212, 567
212, 568
212, 569
212, 570
213, 571
214, 572
214, 573
214, 574
213, 575
213, 576
213, 577
213, 578
213, 579
213, 580
212, 581
212, 582
212, 583
212, 584
211, 585
211, 586
211, 587
210, 587
209, 588
208, 588
207, 589
206, 590
206, 591
205, 592
204, 591
203, 591
202, 591
201, 592
200, 592
199, 592
198, 593
197, 593
196, 593
195, 593
194, 594
193, 594
192, 595
191, 596
190, 597
189, 598
189, 599
188, 599
187, 599
186, 600
185, 600
184, 601
183, 602
182, 603
182, 604
182, 605
181, 605
180, 605
179, 605
178, 605
177, 605
176, 606
176, 607
175, 608
175, 609
174, 609
173, 609
172, 609
171, 609
170, 610
170, 611
169, 611
168, 611
167, 612
167, 613
166, 613
165, 613
164, 614
164, 615
163, 615
162, 615
161, 615
160, 616
159, 616
158, 617
157, 617
156, 618
155, 618
154, 618
153, 619
152, 618
151, 617
150, 617
149, 617
148, 618
148, 619
147, 619
146, 619
145, 619
144, 620
143, 620
142, 620
141, 621
140, 621
139, 621
138, 621
137, 621
136, 621
135, 621
134, 621
133, 621
132, 620
131, 620
130, 620
129, 620
128, 620
127, 620
126, 620
125, 620
124, 620
123, 620
122, 620
121, 619
120, 619
119, 619
118, 619
117, 618
116, 618
115, 618
114, 618
113, 617
112, 617
111, 616
110, 616
109, 616
108, 616
107, 615
106, 615
105, 614
104, 614
103, 613
102, 612
101, 611
100, 611
99, 611
98, 611
97, 611
96, 611
95, 610
94, 610
93, 609
92, 609
92, 608
92, 607
91, 606
90, 606
90, 605
90, 604
90, 603
89, 602
88, 602
87, 602
86, 602
86, 601
86, 600
85, 599
84, 599
83, 598
82, 597
82, 596
83, 596
84, 595
84, 594
84, 593
83, 592
82, 592
82, 591
82, 590
82, 589
82, 588
81, 587
80, 587
79, 587
78, 588
78, 589
78, 588
78, 587
79, 586
79, 585
79, 584
79, 583
79, 582
78, 581
78, 580
78, 579
78, 578
78, 577
78, 576
78, 575
78, 574
78, 573
78, 572
78, 571
78, 570
78, 569
78, 568
79, 568
80, 567
80, 566
80, 565
79, 564
79, 563
78, 562
