88, 560
89, 560
90, 559
90, 558
91, 557
91, 556
91, 555
91, 554
91, 553
91, 552
92, 551
92, 550
92, 549
93, 548
93, 547
93, 546
94, 545
94, 544
94, 543
95, 542
95, 541
96, 540
96, 539
96, 538
97, 537
97, 536
97, 535
98, 534
99, 533
99, 532
99, 531
99, 530
100, 529
101, 528
102, 527
102, 526
103, 525
103, 524
103, 523
104, 522
104, 521
104, 520
104, 519
105, 518
106, 517
106, 516
107, 515
108, 514
108, 513
109, 512
109, 511
110, 511
111, 510
111, 509
111, 508
112, 507
113, 506
114, 505
114, 504
114, 503
115, 502
116, 501
117, 500
117, 499
118, 498
119, 497
120, 496
121, 495
121, 494
122, 493
123, 492
124, 491
124, 490
125, 489
126, 488
127, 487
128, 486
129, 485
130, 484
131, 483
132, 482
133, 481
134, 480
134, 479
135, 479
136, 478
137, 477
138, 476
139, 475
140, 475
141, 474
142, 473
143, 472
144, 471
145, 470
146, 470
147, 469
147, 468
148, 468
149, 467
150, 466
151, 465
152, 464
153, 463
154, 463
155, 462
156, 461
157, 461
158, 460
159, 460
160, 459
161, 458
162, 457
163, 457
164, 457
165, 456
166, 455
167, 455
168, 454
169, 454
170, 453
171, 452
172, 452
173, 451
174, 451
175, 450
176, 449
177, 449
178, 449
179, 448
180, 448
181, 447
182, 447
183, 446
184, 446
185, 445
186, 445
187, 445
188, 444
189, 444
190, 443
191, 443
192, 442
193, 442
194, 441
195, 441
196, 441
197, 440
198, 440
199, 439
200, 439
201, 439
202, 439
203, 438
204, 438
205, 438
206, 437
207, 436
207, 435
208, 434
208, 433
208, 432
208, 431
208, 430
208, 429
208, 428
208, 427
208, 426
209, 425
209, 424
209, 423
209, 422
209, 421
209, 420
209, 419
209, 418
209, 417
209, 416
210, 415
210, 414
210, 413
210, 412
210, 411
210, 410
210, 409
210, 408
211, 407
211, 406
211, 405
211, 404
211, 403
211, 402
211, 401
211, 400
211, 399
211, 398
212, 397
212, 396
212, 395
212, 394
212, 393
212, 392
212, 391
213, 390
213, 389
213, 388
213, 387
214, 386
214, 385
214, 384
214, 383
213, 382
213, 381
212, 380
212, 379
212, 378
212, 377
212, 376
212, 375
212, 374
212, 373
211, 372
210, 371
210, 370
210, 369
209, 368
208, 367
208, 366
208, 365
207, 364
207, 363
206, 362
206, 361
205, 360
204, 359
204, 358
204, 357
204, 356
204, 355
203, 354
203, 353
204, 352
204, 351
204, 350
204, 349
204, 348
204, 347
204, 346
204, 345
203, 344
203, 343
202, 342
202, 341
202, 340
201, 339
200, 338
200, 337
200, 336
199, 335
199, 334
198, 333
197, 332
197, 331
197, 330
196, 329
196, 328
195, 327
195, 326
195, 325
194, 324
194, 323
193, 322
193, 321
192, 320
192, 319
192, 318
191, 317
191, 316
190, 315
190, 314
189, 313
189, 312
188, 311
188, 310
188, 309
187, 308
187, 307
186, 306
186, 305
186, 304
185, 303
184, 302
184, 301
184, 300
183, 299
183, 298
182, 297
182, 296
182, 295
181, 294
181, 293
180, 292
180, 291
179, 290
179, 289
179, 288
178, 287
178, 286
177, 285
177, 284
177, 283
176, 282
176, 281
176, 280
175, 279
175, 278
174, 277
174, 276
173, 275
173, 274
172, 273
172, 272
172, 271
172, 270
171, 269
171, 268
170, 267
170, 266
170, 265
169, 264
169, 263
168, 262
168, 261
168, 260
167, 259
167, 258
167, 257
166, 256
166, 255
166, 254
165, 253
165, 252
164, 251
164, 250
164, 249
163, 248
163, 247
163, 246
162, 245
162, 244
162, 243
161, 242
161, 241
161, 240
160, 239
160, 238
159, 237
159, 236
159, 235
159, 234
158, 233
158, 232
158, 231
157, 230
157, 229
157, 228
156, 227
156, 226
156, 225
155, 224
155, 223
155, 222
154, 221
154, 220
154, 219
153, 218
153, 217
153, 216
152, 215
152, 214
152, 213
151, 212
151, 211
151, 210
151, 209
150, 208
150, 207
150, 206
150, 205
150, 204
150, 203
150, 202
150, 201
149, 200
149, 199
148, 198
148, 197
148, 196
148, 195
147, 194
147, 193
147, 192
146, 191
146, 190
146, 189
146, 188
145, 187
144, 186
143, 186
142, 185
141, 185
140, 184
141, 183
141, 182
141, 181
141, 180
142, 179
142, 178
142, 177
142, 176
142, 175
142, 174
142, 173
143, 172
143, 171
143, 170
144, 169
145, 168
146, 167
147, 166
148, 165
149, 165
150, 165
151, 165
152, 166
153, 167
154, 168
155, 169
155, 170
156, 171
157, 172
157, 173
158, 174
159, 175
159, 176
160, 177
161, 178
161, 179
162, 180
162, 181
163, 182
164, 183
164, 184
165, 185
165, 186
166, 187
167, 188
167, 189
168, 190
169, 191
169, 192
170, 193
170, 194
171, 195
172, 196
172, 197
173, 198
173, 199
174, 200
175, 201
175, 202
176, 203
176, 204
177, 205
178, 206
178, 207
179, 208
179, 209
180, 210
181, 211
181, 212
182, 213
183, 214
183, 215
184, 216
184, 217
185, 218
186, 219
186, 220
187, 221
187, 222
188, 223
189, 224
189, 225
190, 226
191, 227
191, 228
192, 229
192, 230
193, 231
193, 232
194, 233
195, 234
195, 235
196, 236
197, 237
197, 238
198, 239
198, 240
199, 241
200, 242
200, 243
201, 244
202, 245
202, 246
203, 247
203, 248
204, 249
205, 250
205, 251
206, 252
207, 253
207, 254
207, 255
208, 256
209, 257
209, 258
210, 259
211, 260
211, 261
212, 262
213, 263
213, 264
214, 265
214, 266
215, 267
215, 268
216, 269
217, 270
217, 271
218, 272
219, 273
219, 274
220, 275
220, 276
221, 277
221, 278
222, 279
223, 280
223, 281
224, 282
225, 283
225, 284
226, 285
226, 286
227, 287
228, 288
228, 289
229, 290
230, 291
230, 292
231, 293
231, 294
232, 295
233, 296
234, 297
235, 297
236, 297
237, 297
238, 296
239, 296
240, 295
240, 294
241, 293
242, 292
243, 292
244, 293
244, 294
244, 295
244, 296
245, 297
246, 297
246, 298
247, 299
248, 299
249, 299
250, 298
250, 297
250, 296
251, 295
251, 294
252, 293
253, 292
253, 291
253, 290
253, 289
253, 288
252, 287
252, 286
252, 285
252, 284
252, 283
253, 283
254, 282
254, 281
255, 280
255, 279
255, 278
256, 277
256, 276
256, 275
256, 274
257, 273
258, 272
258, 271
258, 270
258, 269
258, 268
258, 267
258, 266
259, 265
260, 264
260, 263
260, 262
260, 261
260, 260
260, 259
260, 258
261, 257
262, 256
262, 255
262, 254
262, 253
262, 252
262, 251
262, 250
262, 249
262, 248
263, 248
264, 247
264, 246
264, 245
265, 244
265, 243
266, 242
267, 241
267, 240
267, 239
267, 238
266, 237
266, 236
266, 235
266, 234
266, 233
267, 232
268, 231
268, 230
269, 229
269, 228
269, 227
270, 226
270, 225
270, 224
270, 223
271, 222
272, 221
272, 220
272, 219
272, 218
272, 217
272, 216
272, 215
273, 215
274, 214
274, 213
274, 212
274, 211
274, 210
274, 209
274, 208
275, 207
276, 206
276, 205
276, 204
276, 203
276, 202
276, 201
276, 200
276, 199
276, 198
276, 197
277, 197
278, 196
278, 195
278, 194
279, 193
279, 192
280, 191
280, 190
280, 189
280, 188
280, 187
280, 186
280, 185
280, 184
280, 183
280, 182
281, 181
282, 180
282, 179
283, 178
283, 177
283, 176
284, 175
285, 174
285, 173
286, 172
287, 172
288, 171
289, 170
290, 170
291, 169
292, 169
293, 169
294, 170
295, 170
296, 171
297, 172
297, 173
298, 174
298, 175
298, 176
299, 177
298, 178
298, 179
297, 180
297, 181
296, 182
296, 183
295, 184
295, 185
295, 186
295, 187
295, 188
295, 189
295, 190
294, 191
294, 192
294, 193
294, 194
294, 195
294, 196
294, 197
294, 198
294, 199
294, 200
295, 201
295, 202
295, 203
295, 204
295, 205
295, 206
296, 207
296, 208
296, 209
296, 210
296, 211
297, 212
297, 213
297, 214
297, 215
297, 216
298, 217
298, 218
298, 219
298, 220
298, 221
298, 222
298, 223
298, 224
298, 225
298, 226
298, 227
298, 228
298, 229
298, 230
298, 231
298, 232
298, 233
298, 234
298, 235
298, 236
298, 237
298, 238
298, 239
298, 240
298, 241
297, 242
297, 243
297, 244
297, 245
297, 246
297, 247
297, 248
297, 249
297, 250
297, 251
297, 252
297, 253
297, 254
297, 255
297, 256
297, 257
297, 258
297, 259
297, 260
297, 261
297, 262
297, 263
297, 264
297, 265
297, 266
297, 267
296, 268
296, 269
296, 270
296, 271
296, 272
296, 273
296, 274
296, 275
296, 276
296, 277
296, 278
295, 279
295, 280
295, 281
295, 282
295, 283
295, 284
295, 285
295, 286
295, 287
295, 288
295, 289
295, 290
295, 291
295, 292
294, 293
294, 294
294, 295
294, 296
294, 297
294, 298
294, 299
293, 300
293, 301
293, 302
293, 303
293, 304
293, 305
293, 306
293, 307
293, 308
293, 309
293, 310
293, 311
293, 312
292, 313
292, 314
292, 315
292, 316
292, 317
292, 318
291, 319
291, 320
291, 321
291, 322
291, 323
291, 324
291, 325
291, 326
291, 327
291, 328
290, 329
290, 330
290, 331
290, 332
289, 333
289, 334
289, 335
289, 336
289, 337
289, 338
289, 339
289, 340
289, 341
289, 342
288, 343
288, 344
288, 345
287, 346
286, 347
286, 348
286, 349
287, 350
287, 351
288, 352
288, 353
288, 354
288, 355
287, 356
287, 357
287, 358
287, 359
287, 360
287, 361
287, 362
287, 363
287, 364
287, 365
287, 366
288, 367
288, 368
289, 369
289, 370
289, 371
290, 372
290, 373
291, 374
291, 375
292, 376
292, 377
293, 378
293, 379
294, 380
294, 381
295, 382
295, 383
295, 384
296, 385
296, 386
297, 387
297, 388
298, 389
298, 390
298, 391
299, 392
299, 393
300, 394
300, 395
301, 396
301, 397
302, 398
302, 399
302, 400
303, 401
303, 402
304, 403
304, 404
304, 405
305, 406
305, 407
306, 408
306, 409
307, 410
307, 411
307, 412
308, 413
308, 414
309, 415
309, 416
309, 417
310, 418
310, 419
310, 420
311, 421
311, 422
311, 423
312, 424
312, 425
313, 426
313, 427
313, 428
314, 429
314, 430
315, 431
316, 432
317, 432
318, 433
319, 433
320, 433
321, 434
322, 434
323, 434
324, 435
325, 435
326, 435
327, 436
328, 436
329, 436
330, 437
331, 437
332, 437
333, 438
334, 438
335, 438
336, 439
337, 439
338, 440
339, 440
340, 441
341, 441
342, 441
343, 442
344, 442
345, 443
346, 443
347, 443
348, 444
349, 444
350, 445
351, 445
352, 446
353, 446
354, 446
355, 447
356, 447
357, 448
358, 448
359, 449
360, 449
361, 450
362, 450
363, 451
364, 451
365, 452
366, 452
367, 453
368, 453
369, 454
370, 454
371, 455
372, 455
373, 456
374, 456
375, 457
376, 458
377, 458
378, 459
379, 460
380, 460
381, 461
382, 461
383, 462
384, 463
385, 463
386, 464
387, 465
388, 465
389, 466
390, 466
391, 467
392, 468
393, 468
394, 469
395, 470
396, 471
397, 471
398, 472
399, 473
400, 474
401, 474
402, 475
403, 476
404, 476
405, 477
406, 478
407, 479
408, 480
409, 480
410, 481
411, 482
412, 483
413, 484
414, 485
415, 486
416, 486
417, 487
418, 488
419, 489
420, 490
421, 491
422, 492
423, 493
424, 494
425, 495
426, 496
427, 497
428, 498
429, 499
430, 500
431, 501
431, 502
432, 503
433, 504
434, 504
435, 505
436, 506
437, 507
437, 508
438, 509
439, 510
440, 511
440, 512
441, 513
442, 514
443, 515
444, 516
444, 517
445, 518
446, 519
447, 520
448, 521
448, 522
448, 523
449, 524
450, 524
451, 525
451, 526
452, 527
452, 528
453, 529
454, 529
454, 530
455, 531
455, 532
456, 533
457, 534
457, 535
458, 536
459, 537
459, 538
460, 539
460, 540
461, 541
462, 542
462, 543
463, 544
463, 545
464, 546
464, 547
465, 548
465, 549
465, 550
465, 551
465, 552
465, 553
465, 554
465, 555
464, 556
464, 557
464, 558
463, 559
463, 560
462, 561
462, 562
462, 563
461, 564
460, 565
459, 566
459, 567
458, 568
457, 569
457, 570
456, 571
455, 572
455, 573
454, 574
453, 575
452, 576
452, 577
451, 578
450, 579
449, 580
448, 581
447, 582
447, 583
446, 584
445, 585
444, 586
443, 587
442, 588
441, 589
440, 590
439, 591
439, 592
438, 593
437, 594
436, 595
435, 596
434, 597
433, 598
432, 599
431, 599
430, 600
429, 601
428, 602
427, 603
426, 604
425, 605
424, 606
423, 607
422, 608
421, 609
420, 610
419, 610
418, 611
417, 612
416, 613
415, 613
414, 614
413, 615
412, 616
411, 617
410, 617
409, 618
408, 619
407, 619
406, 620
405, 621
404, 621
403, 622
402, 623
401, 624
400, 624
399, 624
398, 625
397, 625
396, 626
395, 626
394, 626
393, 626
392, 626
391, 626
390, 625
389, 625
388, 625
387, 625
386, 624
385, 623
384, 623
383, 623
382, 622
382, 621
381, 620
380, 619
379, 619
378, 618
377, 617
377, 616
376, 615
375, 614
375, 613
374, 612
373, 611
373, 610
372, 609
372, 608
371, 607
371, 606
370, 605
369, 604
369, 603
368, 602
368, 601
368, 600
368, 599
367, 598
366, 597
366, 596
366, 595
365, 594
364, 593
364, 592
364, 591
364, 590
363, 589
362, 589
362, 588
362, 587
361, 586
361, 585
360, 584
360, 583
359, 582
359, 581
358, 580
358, 579
358, 578
357, 577
356, 576
356, 575
356, 574
356, 573
355, 572
354, 571
354, 570
354, 569
353, 568
352, 567
352, 566
352, 565
351, 564
350, 563
350, 562
350, 561
349, 560
348, 559
348, 558
348, 557
347, 556
346, 556
345, 556
344, 555
343, 555
342, 555
341, 555
340, 555
339, 554
338, 553
337, 552
336, 551
335, 550
334, 550
333, 549
333, 548
332, 547
331, 547
330, 546
329, 545
328, 544
327, 544
326, 544
325, 544
324, 544
324, 543
323, 542
322, 541
321, 541
320, 540
319, 539
318, 538
318, 537
317, 536
316, 536
315, 535
315, 534
314, 533
313, 533
313, 532
312, 531
311, 531
310, 530
309, 529
309, 528
308, 527
307, 526
306, 526
306, 525
305, 524
304, 524
303, 523
302, 523
302, 522
302, 521
302, 520
302, 519
301, 518
300, 518
299, 517
299, 516
298, 515
298, 514
297, 513
296, 512
295, 511
294, 510
293, 510
293, 509
292, 508
291, 507
291, 506
291, 505
290, 504
289, 503
288, 503
287, 502
286, 501
285, 500
285, 499
284, 498
284, 497
283, 496
282, 495
281, 495
280, 495
279, 495
278, 495
277, 495
276, 495
275, 496
275, 497
274, 498
274, 499
274, 500
273, 500
272, 500
271, 501
270, 502
270, 503
270, 504
269, 504
268, 504
267, 504
266, 505
265, 505
264, 505
263, 505
262, 505
261, 505
260, 504
260, 503
259, 502
258, 501
257, 500
256, 499
256, 498
255, 497
254, 497
253, 497
252, 497
251, 497
250, 497
249, 498
249, 499
249, 500
248, 501
248, 502
247, 503
247, 504
246, 505
246, 506
245, 507
245, 508
245, 509
244, 510
244, 511
243, 512
243, 513
242, 514
242, 515
241, 516
241, 517
241, 518
240, 519
239, 520
239, 521
239, 522
238, 523
237, 524
237, 525
237, 526
236, 527
235, 528
235, 529
234, 530
233, 531
232, 531
231, 532
230, 532
229, 533
229, 534
229, 535
229, 534
228, 533
227, 533
226, 533
225, 534
225, 535
225, 536
226, 537
226, 538
225, 538
224, 539
224, 540
223, 540
222, 541
221, 542
220, 543
219, 544
218, 545
218, 546
217, 547
216, 548
215, 549
214, 549
213, 549
212, 550
211, 550
210, 549
209, 549
208, 549
207, 550
207, 551
207, 552
207, 553
206, 554
206, 555
206, 556
205, 557
205, 558
204, 559
204, 560
204, 561
204, 562
204, 563
204, 564
204, 565
203, 566
203, 567
203, 568
203, 569
203, 570
202, 571
202, 572
202, 573
202, 574
201, 575
201, 576
201, 577
201, 578
201, 579
201, 580
201, 581
201, 582
200, 583
200, 584
200, 585
200, 586
200, 587
200, 588
200, 589
199, 590
199, 591
199, 592
199, 593
198, 594
198, 595
198, 596
198, 597
198, 598
198, 599
197, 600
197, 601
197, 602
197, 603
197, 604
197, 605
197, 606
196, 607
196, 608
196, 609
195, 610
195, 611
195, 612
195, 613
195, 614
194, 615
194, 616
193, 617
193, 618
193, 619
192, 620
191, 621
191, 622
190, 623
189, 624
188, 624
187, 625
186, 626
185, 627
184, 627
183, 628
182, 629
181, 629
180, 630
180, 631
179, 631
178, 632
178, 633
177, 633
176, 634
175, 635
174, 636
173, 636
172, 636
171, 636
170, 636
169, 636
168, 636
167, 636
166, 636
165, 636
164, 635
163, 635
162, 635
161, 634
160, 634
159, 634
158, 633
157, 633
157, 632
157, 631
156, 630
155, 630
154, 630
153, 629
153, 628
152, 627
152, 626
151, 625
150, 625
150, 624
150, 623
149, 622
148, 622
147, 622
146, 621
145, 620
144, 619
143, 619
142, 618
141, 617
140, 617
139, 616
138, 615
137, 615
136, 614
135, 614
134, 613
133, 612
132, 612
131, 611
130, 610
129, 610
128, 609
127, 608
126, 607
125, 607
124, 606
123, 605
122, 604
121, 604
120, 603
119, 602
118, 601
117, 601
116, 600
115, 599
114, 598
113, 597
112, 596
111, 596
110, 595
109, 594
108, 593
107, 592
106, 592
105, 591
104, 590
103, 589
102, 588
101, 587
100, 586
99, 585
98, 584
97, 583
96, 582
95, 581
94, 580
93, 579
93, 578
92, 577
91, 576
90, 575
90, 574
89, 573
88, 572
88, 571
88, 570
87, 569
87, 568
87, 567
87, 566
87, 565
87, 564
87, 563
87, 562
87, 561
