83, 545
83, 544
83, 543
84, 542
84, 541
84, 540
84, 539
84, 538
85, 537
86, 536
86, 535
86, 534
86, 533
86, 532
87, 531
88, 530
88, 529
88, 528
88, 527
89, 526
89, 525
90, 524
90, 523
90, 522
91, 521
92, 520
92, 519
92, 518
93, 517
93, 516
94, 515
94, 514
94, 513
95, 512
96, 511
96, 510
96, 509
97, 508
98, 507
98, 506
98, 505
99, 504
100, 503
100, 502
101, 501
102, 500
102, 499
103, 498
104, 497
104, 496
105, 495
105, 494
106, 493
107, 492
107, 491
108, 490
109, 489
110, 488
110, 487
111, 486
112, 485
112, 484
113, 483
114, 482
115, 481
116, 480
116, 479
117, 478
118, 477
119, 476
120, 475
121, 474
122, 473
122, 472
123, 472
124, 471
124, 470
125, 470
126, 469
126, 468
127, 468
128, 467
128, 466
129, 466
130, 465
131, 464
132, 463
133, 462
134, 461
135, 460
136, 459
137, 459
138, 458
139, 457
140, 456
141, 455
142, 455
143, 454
144, 453
145, 452
146, 452
147, 451
148, 450
149, 450
150, 449
151, 448
152, 448
153, 447
154, 446
155, 446
156, 445
157, 445
158, 444
159, 443
160, 443
161, 442
162, 442
163, 441
164, 441
165, 440
166, 440
167, 439
168, 439
169, 438
170, 438
171, 437
172, 437
173, 436
174, 436
175, 435
176, 435
177, 435
178, 434
179, 434
180, 433
181, 433
182, 432
183, 432
184, 431
185, 431
186, 430
187, 430
188, 429
189, 429
190, 428
191, 428
192, 427
193, 426
194, 425
194, 424
195, 423
195, 422
195, 421
195, 420
196, 419
196, 418
196, 417
195, 416
196, 415
196, 414
196, 413
196, 412
196, 411
196, 410
196, 409
196, 408
196, 407
196, 406
196, 405
196, 404
196, 403
197, 402
197, 401
197, 400
197, 399
197, 398
197, 397
197, 396
198, 395
198, 394
198, 393
198, 392
198, 391
198, 390
198, 389
198, 388
198, 387
198, 386
198, 385
198, 384
199, 383
199, 382
200, 381
200, 380
200, 379
200, 378
200, 377
200, 376
200, 375
200, 374
200, 373
200, 372
201, 371
201, 370
201, 369
201, 368
202, 367
202, 366
202, 365
202, 364
202, 363
202, 362
202, 361
202, 360
202, 359
202, 358
202, 357
201, 356
200, 356
200, 355
200, 354
200, 353
200, 352
200, 351
200, 350
200, 349
199, 348
198, 347
198, 346
198, 345
198, 344
198, 343
198, 342
198, 341
198, 340
198, 339
198, 338
199, 338
200, 337
200, 336
200, 335
201, 335
202, 334
202, 333
202, 332
202, 331
202, 330
202, 329
202, 328
201, 327
201, 326
201, 325
201, 324
200, 323
200, 322
200, 321
199, 320
199, 319
199, 318
198, 317
198, 316
198, 315
198, 314
198, 313
197, 312
197, 311
197, 310
197, 309
196, 308
196, 307
196, 306
196, 305
195, 304
195, 303
195, 302
195, 301
194, 300
194, 299
194, 298
194, 297
193, 296
193, 295
193, 294
193, 293
192, 292
192, 291
192, 290
192, 289
192, 288
191, 287
191, 286
191, 285
191, 284
190, 283
190, 282
190, 281
189, 280
189, 279
189, 278
189, 277
188, 276
188, 275
188, 274
188, 273
188, 272
188, 271
187, 270
187, 269
187, 268
186, 267
186, 266
186, 265
186, 264
186, 263
186, 262
186, 261
185, 260
185, 259
185, 258
184, 257
184, 256
184, 255
184, 254
184, 253
183, 252
183, 251
183, 250
183, 249
183, 248
182, 247
182, 246
182, 245
182, 244
182, 243
182, 242
181, 241
181, 240
181, 239
181, 238
181, 237
180, 236
180, 235
180, 234
180, 233
180, 232
180, 231
180, 230
179, 229
179, 228
179, 227
179, 226
179, 225
178, 224
178, 223
178, 222
178, 221
178, 220
178, 219
178, 218
178, 217
178, 216
177, 215
177, 214
177, 213
177, 212
177, 211
176, 210
176, 209
176, 208
176, 207
176, 206
176, 205
176, 204
176, 203
176, 202
175, 201
175, 200
175, 199
175, 198
175, 197
174, 196
174, 195
174, 194
174, 193
174, 192
174, 191
174, 190
175, 189
175, 188
175, 187
175, 186
175, 185
174, 184
174, 183
174, 182
174, 181
174, 180
174, 179
174, 178
174, 177
174, 176
174, 175
174, 174
173, 173
173, 172
173, 171
172, 170
171, 170
170, 170
169, 170
168, 170
168, 169
168, 168
169, 167
169, 166
170, 165
171, 164
171, 163
171, 162
172, 161
172, 160
173, 159
173, 158
174, 157
174, 156
175, 155
176, 154
177, 153
178, 152
179, 152
180, 152
181, 152
182, 153
183, 154
183, 155
184, 156
185, 157
185, 158
185, 159
186, 160
187, 161
187, 162
187, 163
187, 164
188, 165
189, 166
189, 167
189, 168
190, 169
190, 170
191, 171
191, 172
191, 173
191, 174
192, 175
193, 176
193, 177
193, 178
193, 179
194, 180
194, 181
195, 182
195, 183
195, 184
196, 185
196, 186
197, 187
197, 188
197, 189
198, 190
198, 191
199, 192
199, 193
199, 194
200, 195
200, 196
201, 197
201, 198
201, 199
201, 200
202, 201
203, 202
203, 203
203, 204
204, 205
204, 206
205, 207
205, 208
205, 209
206, 210
206, 211
207, 212
207, 213
207, 214
208, 215
208, 216
209, 217
209, 218
209, 219
210, 220
210, 221
211, 222
211, 223
211, 224
212, 225
212, 226
213, 227
213, 228
213, 229
214, 230
214, 231
215, 232
215, 233
215, 234
216, 235
216, 236
217, 237
217, 238
217, 239
218, 240
218, 241
219, 242
219, 243
219, 244
219, 245
220, 246
221, 247
221, 248
221, 249
222, 250
223, 251
223, 252
224, 253
225, 254
225, 255
226, 256
227, 256
228, 256
229, 256
230, 255
230, 254
230, 253
230, 252
231, 251
231, 250
231, 249
232, 249
233, 248
234, 247
234, 246
234, 245
234, 244
235, 243
236, 242
236, 241
237, 240
238, 240
239, 239
240, 238
240, 237
241, 236
241, 235
242, 235
243, 235
244, 235
245, 235
246, 234
246, 233
246, 232
247, 232
248, 232
249, 232
250, 232
251, 232
252, 231
252, 230
252, 229
252, 228
253, 227
253, 226
253, 225
253, 224
254, 223
254, 222
255, 221
255, 220
255, 219
256, 218
256, 217
256, 216
256, 215
257, 215
258, 215
259, 214
259, 213
260, 212
260, 211
260, 210
260, 209
260, 208
260, 207
260, 206
261, 205
261, 204
262, 203
262, 202
262, 201
262, 200
263, 199
264, 198
264, 197
264, 196
264, 195
264, 194
264, 193
265, 192
266, 191
266, 190
267, 189
267, 188
267, 187
268, 186
268, 185
268, 184
268, 183
269, 182
269, 181
270, 180
270, 179
270, 178
270, 177
270, 176
270, 175
271, 174
272, 174
273, 173
274, 172
275, 171
276, 170
277, 171
278, 171
279, 172
280, 173
281, 174
281, 175
282, 176
282, 177
282, 178
282, 179
281, 180
281, 181
280, 182
279, 183
279, 184
278, 185
277, 186
277, 187
277, 188
277, 189
277, 190
277, 191
277, 192
277, 193
277, 194
277, 195
278, 196
278, 197
278, 198
278, 199
278, 200
278, 201
278, 202
278, 203
278, 204
279, 205
279, 206
279, 207
279, 208
280, 209
279, 209
278, 210
278, 211
278, 212
279, 213
279, 214
279, 215
279, 216
280, 217
281, 218
281, 219
281, 220
281, 221
281, 222
281, 223
281, 224
281, 225
281, 226
281, 227
281, 228
281, 229
281, 230
281, 231
281, 232
281, 233
281, 234
281, 235
281, 236
281, 237
281, 238
281, 239
281, 240
281, 241
281, 242
281, 243
281, 244
281, 245
281, 246
281, 247
280, 248
280, 249
280, 250
281, 251
281, 252
281, 253
280, 254
280, 255
280, 256
280, 257
280, 258
280, 259
280, 260
280, 261
280, 262
280, 263
280, 264
280, 265
279, 266
279, 267
279, 268
279, 269
279, 270
279, 271
279, 272
279, 273
279, 274
279, 275
279, 276
279, 277
279, 278
279, 279
279, 280
279, 281
279, 282
279, 283
279, 284
279, 285
279, 286
279, 287
279, 288
278, 289
278, 290
278, 291
278, 292
278, 293
278, 294
278, 295
277, 296
277, 297
277, 298
277, 299
277, 300
277, 301
277, 302
277, 303
277, 304
277, 305
277, 306
277, 307
277, 308
277, 309
277, 310
277, 311
276, 312
276, 313
276, 314
276, 315
276, 316
276, 317
276, 318
275, 319
275, 320
275, 321
275, 322
275, 323
275, 324
275, 325
275, 326
275, 327
275, 328
275, 329
275, 330
275, 331
274, 332
274, 333
274, 334
274, 335
274, 336
273, 337
273, 338
273, 339
273, 340
273, 341
274, 342
274, 343
275, 344
276, 345
277, 346
277, 347
277, 348
278, 349
279, 349
279, 350
278, 351
277, 352
277, 353
277, 354
277, 355
277, 356
277, 357
277, 358
277, 359
277, 360
277, 361
277, 362
278, 363
278, 364
279, 365
279, 366
279, 367
279, 368
280, 369
280, 370
280, 371
281, 372
281, 373
281, 374
281, 375
281, 376
282, 377
282, 378
283, 379
283, 380
283, 381
283, 382
283, 383
284, 384
284, 385
284, 386
285, 387
285, 388
285, 389
285, 390
286, 391
286, 392
286, 393
286, 394
287, 395
287, 396
287, 397
287, 398
287, 399
287, 400
288, 401
288, 402
288, 403
289, 404
289, 405
289, 406
289, 407
289, 408
290, 409
290, 410
290, 411
291, 412
291, 413
291, 414
291, 415
292, 416
292, 417
292, 418
292, 419
292, 420
293, 421
293, 422
293, 423
293, 424
293, 425
293, 426
293, 427
294, 428
294, 429
294, 430
295, 431
295, 432
295, 433
295, 434
296, 435
297, 435
298, 436
299, 436
300, 436
301, 437
302, 437
303, 438
304, 439
305, 439
306, 440
307, 440
308, 441
309, 441
310, 442
311, 442
312, 443
313, 444
314, 444
315, 445
316, 446
317, 446
318, 447
319, 447
320, 448
321, 448
322, 449
323, 450
324, 450
325, 451
326, 452
327, 452
328, 453
329, 454
330, 455
331, 455
332, 456
333, 457
334, 457
335, 458
336, 459
337, 459
338, 460
339, 461
340, 462
341, 462
341, 463
342, 464
343, 464
344, 465
345, 466
346, 467
347, 467
348, 468
349, 469
350, 470
351, 470
351, 471
352, 472
353, 472
354, 473
355, 474
356, 475
357, 476
358, 477
359, 478
360, 479
361, 480
362, 481
363, 481
363, 482
364, 483
365, 483
365, 484
366, 485
367, 485
367, 486
368, 487
369, 487
369, 488
370, 489
371, 489
371, 490
372, 491
373, 492
374, 493
375, 494
376, 495
377, 496
377, 497
378, 498
379, 498
379, 499
380, 500
381, 501
382, 502
383, 503
383, 504
384, 505
385, 506
386, 507
387, 508
387, 509
388, 510
389, 511
389, 512
390, 513
391, 514
391, 515
392, 516
393, 517
394, 518
395, 519
395, 520
396, 521
397, 522
397, 523
398, 524
399, 525
399, 526
400, 527
401, 528
401, 529
401, 530
402, 531
403, 532
403, 533
404, 534
405, 535
405, 536
406, 537
406, 538
407, 539
407, 540
408, 541
409, 542
409, 543
409, 544
410, 545
411, 546
411, 547
412, 548
412, 549
413, 550
413, 551
413, 552
414, 553
415, 554
415, 555
416, 556
416, 557
417, 558
417, 559
417, 560
418, 561
418, 562
419, 563
419, 564
419, 565
420, 566
420, 567
421, 568
421, 569
421, 570
421, 571
422, 572
422, 573
423, 574
423, 575
423, 576
423, 577
423, 578
423, 579
423, 580
423, 581
423, 582
422, 583
422, 584
421, 585
421, 586
421, 587
420, 588
419, 589
419, 590
418, 591
417, 592
417, 593
416, 593
415, 594
415, 595
414, 595
413, 596
412, 597
411, 598
410, 599
409, 600
408, 601
407, 602
406, 602
405, 603
404, 604
403, 605
402, 606
401, 607
400, 608
399, 608
398, 609
397, 610
396, 610
395, 611
394, 612
393, 613
392, 614
391, 614
390, 615
389, 615
388, 616
387, 617
386, 618
385, 618
384, 619
383, 619
382, 620
381, 620
380, 621
379, 622
378, 622
377, 623
376, 624
375, 624
374, 625
373, 625
372, 626
371, 626
370, 627
369, 627
368, 628
367, 628
366, 629
365, 629
364, 630
363, 631
362, 631
361, 631
360, 631
359, 632
358, 633
357, 633
356, 634
355, 634
354, 635
353, 635
352, 636
351, 636
350, 636
349, 637
348, 637
347, 637
346, 638
345, 638
344, 638
343, 638
342, 638
341, 639
340, 639
339, 638
338, 638
337, 638
336, 638
335, 638
334, 637
333, 637
332, 636
331, 636
330, 635
329, 634
328, 634
327, 633
327, 632
326, 631
325, 630
324, 630
324, 629
323, 628
322, 627
321, 626
321, 625
320, 624
320, 623
319, 622
319, 621
318, 620
318, 619
318, 618
318, 617
317, 616
317, 615
316, 614
316, 613
316, 612
316, 611
315, 610
314, 610
314, 609
314, 608
314, 607
314, 606
314, 605
314, 604
314, 603
313, 602
312, 601
312, 600
312, 599
312, 598
312, 597
312, 596
311, 595
310, 595
310, 594
310, 593
310, 592
310, 591
310, 590
310, 589
310, 588
309, 587
308, 587
308, 586
308, 585
308, 584
308, 583
308, 582
308, 581
307, 580
307, 579
306, 578
306, 577
306, 576
306, 575
306, 574
306, 573
305, 572
305, 571
304, 570
304, 569
304, 568
304, 567
304, 566
304, 565
303, 564
302, 564
302, 563
302, 562
301, 561
300, 561
300, 560
300, 559
300, 558
299, 557
298, 557
297, 557
296, 557
295, 556
294, 556
293, 555
293, 554
292, 553
291, 552
290, 551
289, 550
289, 549
288, 548
287, 547
286, 546
285, 545
284, 545
283, 545
282, 544
281, 543
280, 543
280, 542
280, 541
279, 540
278, 539
278, 538
277, 537
276, 536
275, 535
274, 534
273, 533
273, 532
273, 531
273, 530
272, 529
272, 528
272, 527
271, 526
270, 525
269, 525
268, 525
268, 524
268, 523
268, 522
267, 521
267, 520
266, 519
266, 518
265, 517
264, 516
263, 515
262, 515
261, 515
260, 515
259, 515
258, 516
257, 516
256, 517
256, 518
256, 519
257, 520
256, 519
255, 519
254, 519
253, 520
253, 521
252, 521
251, 521
250, 521
249, 520
248, 520
247, 520
246, 519
245, 518
244, 518
243, 517
242, 517
242, 516
241, 515
240, 514
239, 513
238, 513
237, 513
236, 513
235, 514
234, 514
233, 515
233, 516
233, 517
232, 518
231, 519
231, 520
231, 521
230, 521
229, 522
229, 523
228, 523
227, 524
226, 525
225, 526
224, 526
223, 527
222, 527
221, 528
220, 528
219, 529
218, 530
218, 531
217, 532
217, 533
216, 534
215, 535
215, 536
214, 536
213, 537
212, 538
211, 539
210, 539
209, 540
208, 540
207, 540
206, 541
205, 542
205, 543
205, 544
204, 545
204, 546
204, 547
203, 548
203, 549
203, 550
203, 551
203, 552
203, 553
203, 554
203, 555
202, 556
202, 557
202, 558
202, 559
201, 560
201, 561
201, 562
201, 563
201, 564
201, 565
201, 566
201, 567
201, 568
201, 569
200, 570
200, 571
200, 572
200, 573
199, 574
199, 575
199, 576
199, 577
199, 578
199, 579
199, 580
199, 581
199, 582
198, 583
198, 584
198, 585
198, 586
198, 587
197, 588
197, 589
197, 590
197, 591
197, 592
197, 593
197, 594
196, 595
196, 596
196, 597
195, 598
195, 599
195, 600
195, 601
195, 602
194, 603
194, 604
193, 605
193, 606
193, 607
192, 608
191, 609
190, 610
189, 611
188, 612
187, 613
186, 614
185, 615
184, 615
183, 616
182, 616
181, 617
180, 617
179, 618
178, 618
177, 619
176, 619
175, 619
174, 620
173, 621
172, 622
171, 622
170, 623
169, 624
168, 624
167, 624
166, 624
165, 624
164, 624
163, 624
162, 624
161, 624
160, 624
159, 623
158, 623
157, 622
156, 622
155, 622
154, 621
153, 621
152, 620
152, 619
151, 618
150, 618
150, 617
150, 616
150, 615
150, 614
149, 613
148, 613
147, 613
146, 612
145, 612
145, 611
144, 610
143, 609
142, 609
141, 608
140, 607
139, 606
138, 605
137, 605
136, 605
136, 604
135, 603
134, 603
133, 602
132, 601
131, 601
130, 600
129, 599
128, 599
127, 598
126, 597
125, 596
124, 595
123, 595
122, 594
121, 593
120, 593
119, 592
118, 591
117, 590
116, 589
115, 589
114, 588
113, 587
112, 586
111, 585
110, 585
110, 584
109, 583
108, 583
107, 582
106, 581
105, 580
104, 579
103, 578
102, 577
101, 576
100, 575
99, 574
98, 573
97, 572
96, 571
95, 570
94, 569
93, 568
92, 567
91, 566
90, 565
89, 564
88, 563
88, 562
87, 561
86, 560
86, 559
85, 558
84, 557
84, 556
84, 555
84, 554
83, 553
83, 552
83, 551
83, 550
82, 549
82, 548
82, 547
82, 546
