83, 721
83, 720
83, 719
83, 718
83, 717
83, 716
84, 715
84, 714
84, 713
84, 712
84, 711
84, 710
84, 709
84, 708
84, 707
84, 706
84, 705
84, 704
85, 703
85, 702
85, 701
85, 700
85, 699
85, 698
86, 697
86, 696
86, 695
86, 694
86, 693
86, 692
86, 691
87, 690
87, 689
87, 688
87, 687
87, 686
88, 685
88, 684
88, 683
88, 682
88, 681
88, 680
88, 679
88, 678
89, 677
89, 676
90, 675
90, 674
90, 673
90, 672
90, 671
91, 670
91, 669
91, 668
91, 667
92, 666
92, 665
92, 664
93, 663
93, 662
93, 661
93, 660
93, 659
94, 658
94, 657
94, 656
95, 655
95, 654
95, 653
95, 652
96, 651
96, 650
97, 649
97, 648
97, 647
98, 646
98, 645
99, 644
99, 643
99, 642
100, 641
100, 640
100, 639
101, 638
101, 637
102, 636
102, 635
102, 634
103, 633
103, 632
104, 631
104, 630
105, 629
106, 628
106, 627
107, 626
108, 625
108, 624
108, 623
109, 622
109, 621
110, 620
111, 619
111, 618
112, 617
113, 616
113, 615
114, 614
114, 613
114, 612
115, 611
116, 610
116, 609
117, 608
118, 607
119, 606
120, 605
121, 604
121, 603
122, 602
123, 601
124, 600
124, 599
125, 598
126, 598
127, 597
128, 596
129, 595
130, 594
130, 593
131, 592
132, 592
133, 592
134, 591
135, 590
135, 589
136, 589
137, 588
138, 588
139, 588
140, 587
140, 586
140, 585
141, 585
142, 584
143, 584
144, 583
145, 582
146, 581
147, 581
148, 580
149, 580
150, 579
151, 579
152, 579
153, 578
154, 578
155, 577
156, 576
157, 576
158, 575
159, 575
160, 575
161, 574
162, 574
163, 573
164, 572
165, 572
166, 572
167, 571
168, 571
169, 571
170, 570
171, 569
172, 569
173, 569
174, 568
174, 567
175, 566
176, 566
177, 565
176, 566
175, 566
174, 567
174, 568
173, 569
172, 570
172, 571
172, 572
171, 572
170, 573
170, 574
169, 575
168, 575
167, 575
166, 575
165, 575
164, 575
163, 575
162, 576
162, 577
162, 578
161, 578
160, 579
160, 580
159, 580
158, 580
157, 581
157, 582
156, 582
155, 583
154, 583
153, 583
152, 583
151, 584
150, 585
150, 586
149, 587
149, 588
148, 588
147, 588
146, 588
145, 589
144, 590
144, 591
143, 591
142, 592
141, 593
140, 594
140, 595
140, 596
140, 597
139, 597
138, 598
137, 599
136, 599
135, 599
134, 599
133, 599
132, 600
131, 600
130, 600
129, 601
128, 602
128, 603
128, 604
129, 605
130, 606
129, 607
129, 608
129, 609
128, 610
127, 611
126, 612
126, 613
126, 614
126, 615
125, 615
124, 616
124, 617
124, 618
124, 619
123, 620
122, 621
121, 622
121, 623
121, 624
122, 625
123, 625
124, 625
125, 625
126, 624
126, 623
127, 622
127, 621
127, 620
128, 620
129, 619
130, 618
130, 617
131, 616
132, 616
133, 616
134, 615
134, 614
135, 613
135, 612
135, 611
135, 610
135, 609
136, 608
137, 607
137, 606
137, 605
138, 605
139, 605
140, 604
140, 603
141, 602
142, 601
143, 601
144, 600
144, 599
144, 598
145, 597
146, 597
147, 597
148, 596
149, 595
150, 594
150, 593
151, 593
152, 592
153, 592
154, 591
155, 591
156, 590
157, 589
157, 588
158, 588
159, 587
160, 586
161, 585
162, 584
163, 584
164, 583
165, 583
166, 582
166, 581
167, 581
168, 581
169, 581
170, 580
171, 580
172, 580
173, 579
174, 579
175, 578
175, 577
176, 576
177, 575
178, 575
179, 574
179, 573
180, 572
180, 571
180, 570
181, 570
182, 570
183, 570
184, 569
185, 569
186, 569
187, 568
187, 567
188, 567
189, 567
190, 567
191, 567
192, 567
193, 568
193, 569
193, 570
194, 571
195, 571
196, 571
197, 571
198, 570
198, 569
198, 568
199, 568
200, 567
200, 566
200, 565
200, 564
200, 563
200, 562
201, 561
202, 560
202, 559
203, 558
204, 558
205, 558
206, 557
207, 556
208, 556
209, 556
210, 555
211, 554
212, 553
213, 553
214, 553
213, 553
212, 553
211, 554
211, 555
211, 556
212, 557
213, 557
213, 558
213, 559
214, 560
215, 560
216, 560
217, 560
218, 559
218, 558
219, 558
220, 558
221, 557
221, 556
221, 555
220, 554
219, 554
218, 554
218, 553
218, 552
217, 551
216, 551
215, 551
216, 550
216, 549
216, 548
216, 547
217, 547
218, 547
219, 547
220, 546
220, 545
220, 544
221, 543
222, 542
223, 542
224, 542
225, 541
225, 540
225, 539
225, 538
225, 537
225, 536
225, 535
225, 534
226, 534
227, 533
227, 532
227, 531
227, 530
228, 529
228, 528
228, 527
229, 527
230, 526
231, 525
231, 524
231, 523
232, 523
233, 522
233, 521
233, 520
233, 519
234, 518
234, 517
234, 516
234, 515
234, 514
235, 514
236, 513
236, 512
236, 511
236, 510
237, 509
237, 508
237, 507
237, 506
238, 505
239, 504
240, 503
240, 502
240, 501
240, 500
241, 499
241, 498
241, 497
240, 496
241, 495
241, 494
241, 493
242, 492
242, 491
242, 490
241, 489
242, 489
243, 488
244, 487
244, 486
245, 485
245, 484
245, 483
245, 482
245, 481
245, 480
245, 479
245, 478
246, 478
247, 477
248, 476
248, 475
248, 474
248, 473
248, 472
248, 471
248, 470
247, 469
246, 469
247, 468
248, 468
249, 467
249, 466
250, 465
250, 464
250, 463
251, 463
252, 463
253, 462
253, 461
253, 460
253, 459
253, 458
254, 457
254, 456
254, 455
254, 454
254, 453
254, 452
254, 451
255, 450
256, 449
256, 448
257, 447
257, 446
257, 445
258, 444
258, 443
258, 442
258, 441
258, 440
258, 439
257, 438
257, 437
258, 437
259, 436
259, 435
259, 434
259, 433
259, 432
259, 431
260, 430
260, 429
260, 428
260, 427
259, 426
258, 425
257, 425
258, 424
258, 423
258, 422
258, 421
258, 420
258, 419
258, 418
258, 417
258, 416
259, 416
260, 415
260, 414
260, 413
260, 412
260, 411
261, 410
262, 409
262, 408
262, 407
262, 406
263, 405
264, 404
264, 403
264, 402
264, 401
264, 400
265, 399
266, 398
266, 397
266, 396
266, 395
267, 394
268, 393
268, 392
268, 391
268, 390
268, 389
269, 388
270, 387
270, 386
270, 385
270, 384
271, 384
272, 383
272, 382
272, 381
272, 380
273, 380
274, 379
274, 378
275, 377
276, 376
276, 375
276, 374
276, 373
276, 372
275, 371
275, 370
275, 369
274, 368
274, 367
274, 366
274, 365
274, 364
274, 363
274, 362
273, 361
273, 360
272, 359
272, 358
272, 357
272, 356
272, 355
272, 354
272, 353
272, 352
271, 351
271, 350
271, 349
270, 348
270, 347
270, 346
270, 345
270, 344
270, 343
269, 342
269, 341
269, 340
268, 339
268, 338
268, 337
268, 336
268, 335
268, 334
268, 333
268, 332
267, 331
267, 330
267, 329
267, 328
267, 327
266, 326
266, 325
266, 324
266, 323
266, 322
266, 321
265, 320
265, 319
265, 318
265, 317
265, 316
264, 315
264, 314
264, 313
264, 312
264, 311
263, 310
263, 309
263, 308
263, 307
263, 306
262, 305
262, 304
262, 303
262, 302
262, 301
261, 300
261, 299
261, 298
261, 297
261, 296
260, 295
260, 294
260, 293
260, 292
259, 291
259, 290
259, 289
258, 288
258, 287
258, 286
258, 285
258, 284
258, 283
258, 282
258, 281
257, 280
257, 279
257, 278
256, 277
256, 276
256, 275
256, 274
256, 273
256, 272
256, 271
255, 270
255, 269
255, 268
255, 267
254, 266
254, 265
254, 264
254, 263
254, 262
253, 261
253, 260
253, 259
252, 258
252, 257
252, 256
252, 255
252, 254
252, 253
252, 252
252, 251
251, 250
251, 249
250, 248
250, 247
250, 246
250, 245
250, 244
250, 243
249, 242
249, 241
248, 240
248, 239
248, 238
248, 237
248, 236
248, 235
248, 234
248, 233
248, 232
248, 231
247, 230
247, 229
246, 228
246, 227
246, 226
246, 225
246, 224
246, 223
246, 222
246, 221
245, 220
245, 219
245, 218
244, 217
244, 216
244, 215
244, 214
244, 213
243, 212
243, 211
243, 210
243, 209
243, 208
243, 207
243, 206
242, 205
242, 204
242, 203
242, 202
242, 201
242, 200
241, 199
241, 198
241, 197
240, 196
240, 195
240, 194
240, 193
240, 192
240, 191
239, 190
238, 190
238, 189
238, 188
238, 187
238, 186
238, 185
238, 184
238, 183
238, 182
238, 181
238, 180
237, 179
236, 179
236, 178
236, 177
236, 176
236, 175
236, 174
236, 173
236, 172
236, 171
236, 170
236, 169
235, 168
234, 168
234, 167
234, 166
234, 165
234, 164
234, 163
234, 162
234, 161
234, 160
234, 159
233, 158
232, 158
232, 157
232, 156
232, 155
232, 154
232, 153
232, 152
232, 151
232, 150
232, 149
232, 148
232, 147
232, 146
232, 145
232, 144
232, 143
232, 142
232, 141
232, 140
231, 139
231, 138
231, 137
231, 136
231, 135
230, 134
230, 133
230, 132
230, 131
230, 130
230, 129
229, 128
229, 127
229, 126
229, 125
228, 124
228, 123
228, 122
228, 121
228, 120
228, 119
227, 118
227, 117
227, 116
227, 115
227, 114
227, 113
227, 112
226, 111
226, 110
226, 109
226, 108
226, 107
226, 106
226, 105
226, 104
226, 103
225, 102
224, 102
224, 101
225, 100
225, 99
225, 98
225, 97
225, 96
224, 95
224, 94
224, 93
224, 92
224, 91
224, 90
224, 89
224, 88
224, 87
224, 86
224, 85
223, 84
222, 84
222, 83
222, 82
223, 81
223, 80
223, 79
223, 78
222, 77
222, 76
222, 75
222, 74
222, 73
222, 72
222, 71
222, 70
222, 69
222, 68
222, 67
222, 66
222, 65
222, 64
222, 63
221, 62
220, 62
220, 61
221, 60
221, 59
221, 58
221, 57
221, 56
221, 55
221, 54
221, 53
221, 52
221, 51
221, 50
220, 49
220, 48
220, 47
221, 46
221, 45
221, 44
220, 43
220, 42
220, 41
220, 40
220, 39
220, 38
220, 37
220, 36
220, 35
220, 34
220, 33
220, 32
220, 31
220, 30
220, 29
220, 28
220, 27
220, 26
220, 25
220, 24
220, 23
220, 22
221, 21
221, 20
221, 19
221, 18
222, 18
222, 19
222, 20
223, 21
223, 22
223, 23
224, 24
224, 25
225, 26
225, 27
225, 28
226, 29
226, 30
226, 31
227, 32
227, 33
227, 34
228, 35
228, 36
229, 37
229, 38
229, 39
230, 40
230, 41
230, 42
231, 43
231, 44
231, 45
232, 46
232, 47
233, 48
233, 49
233, 50
234, 51
234, 52
234, 53
235, 54
235, 55
235, 56
236, 57
236, 58
237, 59
237, 60
237, 61
238, 62
238, 63
238, 64
239, 65
239, 66
239, 67
240, 68
240, 69
240, 70
241, 71
241, 72
241, 73
242, 74
242, 75
243, 76
243, 77
243, 78
244, 79
244, 80
244, 81
245, 82
245, 83
245, 84
246, 85
246, 86
246, 87
247, 88
247, 89
247, 90
248, 91
248, 92
249, 93
249, 94
249, 95
250, 96
250, 97
250, 98
251, 99
251, 100
251, 101
252, 102
252, 103
253, 104
253, 105
253, 106
253, 107
254, 108
254, 109
255, 110
255, 111
255, 112
256, 113
256, 114
257, 115
257, 116
257, 117
257, 118
258, 119
258, 120
258, 121
259, 122
259, 123
259, 124
260, 125
260, 126
261, 127
261, 128
261, 129
262, 130
262, 131
262, 132
263, 133
263, 134
263, 135
264, 136
264, 137
264, 138
265, 139
265, 140
265, 141
266, 142
267, 143
267, 144
267, 145
267, 146
267, 147
268, 148
269, 149
269, 150
269, 151
269, 152
270, 153
270, 154
270, 155
271, 156
271, 157
271, 158
272, 159
272, 160
273, 161
273, 162
273, 163
273, 164
274, 165
274, 166
275, 167
275, 168
275, 169
276, 170
276, 171
276, 172
277, 173
277, 174
278, 175
278, 176
278, 177
279, 178
279, 179
279, 180
279, 181
280, 182
280, 183
280, 184
281, 185
281, 186
281, 187
282, 188
282, 189
283, 190
283, 191
283, 192
283, 193
284, 194
285, 194
285, 195
285, 196
285, 197
285, 198
286, 199
287, 200
287, 201
287, 202
287, 203
287, 204
287, 205
288, 206
288, 207
288, 208
289, 209
289, 210
289, 211
290, 212
290, 213
291, 214
291, 215
291, 216
291, 217
292, 218
292, 219
293, 220
293, 221
293, 222
294, 223
295, 224
295, 225
295, 226
295, 227
295, 228
295, 229
296, 230
297, 231
297, 232
297, 233
298, 234
298, 235
298, 236
298, 237
299, 238
299, 239
299, 240
300, 241
300, 242
300, 243
301, 244
301, 245
301, 246
301, 247
302, 248
302, 249
303, 250
303, 251
303, 252
304, 253
305, 254
305, 255
305, 256
306, 257
307, 258
308, 259
308, 260
309, 261
310, 261
311, 261
312, 261
313, 261
314, 261
315, 261
316, 260
316, 259
316, 258
316, 257
316, 256
316, 255
316, 254
317, 253
317, 252
318, 251
318, 250
318, 249
318, 248
318, 247
319, 246
319, 245
319, 244
320, 243
320, 242
321, 241
322, 240
322, 239
322, 238
322, 237
323, 236
324, 235
324, 234
324, 233
325, 233
326, 232
326, 231
326, 230
326, 229
326, 228
326, 227
326, 226
327, 225
327, 224
328, 223
328, 222
328, 221
328, 220
329, 219
330, 218
330, 217
330, 216
330, 215
331, 214
332, 213
332, 212
332, 211
333, 210
333, 209
334, 208
334, 207
334, 206
334, 205
334, 204
335, 203
335, 202
336, 201
336, 200
337, 199
338, 198
338, 197
338, 196
338, 195
339, 194
340, 193
340, 192
340, 191
340, 190
340, 189
340, 188
341, 187
342, 186
342, 185
342, 184
342, 183
342, 182
343, 181
344, 180
344, 179
344, 178
344, 177
344, 176
345, 175
346, 174
346, 173
346, 172
346, 171
347, 170
348, 169
348, 168
348, 167
348, 166
348, 165
349, 164
350, 163
350, 162
350, 161
350, 160
351, 159
352, 158
352, 157
352, 156
352, 155
353, 154
354, 153
354, 152
354, 151
355, 150
355, 149
356, 148
356, 147
356, 146
356, 145
357, 144
358, 143
358, 142
358, 141
358, 140
359, 139
360, 138
360, 137
360, 136
360, 135
361, 134
362, 133
362, 132
362, 131
362, 130
363, 130
364, 129
364, 128
364, 127
365, 126
366, 125
366, 124
366, 123
366, 122
366, 121
367, 120
367, 119
368, 118
368, 117
368, 116
368, 115
368, 114
369, 113
370, 112
370, 111
370, 110
370, 109
371, 108
372, 107
372, 106
372, 105
373, 104
374, 103
374, 102
374, 101
374, 100
374, 99
375, 98
376, 97
376, 96
376, 95
376, 94
377, 93
378, 92
378, 91
378, 90
378, 89
379, 88
380, 87
380, 86
380, 85
380, 84
380, 83
381, 83
382, 82
382, 81
382, 80
382, 79
383, 78
384, 77
384, 76
384, 75
384, 74
385, 73
386, 72
386, 71
386, 70
386, 69
386, 68
387, 67
388, 66
388, 65
388, 64
388, 63
389, 62
390, 61
390, 60
390, 59
390, 58
391, 57
391, 56
392, 55
392, 54
392, 53
393, 52
394, 51
394, 50
394, 49
395, 48
396, 47
396, 46
396, 45
396, 44
397, 43
398, 42
398, 41
398, 40
399, 39
400, 38
400, 37
400, 36
400, 35
401, 34
402, 33
403, 32
404, 32
405, 32
406, 33
407, 34
408, 34
409, 34
409, 35
409, 36
410, 37
411, 37
411, 38
411, 39
411, 40
411, 41
412, 42
413, 42
413, 43
413, 44
413, 45
414, 46
415, 47
415, 48
415, 49
415, 50
415, 51
415, 52
415, 53
415, 54
415, 55
415, 56
415, 57
415, 58
415, 59
415, 60
415, 61
415, 62
415, 63
415, 64
415, 65
415, 66
415, 67
415, 68
415, 69
414, 70
414, 71
413, 72
413, 73
413, 74
413, 75
413, 76
413, 77
413, 78
413, 79
413, 80
413, 81
413, 82
412, 83
412, 84
411, 85
411, 86
411, 87
411, 88
411, 89
411, 90
411, 91
411, 92
411, 93
411, 94
411, 95
410, 96
409, 97
409, 98
409, 99
409, 100
409, 101
409, 102
409, 103
409, 104
409, 105
409, 106
409, 107
408, 108
407, 109
407, 110
407, 111
407, 112
407, 113
407, 114
407, 115
407, 116
407, 117
406, 118
406, 119
405, 120
405, 121
405, 122
405, 123
405, 124
405, 125
405, 126
405, 127
405, 128
405, 129
404, 130
403, 131
403, 132
403, 133
403, 134
403, 135
403, 136
403, 137
403, 138
402, 138
401, 139
401, 140
401, 141
401, 142
401, 143
401, 144
401, 145
401, 146
401, 147
401, 148
401, 149
401, 150
401, 151
400, 152
399, 153
399, 154
399, 155
399, 156
399, 157
399, 158
399, 159
399, 160
399, 161
399, 162
398, 163
397, 164
397, 165
397, 166
397, 167
397, 168
397, 169
397, 170
397, 171
397, 172
396, 173
396, 174
395, 175
395, 176
395, 177
395, 178
395, 179
395, 180
395, 181
395, 182
395, 183
395, 184
394, 185
393, 186
393, 187
393, 188
393, 189
393, 190
393, 191
393, 192
392, 193
392, 194
391, 195
391, 196
391, 197
391, 198
391, 199
391, 200
391, 201
391, 202
391, 203
390, 204
389, 205
389, 206
389, 207
389, 208
389, 209
389, 210
389, 211
389, 212
388, 213
388, 214
387, 215
387, 216
387, 217
387, 218
387, 219
387, 220
387, 221
387, 222
386, 223
386, 224
385, 225
385, 226
385, 227
385, 228
385, 229
385, 230
385, 231
384, 232
384, 233
383, 234
383, 235
383, 236
383, 237
383, 238
383, 239
383, 240
383, 241
382, 242
381, 243
381, 244
381, 245
381, 246
381, 247
381, 248
381, 249
381, 250
380, 251
380, 252
379, 253
379, 254
379, 255
379, 256
379, 257
379, 258
379, 259
378, 260
378, 261
377, 262
377, 263
377, 264
377, 265
377, 266
377, 267
377, 268
376, 269
375, 270
375, 271
375, 272
375, 273
375, 274
375, 275
375, 276
375, 277
374, 278
373, 279
373, 280
373, 281
373, 282
373, 283
373, 284
372, 285
372, 286
371, 287
371, 288
371, 289
371, 290
371, 291
371, 292
371, 293
371, 294
371, 295
370, 296
370, 297
369, 298
369, 299
369, 300
369, 301
369, 302
368, 303
367, 304
367, 305
367, 306
367, 307
367, 308
367, 309
367, 310
367, 311
366, 312
366, 313
365, 314
365, 315
365, 316
365, 317
365, 318
364, 319
364, 320
363, 321
363, 322
363, 323
363, 324
363, 325
363, 326
363, 327
362, 328
361, 329
361, 330
361, 331
361, 332
361, 333
361, 334
361, 335
361, 336
360, 337
360, 338
359, 339
359, 340
359, 341
359, 342
359, 343
359, 344
359, 345
358, 346
358, 347
357, 348
357, 349
357, 350
357, 351
357, 352
357, 353
356, 354
356, 355
355, 356
355, 357
355, 358
355, 359
355, 360
355, 361
354, 362
354, 363
353, 364
353, 365
353, 366
353, 367
353, 368
353, 369
352, 370
352, 371
351, 372
351, 373
351, 374
351, 375
351, 376
350, 377
349, 378
349, 379
349, 380
349, 381
349, 382
349, 383
348, 384
348, 385
347, 386
347, 387
347, 388
348, 389
348, 390
349, 391
349, 392
349, 393
349, 394
349, 395
350, 396
351, 397
351, 398
351, 399
351, 400
351, 401
351, 402
352, 403
353, 404
353, 405
353, 406
353, 407
353, 408
353, 409
354, 410
355, 411
355, 412
355, 413
355, 414
355, 415
356, 416
356, 417
357, 418
357, 419
357, 420
357, 421
357, 422
358, 423
358, 424
359, 425
359, 426
359, 427
359, 428
359, 429
360, 430
361, 430
362, 430
363, 430
363, 431
363, 432
364, 433
364, 434
364, 435
364, 436
365, 437
366, 438
367, 439
367, 440
367, 441
368, 442
369, 443
369, 444
369, 445
370, 446
371, 447
371, 448
372, 449
373, 450
373, 451
373, 452
374, 453
375, 454
375, 455
376, 456
376, 457
377, 458
378, 459
378, 460
379, 461
379, 462
379, 463
380, 464
381, 465
382, 465
382, 466
382, 467
382, 468
382, 469
382, 470
383, 471
384, 471
384, 472
384, 473
385, 474
386, 475
387, 475
387, 476
387, 477
388, 478
389, 478
390, 478
390, 479
390, 480
390, 481
390, 482
391, 483
392, 483
393, 483
393, 484
394, 485
394, 486
394, 487
395, 488
395, 489
396, 490
397, 491
398, 491
398, 492
398, 493
398, 494
398, 495
399, 496
400, 496
401, 497
402, 498
403, 499
403, 500
404, 501
404, 502
404, 503
404, 504
405, 505
406, 505
407, 505
407, 506
408, 507
408, 508
409, 509
410, 510
410, 511
411, 512
411, 513
412, 514
413, 515
413, 516
414, 517
414, 518
415, 519
416, 520
417, 521
417, 522
418, 523
419, 524
419, 525
420, 526
421, 527
421, 528
422, 529
423, 530
423, 531
423, 532
424, 533
424, 534
425, 535
426, 535
426, 536
427, 537
428, 538
428, 539
429, 540
430, 541
431, 542
431, 543
432, 544
433, 545
434, 546
434, 547
435, 548
436, 549
436, 550
437, 551
438, 552
439, 553
440, 554
441, 555
442, 556
441, 556
440, 557
439, 558
439, 559
439, 560
439, 561
440, 562
441, 562
442, 562
443, 562
444, 561
444, 560
444, 559
444, 558
444, 559
445, 560
446, 561
445, 561
444, 561
443, 562
443, 563
443, 564
444, 565
445, 566
446, 566
447, 566
448, 567
449, 567
450, 567
451, 566
452, 567
453, 568
454, 569
455, 570
456, 570
457, 571
458, 572
459, 573
460, 574
461, 575
462, 575
463, 576
464, 577
465, 577
466, 578
467, 579
468, 580
469, 580
470, 581
471, 582
472, 582
473, 583
474, 583
475, 584
476, 584
475, 585
475, 586
475, 587
476, 588
477, 588
478, 589
479, 589
480, 589
481, 588
481, 587
482, 588
483, 588
484, 588
485, 589
486, 589
487, 590
488, 590
487, 591
487, 592
487, 593
488, 594
489, 594
490, 594
491, 594
492, 593
492, 592
493, 592
494, 592
493, 592
492, 593
492, 594
492, 595
493, 596
494, 596
495, 597
496, 597
497, 598
498, 598
499, 598
500, 598
501, 598
502, 597
502, 596
503, 596
504, 596
505, 597
506, 597
507, 598
508, 598
509, 598
510, 598
511, 599
512, 599
513, 600
514, 600
515, 601
516, 601
517, 602
518, 602
519, 602
520, 603
521, 603
522, 603
523, 604
524, 604
525, 605
526, 605
527, 605
528, 606
529, 607
530, 607
531, 607
532, 608
533, 608
534, 609
535, 609
536, 610
537, 610
538, 610
539, 611
540, 612
541, 612
542, 613
543, 613
544, 614
545, 615
546, 615
547, 616
548, 616
549, 617
550, 618
551, 619
552, 619
553, 620
554, 620
555, 621
556, 622
557, 622
558, 623
559, 624
560, 625
561, 625
562, 626
563, 627
564, 628
565, 628
566, 629
567, 630
568, 631
569, 631
570, 632
571, 633
572, 634
573, 635
574, 635
575, 636
576, 637
577, 638
578, 639
579, 640
580, 641
581, 642
582, 643
583, 644
584, 645
585, 646
586, 647
587, 647
588, 648
589, 649
590, 650
591, 651
591, 652
592, 653
593, 654
594, 655
595, 656
596, 657
597, 658
598, 659
599, 660
599, 661
600, 662
601, 663
602, 664
603, 665
604, 666
604, 667
605, 668
606, 669
607, 670
607, 671
608, 672
609, 673
609, 674
610, 675
611, 676
611, 677
612, 678
613, 679
613, 680
614, 681
614, 682
615, 683
616, 684
616, 685
617, 686
618, 687
618, 688
619, 689
619, 690
620, 691
620, 692
621, 693
621, 694
622, 695
622, 696
623, 697
623, 698
624, 699
624, 700
625, 701
625, 702
625, 703
626, 704
626, 705
627, 706
627, 707
627, 708
628, 709
628, 710
628, 711
629, 712
629, 713
629, 714
629, 715
630, 716
630, 717
630, 718
630, 719
631, 720
631, 721
631, 722
631, 723
631, 724
631, 725
631, 726
631, 727
631, 728
631, 729
632, 730
632, 731
632, 732
632, 733
632, 734
632, 735
632, 736
632, 737
632, 738
632, 739
632, 740
632, 741
632, 742
632, 743
632, 744
632, 745
632, 746
631, 747
631, 748
631, 749
631, 750
631, 751
631, 752
631, 753
630, 754
630, 755
630, 756
629, 757
629, 758
629, 759
629, 760
629, 761
628, 762
628, 763
628, 764
627, 765
627, 766
627, 767
626, 768
626, 769
625, 770
625, 771
625, 772
624, 773
624, 774
623, 775
623, 776
622, 777
621, 778
621, 779
621, 780
620, 781
619, 782
619, 783
618, 784
617, 785
617, 786
616, 787
615, 788
614, 789
613, 790
613, 791
612, 792
611, 793
610, 794
609, 795
608, 796
607, 797
606, 798
605, 799
604, 800
603, 801
602, 801
601, 802
600, 803
599, 804
598, 805
597, 805
596, 806
595, 807
594, 807
593, 808
592, 809
591, 809
590, 810
589, 811
588, 812
587, 812
586, 812
585, 813
584, 814
583, 814
582, 815
582, 816
581, 816
580, 816
579, 817
578, 818
577, 818
576, 819
575, 819
574, 820
573, 821
572, 822
571, 822
570, 823
569, 823
568, 823
567, 823
566, 823
565, 823
564, 824
563, 825
562, 826
561, 826
560, 826
559, 826
558, 826
557, 826
556, 827
555, 827
554, 828
553, 827
552, 827
551, 827
550, 827
549, 828
548, 828
547, 828
546, 828
545, 828
544, 828
543, 828
542, 828
541, 827
540, 827
539, 827
538, 827
537, 827
536, 826
535, 826
534, 825
533, 825
532, 825
531, 825
530, 825
529, 825
528, 825
527, 824
526, 824
525, 824
524, 824
523, 823
522, 822
521, 822
520, 821
519, 821
518, 821
518, 820
517, 819
516, 819
515, 818
514, 818
513, 818
512, 818
511, 818
510, 817
509, 817
509, 816
509, 815
508, 814
507, 814
506, 813
505, 813
504, 813
503, 812
502, 811
501, 810
500, 810
500, 809
500, 808
499, 807
498, 806
497, 806
496, 806
495, 805
494, 804
494, 803
493, 802
492, 801
491, 800
490, 800
489, 800
489, 799
489, 798
488, 797
487, 796
486, 796
486, 795
486, 794
485, 793
484, 792
483, 792
482, 791
481, 791
480, 790
480, 789
479, 788
479, 787
478, 786
477, 786
476, 785
475, 784
475, 783
475, 782
474, 781
473, 781
472, 780
471, 780
471, 779
470, 778
470, 777
469, 776
468, 776
467, 775
467, 774
466, 773
465, 772
465, 771
464, 770
464, 769
463, 768
462, 768
461, 767
461, 766
460, 765
459, 764
458, 763
458, 762
457, 761
456, 760
456, 759
455, 758
454, 757
453, 756
452, 755
452, 754
451, 753
450, 753
449, 752
448, 751
448, 750
447, 749
446, 748
445, 747
444, 747
443, 746
442, 746
441, 746
440, 745
439, 744
438, 744
438, 743
437, 742
436, 741
436, 740
435, 739
434, 739
433, 738
432, 737
431, 737
430, 736
429, 735
428, 735
427, 734
426, 734
426, 733
426, 732
425, 731
424, 730
424, 729
424, 728
424, 727
423, 726
422, 725
421, 724
420, 723
419, 722
418, 721
418, 720
417, 719
416, 718
416, 717
416, 716
415, 715
415, 714
415, 713
415, 712
414, 711
415, 710
415, 709
416, 708
416, 707
416, 706
417, 706
418, 705
418, 706
418, 707
418, 708
418, 709
418, 710
419, 711
419, 712
420, 713
420, 714
421, 715
422, 716
423, 717
424, 718
425, 718
426, 718
427, 718
428, 717
428, 716
428, 715
427, 714
426, 714
427, 714
428, 713
428, 712
428, 711
427, 710
426, 709
426, 708
426, 707
426, 706
427, 706
428, 705
428, 704
429, 703
430, 703
431, 702
432, 701
433, 700
433, 699
433, 698
432, 697
432, 696
431, 695
430, 695
429, 695
428, 696
428, 697
427, 698
427, 699
427, 700
426, 700
425, 701
424, 702
423, 703
422, 702
422, 701
423, 700
423, 699
424, 698
424, 697
424, 696
424, 695
424, 694
424, 693
424, 692
424, 691
424, 690
424, 689
424, 688
424, 687
424, 686
423, 685
423, 684
423, 683
422, 682
422, 681
422, 680
422, 679
422, 678
421, 677
421, 676
421, 675
420, 674
419, 673
419, 672
419, 671
418, 670
418, 669
418, 668
418, 667
417, 666
416, 665
415, 664
415, 663
415, 662
415, 661
414, 660
414, 659
414, 658
414, 657
413, 656
412, 655
411, 655
411, 654
411, 653
411, 652
411, 651
410, 650
410, 649
409, 648
408, 647
408, 646
408, 645
407, 644
407, 643
406, 642
406, 641
406, 640
405, 639
405, 638
405, 637
404, 636
404, 635
403, 634
403, 633
402, 632
401, 631
401, 630
401, 629
400, 628
400, 627
400, 626
399, 625
399, 624
398, 623
398, 622
398, 621
397, 620
396, 619
396, 618
396, 617
396, 616
395, 615
394, 614
393, 613
393, 612
393, 611
392, 610
392, 609
391, 608
391, 607
390, 606
390, 605
389, 604
389, 603
389, 602
388, 601
388, 600
388, 599
387, 598
386, 597
386, 596
386, 595
386, 594
385, 593
384, 592
384, 591
384, 590
383, 589
382, 588
382, 587
382, 586
381, 585
381, 584
380, 583
380, 582
379, 581
378, 580
378, 579
377, 578
377, 577
377, 576
377, 575
376, 574
376, 573
375, 572
375, 571
374, 570
373, 569
373, 568
372, 567
372, 566
372, 565
371, 564
371, 563
371, 562
370, 561
369, 560
369, 559
369, 558
368, 557
368, 556
368, 555
368, 554
367, 553
366, 552
365, 551
365, 550
365, 549
364, 548
364, 547
364, 546
363, 545
363, 544
362, 543
361, 542
361, 541
361, 540
360, 539
360, 538
360, 537
359, 536
358, 535
358, 534
357, 533
357, 532
357, 531
356, 530
356, 529
355, 528
355, 527
354, 526
354, 525
354, 524
353, 523
353, 522
353, 521
352, 520
352, 519
351, 518
351, 517
350, 516
350, 515
349, 514
349, 513
349, 512
348, 511
348, 510
348, 509
347, 508
346, 507
346, 506
346, 505
345, 504
345, 503
344, 502
344, 501
343, 500
342, 499
342, 498
342, 497
341, 496
341, 495
341, 494
341, 493
342, 492
342, 491
342, 490
342, 489
342, 488
341, 487
341, 486
340, 485
339, 484
339, 483
339, 482
338, 481
338, 480
337, 479
338, 479
339, 478
339, 477
339, 476
338, 475
337, 474
336, 473
335, 472
334, 471
333, 470
332, 469
331, 469
330, 468
329, 467
328, 467
328, 466
327, 465
326, 464
325, 463
324, 463
323, 463
322, 464
322, 465
322, 466
323, 467
324, 468
325, 469
326, 469
325, 469
324, 469
323, 469
322, 469
321, 469
320, 469
319, 469
318, 470
317, 470
316, 470
315, 471
314, 472
313, 473
312, 473
311, 473
310, 473
309, 474
308, 474
307, 474
306, 473
305, 473
305, 472
304, 471
303, 471
302, 471
301, 470
300, 470
299, 470
298, 470
297, 471
296, 472
295, 473
294, 474
293, 474
292, 475
291, 476
290, 477
289, 478
288, 479
287, 480
286, 481
285, 481
284, 482
283, 482
282, 482
281, 482
280, 483
280, 484
279, 485
279, 486
279, 487
279, 488
279, 489
279, 490
279, 491
279, 492
279, 493
279, 494
278, 495
278, 496
278, 497
278, 498
278, 499
278, 500
278, 501
277, 502
277, 503
277, 504
277, 505
277, 506
277, 507
277, 508
277, 509
277, 510
277, 511
276, 512
276, 513
276, 514
276, 515
276, 516
276, 517
275, 518
275, 519
275, 520
275, 521
275, 522
275, 523
275, 524
275, 525
275, 526
275, 527
274, 528
274, 529
274, 530
274, 531
274, 532
274, 533
274, 534
273, 535
273, 536
273, 537
273, 538
273, 539
273, 540
273, 541
273, 542
273, 543
273, 544
273, 545
273, 546
272, 547
272, 548
272, 549
272, 550
272, 551
272, 552
271, 553
271, 554
271, 555
271, 556
271, 557
271, 558
271, 559
271, 560
271, 561
271, 562
271, 563
270, 564
270, 565
270, 566
270, 567
270, 568
270, 569
270, 570
270, 571
269, 572
269, 573
269, 574
269, 575
269, 576
269, 577
269, 578
269, 579
269, 580
268, 581
268, 582
268, 583
268, 584
268, 585
268, 586
267, 587
267, 588
267, 589
267, 590
267, 591
267, 592
267, 593
267, 594
267, 595
267, 596
267, 597
267, 598
266, 599
266, 600
266, 601
266, 602
266, 603
266, 604
265, 605
265, 606
265, 607
265, 608
265, 609
265, 610
265, 611
265, 612
265, 613
265, 614
265, 615
265, 616
265, 617
265, 618
265, 619
264, 620
264, 621
264, 622
264, 623
264, 624
263, 625
263, 626
263, 627
263, 628
263, 629
263, 630
263, 631
263, 632
263, 633
262, 634
262, 635
262, 636
261, 637
261, 638
261, 639
261, 640
261, 641
261, 642
261, 643
261, 644
260, 645
260, 646
260, 647
260, 648
260, 649
260, 650
259, 651
259, 652
259, 653
259, 654
259, 655
259, 656
258, 657
258, 658
258, 659
258, 660
257, 661
257, 662
257, 663
257, 664
257, 665
257, 666
256, 667
256, 668
256, 669
256, 670
256, 671
255, 672
255, 673
255, 674
255, 675
255, 676
255, 677
254, 678
254, 679
254, 680
254, 681
254, 682
254, 683
254, 684
253, 685
253, 686
253, 687
253, 688
253, 689
253, 690
252, 691
252, 692
252, 693
252, 694
252, 695
251, 696
251, 697
251, 698
251, 699
251, 700
251, 701
251, 702
251, 703
251, 704
251, 705
251, 706
251, 707
252, 708
252, 709
252, 710
252, 711
252, 712
252, 713
252, 714
252, 715
251, 716
251, 717
251, 718
251, 719
251, 720
251, 721
251, 722
251, 723
251, 724
251, 725
250, 726
250, 727
250, 728
250, 729
250, 730
250, 731
249, 732
249, 733
249, 734
249, 735
249, 736
249, 737
249, 738
249, 739
249, 740
248, 741
248, 742
247, 743
247, 744
247, 745
247, 746
246, 747
246, 748
245, 749
245, 750
245, 751
245, 752
245, 753
245, 754
245, 755
245, 756
244, 757
244, 758
244, 759
244, 760
244, 761
244, 762
244, 763
244, 764
244, 765
243, 766
243, 767
243, 768
243, 769
243, 770
243, 771
243, 772
243, 773
243, 774
243, 775
243, 776
243, 777
243, 778
243, 779
243, 780
242, 781
242, 782
242, 783
242, 784
242, 785
242, 786
242, 787
242, 788
242, 789
242, 790
241, 791
241, 792
241, 793
241, 794
241, 795
241, 796
241, 797
241, 798
241, 799
241, 800
240, 801
240, 802
240, 803
240, 804
240, 805
240, 806
240, 807
240, 808
240, 809
240, 810
239, 811
239, 812
239, 813
239, 814
239, 815
239, 816
239, 817
239, 818
239, 819
239, 820
239, 821
239, 822
239, 823
239, 824
239, 825
239, 826
239, 827
239, 828
239, 829
239, 830
239, 831
239, 832
239, 833
239, 834
239, 835
239, 836
239, 837
239, 838
239, 839
239, 840
239, 841
238, 842
238, 843
238, 844
238, 845
238, 846
238, 847
238, 848
237, 849
237, 850
237, 851
237, 852
237, 853
237, 854
237, 855
237, 856
236, 857
236, 858
236, 859
235, 860
235, 861
235, 862
234, 863
234, 864
234, 865
233, 866
233, 867
233, 868
232, 869
231, 870
231, 871
230, 872
230, 873
229, 874
228, 875
228, 876
227, 877
226, 878
226, 879
225, 879
224, 880
223, 881
223, 882
222, 883
221, 884
220, 885
219, 886
218, 887
217, 888
216, 889
215, 890
214, 891
213, 891
212, 892
211, 893
210, 893
209, 894
208, 894
207, 895
206, 896
205, 897
204, 897
203, 897
202, 898
201, 899
200, 900
199, 900
198, 901
198, 902
197, 902
196, 903
195, 903
194, 904
193, 905
192, 905
191, 905
190, 905
189, 906
188, 907
187, 907
186, 908
185, 908
184, 909
183, 909
182, 909
181, 909
180, 909
179, 910
178, 910
177, 910
176, 910
175, 911
174, 911
173, 911
172, 911
171, 910
170, 910
169, 910
168, 910
167, 910
166, 909
165, 909
164, 909
163, 909
162, 909
161, 909
160, 908
159, 908
158, 908
157, 908
156, 908
155, 907
154, 906
153, 906
152, 905
151, 905
150, 905
149, 905
148, 905
148, 904
147, 903
146, 902
145, 901
144, 901
143, 901
142, 900
142, 899
142, 898
141, 897
140, 897
139, 897
138, 897
137, 896
137, 895
137, 894
136, 893
135, 893
134, 893
133, 892
133, 891
132, 890
131, 889
130, 889
129, 889
129, 888
129, 887
129, 886
128, 885
127, 884
126, 884
126, 883
125, 882
124, 881
123, 880
122, 880
122, 879
121, 878
120, 877
119, 876
118, 875
117, 874
117, 873
116, 872
115, 871
114, 870
113, 869
112, 868
111, 867
110, 866
110, 865
109, 864
108, 863
108, 862
107, 861
106, 860
106, 859
106, 858
105, 857
104, 856
104, 855
103, 854
102, 853
102, 852
102, 851
101, 850
100, 849
100, 848
99, 847
99, 846
98, 845
98, 844
97, 843
97, 842
96, 841
96, 840
95, 839
95, 838
95, 837
94, 836
94, 835
93, 834
93, 833
93, 832
92, 831
92, 830
91, 829
91, 828
91, 827
90, 826
90, 825
90, 824
90, 823
90, 822
90, 821
89, 820
89, 819
88, 818
88, 817
88, 816
88, 815
87, 814
87, 813
87, 812
87, 811
86, 810
86, 809
86, 808
86, 807
86, 806
86, 805
86, 804
85, 803
85, 802
85, 801
85, 800
85, 799
84, 798
84, 797
84, 796
84, 795
84, 794
84, 793
84, 792
84, 791
83, 790
83, 789
83, 788
83, 787
83, 786
83, 785
83, 784
83, 783
82, 782
82, 781
82, 780
82, 779
82, 778
82, 777
82, 776
82, 775
82, 774
82, 773
82, 772
82, 771
82, 770
82, 769
82, 768
82, 767
82, 766
82, 765
82, 764
82, 763
82, 762
82, 761
82, 760
82, 759
82, 758
82, 757
82, 756
82, 755
82, 754
82, 753
82, 752
82, 751
82, 750
82, 749
82, 748
82, 747
82, 746
82, 745
82, 744
82, 743
82, 742
82, 741
82, 740
82, 739
82, 738
82, 737
82, 736
82, 735
82, 734
82, 733
82, 732
82, 731
82, 730
82, 729
82, 728
82, 727
82, 726
82, 725
82, 724
82, 723
82, 722
