100, 515
100, 514
100, 513
100, 512
100, 511
101, 510
101, 509
101, 508
102, 507
102, 506
102, 505
103, 504
103, 503
104, 502
104, 501
105, 500
105, 499
106, 498
106, 497
107, 496
107, 495
108, 494
108, 493
109, 493
110, 492
110, 491
111, 490
112, 489
113, 489
114, 488
115, 487
116, 486
117, 486
118, 485
119, 484
120, 483
121, 483
122, 482
123, 482
124, 481
125, 480
126, 479
127, 478
128, 478
129, 478
130, 478
131, 477
132, 477
133, 476
134, 476
135, 475
136, 474
137, 474
138, 474
139, 474
140, 474
141, 473
142, 472
142, 471
143, 471
144, 471
145, 471
146, 471
147, 471
148, 472
149, 472
150, 472
151, 472
152, 471
153, 471
154, 471
155, 471
156, 471
157, 471
158, 471
159, 471
160, 471
161, 471
162, 471
163, 472
164, 472
165, 472
166, 472
167, 472
168, 472
169, 472
170, 472
171, 472
172, 471
173, 471
174, 471
175, 471
176, 470
177, 470
178, 470
179, 470
180, 470
181, 470
182, 471
183, 471
184, 471
185, 470
185, 469
185, 468
186, 468
187, 467
188, 467
189, 466
188, 467
188, 468
188, 469
189, 470
190, 470
191, 470
192, 469
193, 468
193, 467
193, 466
192, 465
191, 465
192, 464
193, 465
194, 466
195, 466
196, 466
197, 465
198, 464
198, 463
199, 462
200, 462
201, 461
202, 460
202, 459
202, 458
202, 457
202, 456
203, 455
203, 454
204, 453
204, 452
204, 451
205, 450
206, 449
206, 448
206, 447
207, 446
207, 445
208, 444
208, 443
208, 442
209, 441
209, 440
210, 439
210, 438
210, 437
211, 436
212, 435
212, 434
212, 433
213, 432
213, 431
214, 430
214, 429
214, 428
215, 427
215, 426
216, 425
216, 424
216, 423
217, 422
218, 421
218, 420
218, 419
219, 418
220, 417
220, 416
220, 415
220, 414
221, 413
221, 412
222, 411
222, 410
223, 409
223, 408
224, 407
224, 406
224, 405
225, 404
225, 403
226, 402
226, 401
226, 400
227, 399
227, 398
228, 397
228, 396
229, 395
229, 394
230, 393
230, 392
231, 391
231, 390
232, 389
232, 388
232, 387
233, 386
234, 385
234, 384
234, 383
235, 382
235, 381
236, 380
236, 379
236, 378
237, 377
238, 376
238, 375
238, 374
239, 373
239, 372
240, 371
240, 370
240, 369
241, 368
242, 367
242, 366
242, 365
243, 364
243, 363
243, 362
244, 361
244, 360
245, 359
245, 358
246, 357
246, 356
247, 355
247, 354
247, 353
247, 352
246, 351
246, 350
247, 349
247, 348
247, 347
248, 346
248, 345
249, 344
249, 343
249, 342
250, 341
250, 340
251, 339
251, 338
251, 337
252, 336
252, 335
252, 334
253, 333
254, 332
254, 331
255, 330
256, 329
256, 328
257, 327
257, 326
258, 325
258, 324
258, 323
259, 322
260, 321
260, 320
260, 319
261, 318
262, 317
262, 316
263, 315
263, 314
263, 313
263, 312
263, 311
263, 310
264, 309
265, 308
265, 307
265, 306
265, 305
265, 304
265, 303
265, 302
265, 301
265, 300
264, 299
264, 298
264, 297
264, 296
264, 295
263, 294
263, 293
263, 292
263, 291
263, 290
263, 289
263, 288
262, 287
262, 286
262, 285
262, 284
262, 283
262, 282
261, 281
261, 280
261, 279
261, 278
261, 277
261, 276
261, 275
261, 274
260, 273
260, 272
260, 271
260, 270
260, 269
260, 268
260, 267
260, 266
260, 265
259, 264
259, 263
259, 262
259, 261
259, 260
259, 259
259, 258
259, 257
259, 256
259, 255
259, 254
259, 253
259, 252
259, 251
258, 250
258, 249
258, 248
258, 247
258, 246
258, 245
258, 244
258, 243
258, 242
258, 241
257, 240
257, 239
257, 238
257, 237
257, 236
257, 235
257, 234
257, 233
258, 233
259, 234
259, 235
259, 236
260, 237
260, 238
261, 239
261, 240
261, 241
261, 242
262, 243
262, 244
263, 245
263, 246
263, 247
263, 248
264, 249
265, 250
265, 251
265, 252
265, 253
265, 254
266, 255
267, 256
267, 257
267, 258
267, 259
267, 260
268, 261
269, 262
269, 263
269, 264
269, 265
270, 266
271, 267
271, 268
271, 269
271, 270
272, 271
273, 272
273, 273
273, 274
273, 275
273, 276
274, 277
275, 278
275, 279
275, 280
275, 281
275, 282
276, 283
276, 284
277, 285
277, 286
277, 287
278, 288
279, 288
280, 288
281, 287
281, 286
282, 285
283, 284
283, 283
284, 282
284, 281
285, 280
286, 279
287, 278
287, 277
288, 276
288, 275
289, 274
290, 273
291, 272
291, 271
292, 270
292, 269
293, 268
294, 267
295, 266
295, 265
296, 264
297, 263
297, 262
298, 261
299, 260
299, 259
300, 258
301, 257
301, 256
302, 255
303, 254
303, 253
304, 252
304, 251
305, 250
306, 249
306, 248
307, 247
307, 246
308, 245
309, 244
309, 243
310, 242
311, 242
311, 243
310, 244
310, 245
309, 246
309, 247
309, 248
308, 249
308, 250
307, 251
307, 252
307, 253
306, 254
306, 255
306, 256
305, 257
305, 258
304, 259
304, 260
304, 261
303, 262
303, 263
303, 264
303, 265
303, 266
302, 267
301, 268
301, 269
301, 270
301, 271
301, 272
301, 273
301, 274
301, 275
301, 276
301, 277
301, 278
300, 279
299, 280
299, 281
299, 282
299, 283
299, 284
298, 285
297, 286
297, 287
297, 288
297, 289
296, 290
296, 291
295, 292
295, 293
295, 294
295, 295
294, 296
294, 297
293, 298
293, 299
293, 300
293, 301
292, 302
291, 303
291, 304
291, 305
291, 306
290, 307
290, 308
290, 309
291, 310
291, 311
291, 312
292, 313
293, 314
293, 315
293, 316
292, 317
291, 318
291, 319
291, 320
291, 321
291, 322
291, 323
291, 324
292, 325
292, 326
292, 327
292, 328
292, 329
292, 330
293, 331
293, 332
293, 333
294, 334
294, 335
294, 336
295, 337
296, 338
296, 339
296, 340
296, 341
296, 342
296, 343
297, 344
297, 345
297, 346
297, 347
297, 348
298, 349
298, 350
298, 351
298, 352
298, 353
298, 354
298, 355
299, 356
299, 357
299, 358
299, 359
299, 360
299, 361
299, 362
299, 363
300, 364
300, 365
301, 366
301, 367
301, 368
301, 369
302, 370
302, 371
302, 372
303, 373
303, 374
303, 375
303, 376
303, 377
303, 378
304, 379
304, 380
305, 381
305, 382
305, 383
305, 384
305, 385
306, 386
306, 387
307, 388
307, 389
307, 390
307, 391
307, 392
307, 393
307, 394
308, 395
309, 396
309, 397
309, 398
309, 399
309, 400
309, 401
309, 402
310, 403
311, 404
311, 405
311, 406
311, 407
311, 408
312, 409
312, 410
313, 411
313, 412
313, 413
313, 414
313, 415
313, 416
313, 417
314, 418
315, 419
315, 420
315, 421
315, 422
315, 423
315, 424
315, 425
315, 426
316, 427
317, 427
317, 428
317, 429
317, 430
317, 431
317, 432
317, 433
318, 434
319, 435
319, 436
319, 437
319, 438
319, 439
319, 440
319, 441
320, 442
321, 442
321, 443
321, 444
321, 445
321, 446
321, 447
322, 448
322, 449
323, 450
323, 451
323, 452
323, 453
323, 454
324, 455
324, 456
324, 457
325, 458
325, 459
326, 460
326, 461
326, 462
327, 463
327, 464
328, 465
329, 466
329, 467
330, 468
331, 469
332, 469
333, 470
334, 471
334, 472
334, 473
335, 474
336, 474
337, 474
338, 475
339, 475
340, 475
340, 476
340, 477
340, 478
341, 479
342, 479
343, 479
344, 478
345, 479
345, 480
345, 481
345, 482
346, 483
347, 483
348, 484
349, 485
350, 485
351, 485
352, 486
353, 486
354, 487
355, 487
356, 487
357, 488
358, 488
359, 488
360, 488
361, 489
362, 489
363, 489
364, 489
365, 489
366, 489
367, 489
368, 489
369, 490
370, 490
371, 490
372, 490
373, 490
374, 490
375, 491
376, 491
377, 491
378, 492
379, 492
380, 492
381, 493
382, 494
383, 494
384, 494
385, 494
386, 495
387, 496
388, 496
389, 496
390, 497
391, 498
392, 498
393, 499
394, 500
395, 500
396, 501
397, 502
398, 503
399, 504
400, 505
401, 506
402, 506
402, 507
403, 508
404, 509
405, 510
406, 511
407, 512
407, 513
408, 514
408, 515
409, 516
409, 517
410, 518
411, 519
411, 520
412, 521
413, 522
413, 523
413, 524
413, 525
414, 526
415, 526
415, 527
415, 528
415, 529
415, 530
416, 531
417, 531
417, 532
417, 533
417, 534
417, 535
417, 536
417, 537
418, 538
419, 538
419, 539
419, 540
419, 541
419, 542
419, 543
419, 544
419, 545
419, 546
419, 547
419, 548
419, 549
419, 550
419, 551
419, 552
419, 553
419, 554
419, 555
419, 556
419, 557
419, 558
419, 559
419, 560
419, 561
418, 561
417, 562
417, 563
417, 564
417, 565
417, 566
417, 567
416, 568
415, 569
415, 570
415, 571
414, 572
413, 573
413, 574
413, 575
412, 576
411, 577
411, 578
410, 579
410, 580
409, 581
408, 582
407, 583
406, 584
405, 585
404, 586
403, 587
402, 588
401, 588
400, 589
399, 589
398, 590
397, 590
396, 591
395, 591
394, 592
393, 592
392, 592
391, 592
390, 593
389, 593
388, 593
387, 593
386, 593
385, 593
384, 593
383, 593
382, 593
381, 593
380, 593
379, 593
378, 593
377, 593
376, 593
375, 592
374, 592
373, 592
372, 592
371, 591
370, 591
369, 590
368, 589
367, 589
366, 589
365, 588
364, 587
363, 586
362, 586
361, 585
360, 584
359, 583
358, 583
357, 582
356, 581
355, 580
355, 579
354, 578
353, 577
352, 576
351, 575
350, 574
350, 573
349, 572
348, 571
347, 570
346, 569
346, 568
345, 567
345, 566
344, 565
343, 564
343, 563
343, 562
342, 561
342, 560
342, 559
342, 558
341, 557
341, 556
341, 555
341, 554
341, 553
340, 552
340, 551
339, 550
339, 549
339, 548
339, 547
339, 546
338, 545
338, 544
338, 543
337, 542
337, 541
337, 540
337, 539
337, 538
336, 537
336, 536
336, 535
335, 534
335, 533
335, 532
335, 531
335, 530
334, 529
334, 528
333, 527
333, 526
333, 525
333, 524
333, 523
333, 522
332, 521
331, 520
331, 519
331, 518
331, 517
331, 516
330, 515
330, 514
329, 513
329, 512
329, 511
328, 510
328, 509
328, 508
328, 507
327, 506
327, 505
327, 504
327, 503
326, 502
326, 501
326, 500
326, 499
326, 498
325, 497
325, 496
325, 495
325, 494
324, 493
324, 492
324, 491
324, 490
323, 489
323, 488
323, 487
323, 486
323, 485
323, 484
323, 483
323, 482
323, 481
322, 480
321, 480
321, 479
321, 478
321, 477
321, 476
321, 475
321, 474
321, 473
320, 472
319, 472
319, 471
319, 470
319, 469
319, 468
319, 467
319, 466
319, 465
318, 464
318, 463
317, 462
317, 461
317, 460
317, 459
317, 458
317, 457
317, 456
316, 455
316, 454
316, 453
316, 452
316, 451
315, 450
315, 449
315, 448
315, 447
314, 446
314, 445
313, 444
313, 443
313, 442
313, 441
313, 440
313, 439
312, 438
312, 437
311, 436
311, 435
311, 434
311, 433
311, 432
310, 431
310, 430
310, 429
309, 428
309, 427
309, 426
309, 425
309, 424
309, 423
308, 422
307, 422
307, 421
307, 420
307, 419
307, 418
307, 417
306, 416
306, 415
306, 414
306, 413
305, 412
305, 411
305, 410
305, 409
304, 408
304, 407
303, 406
303, 405
303, 404
303, 403
303, 402
303, 401
303, 400
302, 399
301, 399
301, 398
301, 397
301, 396
301, 395
301, 394
300, 393
299, 393
299, 392
299, 391
299, 390
299, 389
299, 388
299, 387
299, 386
298, 385
298, 384
297, 383
297, 382
297, 381
297, 380
297, 379
297, 378
296, 377
296, 376
296, 375
295, 374
295, 373
295, 372
295, 371
294, 370
294, 369
295, 368
295, 367
295, 366
295, 365
294, 364
293, 363
292, 362
291, 362
290, 361
289, 360
288, 359
287, 358
286, 357
285, 357
284, 357
283, 356
283, 355
282, 354
281, 354
281, 353
280, 352
279, 351
278, 351
277, 351
276, 352
275, 353
274, 353
273, 354
273, 355
273, 356
272, 356
271, 357
270, 358
269, 358
268, 358
267, 359
266, 359
265, 360
264, 360
263, 361
262, 362
261, 362
260, 362
259, 363
258, 364
257, 365
256, 365
255, 366
254, 366
253, 366
252, 366
251, 366
250, 366
249, 367
249, 368
249, 369
249, 370
248, 370
247, 371
247, 372
247, 373
247, 374
246, 375
245, 376
245, 377
245, 378
244, 379
243, 380
243, 381
243, 382
243, 383
242, 384
241, 385
241, 386
241, 387
240, 388
239, 389
239, 390
239, 391
238, 392
238, 393
237, 394
237, 395
237, 396
236, 396
235, 397
235, 398
235, 399
235, 400
235, 401
234, 402
233, 403
233, 404
233, 405
232, 406
231, 407
231, 408
231, 409
231, 410
230, 410
229, 411
229, 412
229, 413
229, 414
228, 415
227, 416
227, 417
227, 418
227, 419
226, 419
225, 420
225, 421
225, 422
225, 423
225, 424
224, 425
223, 426
223, 427
223, 428
222, 429
221, 430
221, 431
221, 432
221, 433
220, 433
219, 434
219, 435
219, 436
219, 437
218, 438
217, 439
217, 440
217, 441
217, 442
217, 443
216, 443
215, 444
215, 445
215, 446
215, 447
214, 447
213, 448
213, 449
213, 450
213, 451
213, 452
213, 453
212, 454
211, 455
211, 456
211, 457
211, 458
210, 459
209, 460
209, 461
209, 462
208, 463
207, 464
207, 465
207, 466
207, 467
206, 467
205, 468
205, 469
205, 470
205, 471
204, 472
203, 473
203, 474
203, 475
203, 476
203, 477
202, 477
201, 478
201, 479
201, 480
201, 481
200, 481
199, 482
199, 483
199, 484
199, 485
198, 486
197, 487
197, 488
197, 489
197, 490
196, 491
195, 492
195, 493
195, 494
195, 495
195, 496
194, 497
193, 498
193, 499
193, 500
193, 501
192, 501
191, 502
191, 503
191, 504
191, 505
191, 506
190, 507
189, 508
189, 509
189, 510
189, 511
188, 512
187, 513
187, 514
187, 515
187, 516
186, 516
185, 517
185, 518
185, 519
185, 520
185, 521
184, 522
183, 523
183, 524
183, 525
182, 525
181, 526
181, 527
181, 528
181, 529
180, 529
179, 530
179, 531
179, 532
179, 533
178, 534
177, 535
177, 536
177, 537
177, 538
176, 539
175, 540
175, 541
175, 542
175, 543
174, 543
173, 544
173, 545
173, 546
173, 547
173, 548
172, 548
171, 549
171, 550
171, 551
170, 552
169, 553
169, 554
168, 555
167, 556
167, 557
166, 557
165, 558
165, 559
164, 559
163, 560
163, 561
162, 561
161, 562
161, 563
160, 563
159, 564
158, 564
157, 565
156, 565
155, 566
154, 566
153, 566
152, 566
151, 566
150, 567
149, 567
148, 567
147, 567
146, 568
145, 568
144, 568
143, 568
142, 568
141, 568
140, 568
139, 569
138, 568
137, 568
136, 568
135, 568
134, 568
133, 568
132, 568
131, 568
130, 567
129, 567
128, 567
127, 566
126, 566
125, 565
124, 565
123, 564
122, 564
121, 563
120, 563
119, 562
118, 561
117, 561
116, 560
115, 559
114, 558
113, 557
112, 556
111, 555
110, 554
110, 553
109, 552
108, 551
108, 550
108, 549
107, 548
107, 547
107, 546
107, 545
106, 544
105, 544
104, 543
104, 542
105, 541
105, 540
105, 539
104, 538
104, 537
104, 536
103, 535
102, 534
102, 533
101, 532
101, 531
101, 530
100, 529
100, 528
100, 527
100, 526
100, 525
100, 524
100, 523
99, 522
99, 521
99, 520
99, 519
99, 518
99, 517
99, 516
