97, 741
97, 740
97, 739
97, 738
97, 737
97, 736
97, 735
97, 734
97, 733
97, 732
97, 731
98, 730
98, 729
98, 728
98, 727
98, 726
98, 725
98, 724
98, 723
98, 722
98, 721
98, 720
98, 719
99, 718
99, 717
99, 716
100, 715
100, 714
100, 713
100, 712
100, 711
100, 710
100, 709
101, 708
101, 707
101, 706
102, 705
102, 704
102, 703
102, 702
102, 701
102, 700
103, 699
103, 698
104, 697
104, 696
104, 695
104, 694
104, 693
105, 692
105, 691
105, 690
106, 689
106, 688
106, 687
106, 686
107, 685
107, 684
108, 683
108, 682
108, 681
108, 680
109, 679
109, 678
110, 677
110, 676
110, 675
111, 674
111, 673
112, 672
112, 671
112, 670
113, 669
114, 668
114, 667
114, 666
114, 665
115, 664
116, 663
116, 662
116, 661
117, 660
118, 659
118, 658
118, 657
119, 656
120, 655
120, 654
120, 653
121, 652
122, 651
122, 650
123, 649
124, 648
124, 647
124, 646
125, 645
126, 644
126, 643
127, 642
128, 641
128, 640
129, 639
130, 638
130, 637
131, 636
132, 635
133, 634
134, 633
134, 632
135, 631
136, 630
137, 629
138, 628
139, 627
140, 626
141, 625
142, 624
143, 623
144, 622
145, 621
146, 620
147, 619
148, 618
149, 618
150, 617
151, 616
152, 615
153, 614
154, 614
155, 613
156, 612
157, 612
158, 611
159, 611
160, 610
161, 609
162, 609
163, 608
164, 608
165, 607
166, 607
167, 606
168, 606
169, 605
170, 605
171, 604
172, 604
173, 604
174, 603
175, 603
176, 602
177, 602
178, 602
179, 601
180, 601
181, 601
182, 600
183, 600
184, 600
185, 600
186, 599
187, 599
188, 599
189, 599
190, 598
191, 598
192, 598
193, 598
194, 597
195, 597
196, 597
197, 597
198, 597
199, 596
200, 596
201, 596
202, 596
203, 595
204, 595
205, 595
206, 594
207, 594
208, 594
209, 593
210, 593
211, 593
212, 592
213, 592
214, 591
215, 591
216, 590
217, 589
218, 589
219, 588
220, 588
221, 587
222, 586
223, 585
224, 585
225, 584
226, 583
227, 582
228, 581
229, 580
230, 579
231, 578
232, 577
233, 576
234, 575
235, 574
236, 573
237, 572
238, 571
238, 570
239, 569
240, 568
241, 567
241, 566
242, 565
243, 564
244, 563
244, 562
245, 561
246, 560
246, 559
247, 558
247, 557
248, 556
248, 555
249, 554
250, 553
250, 552
251, 551
252, 550
252, 549
252, 548
253, 547
254, 546
254, 545
254, 544
255, 543
256, 542
256, 541
256, 540
257, 539
258, 538
258, 537
258, 536
258, 535
259, 534
260, 533
260, 532
260, 531
261, 530
262, 529
262, 528
262, 527
263, 526
263, 525
264, 524
264, 523
265, 522
265, 521
266, 520
266, 519
267, 518
267, 517
268, 516
268, 515
268, 514
269, 513
270, 512
270, 511
270, 510
270, 509
271, 508
271, 507
272, 506
272, 505
272, 504
272, 503
272, 502
272, 501
272, 500
273, 499
273, 498
273, 497
273, 496
274, 495
274, 494
274, 493
274, 492
274, 491
274, 490
274, 489
275, 488
275, 487
276, 486
276, 485
276, 484
276, 483
276, 482
276, 481
277, 480
277, 479
277, 478
278, 477
278, 476
278, 475
278, 474
278, 473
278, 472
279, 471
279, 470
279, 469
279, 468
279, 467
279, 466
279, 465
279, 464
278, 463
278, 462
278, 461
278, 460
278, 459
278, 458
278, 457
278, 456
278, 455
278, 454
278, 453
278, 452
277, 451
277, 450
277, 449
276, 448
276, 447
276, 446
276, 445
276, 444
276, 443
276, 442
276, 441
276, 440
276, 439
276, 438
276, 437
276, 436
276, 435
275, 434
275, 433
275, 432
275, 431
274, 430
274, 429
274, 428
274, 427
274, 426
274, 425
274, 424
274, 423
274, 422
274, 421
274, 420
274, 419
274, 418
274, 417
274, 416
274, 415
273, 414
273, 413
273, 412
273, 411
273, 410
273, 409
272, 408
272, 407
272, 406
272, 405
272, 404
272, 403
272, 402
272, 401
272, 400
272, 399
272, 398
272, 397
272, 396
272, 395
272, 394
272, 393
272, 392
271, 391
271, 390
271, 389
271, 388
271, 387
271, 386
271, 385
270, 384
270, 383
270, 382
270, 381
270, 380
270, 379
270, 378
270, 377
270, 376
270, 375
270, 374
270, 373
270, 372
270, 371
270, 370
270, 369
270, 368
270, 367
270, 366
270, 365
270, 364
270, 363
270, 362
270, 361
269, 360
269, 359
269, 358
269, 357
269, 356
269, 355
269, 354
269, 353
268, 352
268, 351
268, 350
268, 349
268, 348
268, 347
268, 346
268, 345
268, 344
268, 343
268, 342
268, 341
268, 340
268, 339
268, 338
268, 337
268, 336
268, 335
268, 334
268, 333
268, 332
268, 331
268, 330
268, 329
268, 328
268, 327
268, 326
268, 325
268, 324
268, 323
268, 322
268, 321
268, 320
267, 319
267, 318
267, 317
267, 316
267, 315
267, 314
267, 313
267, 312
267, 311
267, 310
267, 309
267, 308
267, 307
267, 306
267, 305
267, 304
267, 303
267, 302
266, 301
266, 300
266, 299
266, 298
266, 297
266, 296
266, 295
266, 294
266, 293
266, 292
266, 291
266, 290
266, 289
266, 288
266, 287
266, 286
266, 285
266, 284
266, 283
266, 282
266, 281
266, 280
266, 279
266, 278
266, 277
266, 276
266, 275
266, 274
266, 273
266, 272
266, 271
266, 270
266, 269
266, 268
266, 267
266, 266
266, 265
266, 264
266, 263
266, 262
266, 261
266, 260
266, 259
266, 258
266, 257
266, 256
266, 255
266, 254
266, 253
266, 252
266, 251
266, 250
266, 249
266, 248
266, 247
266, 246
266, 245
266, 244
266, 243
266, 242
266, 241
266, 240
266, 239
266, 238
266, 237
266, 236
266, 235
266, 234
266, 233
266, 232
266, 231
266, 230
266, 229
266, 228
266, 227
266, 226
266, 225
266, 224
266, 223
266, 222
266, 221
266, 220
266, 219
266, 218
266, 217
266, 216
266, 215
266, 214
266, 213
266, 212
266, 211
266, 210
266, 209
266, 208
266, 207
266, 206
266, 205
266, 204
266, 203
266, 202
266, 201
266, 200
266, 199
266, 198
266, 197
266, 196
266, 195
266, 194
266, 193
267, 192
267, 191
267, 190
267, 189
267, 188
267, 187
267, 186
267, 185
267, 184
267, 183
267, 182
267, 181
267, 180
267, 179
267, 178
267, 177
267, 176
267, 175
267, 174
267, 173
267, 172
267, 171
268, 170
268, 169
268, 168
268, 167
268, 166
268, 165
268, 164
268, 163
268, 162
268, 161
268, 160
268, 159
268, 158
268, 157
268, 156
268, 155
268, 154
268, 153
268, 152
268, 151
268, 150
268, 149
268, 148
268, 147
268, 146
269, 145
269, 144
269, 143
269, 142
269, 141
270, 140
270, 139
270, 138
271, 137
272, 136
273, 135
274, 134
275, 133
276, 133
277, 133
278, 132
279, 132
280, 132
281, 132
282, 133
283, 134
283, 135
283, 136
284, 137
284, 138
285, 139
285, 140
285, 141
285, 142
285, 143
285, 144
286, 145
286, 146
286, 147
287, 148
287, 149
287, 150
287, 151
287, 152
288, 153
288, 154
288, 155
288, 156
289, 157
289, 158
289, 159
289, 160
290, 161
290, 162
290, 163
290, 164
290, 165
291, 166
291, 167
292, 168
292, 169
292, 170
292, 171
292, 172
292, 173
292, 174
293, 175
293, 176
294, 177
294, 178
294, 179
294, 180
294, 181
294, 182
294, 183
294, 184
295, 185
295, 186
295, 187
296, 188
296, 189
296, 190
296, 191
296, 192
296, 193
296, 194
296, 195
297, 196
297, 197
297, 198
298, 199
298, 200
298, 201
298, 202
298, 203
298, 204
299, 205
299, 206
299, 207
299, 208
300, 209
300, 210
300, 211
300, 212
300, 213
300, 214
300, 215
301, 216
301, 217
301, 218
301, 219
302, 220
302, 221
302, 222
302, 223
302, 224
302, 225
303, 226
303, 227
303, 228
304, 229
304, 230
304, 231
304, 232
304, 233
304, 234
305, 235
305, 236
305, 237
305, 238
306, 239
306, 240
306, 241
306, 242
306, 243
307, 244
307, 245
307, 246
307, 247
307, 248
308, 249
308, 250
308, 251
308, 252
308, 253
309, 254
309, 255
309, 256
309, 257
309, 258
310, 259
310, 260
310, 261
310, 262
311, 263
311, 264
311, 265
311, 266
311, 267
311, 268
312, 269
312, 270
312, 271
312, 272
312, 273
312, 274
313, 275
313, 276
313, 277
313, 278
313, 279
313, 280
313, 281
314, 282
314, 283
314, 284
314, 285
315, 286
315, 287
315, 288
315, 289
315, 290
316, 291
316, 292
316, 293
316, 294
316, 295
317, 296
317, 297
317, 298
317, 299
317, 300
318, 301
318, 302
318, 303
319, 304
319, 305
319, 306
319, 307
319, 308
319, 309
320, 310
320, 311
320, 312
321, 313
321, 314
321, 315
321, 316
321, 317
321, 318
321, 319
321, 320
321, 321
322, 322
323, 323
323, 324
323, 325
323, 326
323, 327
324, 328
324, 329
324, 330
325, 331
325, 332
325, 333
326, 334
327, 334
328, 334
329, 333
329, 332
329, 331
329, 330
329, 329
329, 328
330, 327
330, 326
330, 325
330, 324
330, 323
330, 322
331, 321
331, 320
331, 319
331, 318
331, 317
331, 316
331, 315
332, 314
332, 313
332, 312
332, 311
332, 310
332, 309
333, 308
333, 307
333, 306
334, 305
335, 306
336, 306
337, 306
338, 306
339, 305
340, 306
341, 307
342, 307
343, 307
344, 308
343, 309
343, 310
343, 311
343, 312
344, 313
344, 314
344, 315
343, 316
343, 317
343, 318
343, 319
344, 320
344, 321
344, 322
345, 323
346, 323
347, 323
348, 322
348, 321
348, 320
349, 319
349, 318
350, 317
350, 316
350, 315
351, 314
351, 313
351, 312
352, 311
352, 310
353, 309
353, 308
353, 307
354, 306
354, 305
354, 304
355, 303
355, 302
355, 301
355, 300
356, 299
356, 298
356, 297
356, 296
356, 295
356, 294
356, 293
356, 292
356, 291
357, 290
357, 289
358, 288
358, 287
358, 286
359, 285
359, 284
359, 283
360, 282
361, 281
361, 280
361, 279
362, 278
362, 277
363, 276
363, 275
364, 274
364, 273
365, 272
365, 271
366, 270
366, 269
366, 268
367, 267
367, 266
367, 265
368, 264
368, 263
368, 262
368, 261
369, 260
369, 259
370, 258
370, 257
371, 256
371, 255
371, 254
372, 253
372, 252
372, 251
373, 250
373, 249
374, 248
374, 247
374, 246
375, 245
375, 244
375, 243
375, 242
376, 241
376, 240
376, 239
376, 238
376, 237
377, 236
377, 235
377, 234
377, 233
377, 232
377, 231
378, 230
378, 229
378, 228
378, 227
379, 226
380, 225
380, 224
380, 223
381, 222
381, 221
382, 220
382, 219
383, 218
383, 217
384, 216
384, 215
385, 214
385, 213
386, 212
386, 211
386, 210
387, 209
387, 208
388, 207
388, 206
388, 205
389, 204
389, 203
389, 202
390, 201
390, 200
390, 199
391, 198
391, 197
391, 196
392, 195
392, 194
393, 193
393, 192
393, 191
394, 190
394, 189
394, 188
395, 187
395, 186
395, 185
396, 184
396, 183
396, 182
396, 181
396, 180
397, 179
397, 178
397, 177
397, 176
397, 175
398, 174
398, 173
398, 172
398, 171
399, 170
399, 169
400, 168
400, 167
401, 166
401, 165
401, 164
402, 163
402, 162
403, 161
403, 160
403, 159
404, 158
404, 157
405, 156
405, 155
405, 154
406, 153
406, 152
406, 151
407, 150
407, 149
407, 148
408, 148
409, 147
409, 148
410, 149
411, 149
412, 149
413, 149
414, 149
415, 148
415, 147
416, 146
417, 146
418, 146
419, 146
420, 147
421, 148
421, 149
422, 150
423, 151
423, 152
423, 153
424, 154
425, 155
425, 156
425, 157
426, 158
426, 159
426, 160
426, 161
426, 162
426, 163
426, 164
426, 165
425, 166
425, 167
425, 168
425, 169
425, 170
425, 171
425, 172
425, 173
425, 174
425, 175
425, 176
425, 177
425, 178
425, 179
425, 180
425, 181
425, 182
424, 182
423, 183
423, 184
423, 185
423, 186
423, 187
423, 188
423, 189
423, 190
423, 191
423, 192
423, 193
423, 194
423, 195
423, 196
423, 197
423, 198
422, 198
421, 199
421, 200
421, 201
421, 202
421, 203
421, 204
421, 205
421, 206
421, 207
421, 208
421, 209
421, 210
421, 211
421, 212
421, 213
421, 214
421, 215
420, 216
419, 217
419, 218
419, 219
419, 220
419, 221
419, 222
419, 223
419, 224
419, 225
419, 226
419, 227
419, 228
419, 229
418, 230
418, 231
418, 232
418, 233
417, 234
417, 235
417, 236
417, 237
417, 238
417, 239
417, 240
417, 241
417, 242
417, 243
417, 244
416, 244
415, 245
415, 246
415, 247
415, 248
415, 249
415, 250
415, 251
415, 252
415, 253
415, 254
415, 255
415, 256
415, 257
414, 258
414, 259
414, 260
413, 261
413, 262
413, 263
413, 264
413, 265
413, 266
413, 267
413, 268
413, 269
413, 270
413, 271
412, 272
411, 273
411, 274
411, 275
411, 276
411, 277
411, 278
411, 279
411, 280
411, 281
411, 282
411, 283
410, 284
410, 285
410, 286
409, 287
409, 288
409, 289
409, 290
409, 291
409, 292
409, 293
409, 294
408, 295
408, 296
408, 297
407, 298
407, 299
407, 300
407, 301
407, 302
407, 303
407, 304
406, 305
406, 306
406, 307
406, 308
406, 309
405, 310
405, 311
405, 312
405, 313
405, 314
405, 315
404, 316
404, 317
404, 318
403, 319
403, 320
403, 321
403, 322
403, 323
403, 324
403, 325
403, 326
402, 327
402, 328
401, 329
401, 330
401, 331
401, 332
401, 333
401, 334
401, 335
401, 336
401, 337
400, 338
399, 339
399, 340
399, 341
399, 342
399, 343
399, 344
399, 345
399, 346
399, 347
398, 348
397, 349
397, 350
397, 351
397, 352
397, 353
397, 354
397, 355
397, 356
397, 357
396, 358
396, 359
396, 360
395, 361
395, 362
395, 363
395, 364
395, 365
395, 366
394, 367
393, 368
393, 369
393, 370
393, 371
393, 372
393, 373
393, 374
392, 375
392, 376
391, 377
391, 378
391, 379
391, 380
391, 381
391, 382
391, 383
391, 384
390, 385
390, 386
389, 387
389, 388
389, 389
389, 390
389, 391
389, 392
389, 393
389, 394
388, 395
388, 396
387, 397
387, 398
387, 399
387, 400
387, 401
387, 402
386, 403
385, 404
385, 405
385, 406
385, 407
385, 408
385, 409
385, 410
385, 411
384, 412
384, 413
383, 414
383, 415
383, 416
383, 417
383, 418
383, 419
382, 420
382, 421
382, 422
381, 423
381, 424
381, 425
381, 426
381, 427
380, 427
379, 428
379, 429
379, 430
379, 431
379, 432
379, 433
379, 434
378, 435
377, 436
377, 437
377, 438
377, 439
377, 440
377, 441
376, 442
375, 443
375, 444
375, 445
375, 446
375, 447
374, 448
374, 449
374, 450
373, 451
373, 452
373, 453
373, 454
373, 455
372, 456
372, 457
371, 458
371, 459
371, 460
371, 461
371, 462
370, 463
370, 464
369, 465
369, 466
369, 467
368, 468
368, 469
368, 470
367, 471
367, 472
367, 473
367, 474
367, 475
367, 476
367, 477
367, 478
367, 479
367, 480
367, 481
367, 482
367, 483
368, 484
368, 485
368, 486
368, 487
368, 488
368, 489
369, 490
369, 491
369, 492
369, 493
369, 494
369, 495
369, 496
369, 497
369, 498
369, 499
369, 500
369, 501
369, 502
369, 503
369, 504
369, 505
369, 506
369, 507
369, 508
369, 509
369, 510
369, 511
369, 512
369, 513
369, 514
369, 515
369, 516
369, 517
369, 518
369, 519
369, 520
369, 521
369, 522
369, 523
369, 524
369, 525
369, 526
369, 527
369, 528
369, 529
369, 530
369, 531
369, 532
370, 533
370, 534
371, 535
371, 536
371, 537
371, 538
372, 539
372, 540
372, 541
373, 542
373, 543
373, 544
373, 545
373, 546
374, 547
374, 548
375, 549
375, 550
375, 551
375, 552
375, 553
376, 554
376, 555
377, 556
377, 557
377, 558
377, 559
378, 560
378, 561
378, 562
378, 563
379, 564
379, 565
379, 566
379, 567
380, 568
380, 569
381, 570
381, 571
381, 572
382, 573
383, 574
384, 575
385, 576
386, 577
387, 578
388, 579
389, 580
390, 580
391, 581
392, 582
393, 583
394, 583
395, 584
396, 585
397, 586
398, 587
399, 588
400, 588
401, 589
402, 590
403, 591
404, 591
405, 592
406, 593
407, 594
408, 594
409, 595
410, 596
411, 597
412, 598
413, 598
414, 599
415, 600
416, 601
417, 602
418, 602
419, 603
420, 604
421, 605
422, 606
423, 607
424, 607
425, 608
426, 609
427, 610
428, 611
429, 612
430, 612
430, 613
431, 614
432, 614
433, 615
434, 616
435, 617
436, 618
437, 619
438, 619
439, 620
440, 621
441, 622
442, 623
443, 624
444, 625
445, 626
446, 627
447, 628
448, 629
449, 630
450, 631
451, 632
452, 633
453, 634
454, 635
455, 636
456, 637
456, 638
457, 639
458, 640
459, 641
460, 642
461, 643
462, 644
463, 645
463, 646
464, 647
465, 648
466, 649
467, 650
468, 651
468, 652
469, 653
470, 654
471, 655
471, 656
472, 657
473, 658
473, 659
474, 660
475, 661
475, 662
476, 663
477, 664
477, 665
478, 666
479, 667
479, 668
480, 669
480, 670
481, 671
481, 672
482, 673
483, 674
483, 675
484, 676
484, 677
485, 678
485, 679
486, 680
486, 681
487, 682
487, 683
488, 684
488, 685
489, 686
489, 687
489, 688
490, 689
490, 690
491, 691
491, 692
491, 693
491, 694
492, 695
492, 696
493, 697
493, 698
493, 699
493, 700
494, 701
494, 702
494, 703
495, 704
495, 705
495, 706
495, 707
495, 708
496, 709
496, 710
496, 711
496, 712
497, 713
497, 714
497, 715
497, 716
497, 717
497, 718
497, 719
497, 720
497, 721
497, 722
497, 723
497, 724
497, 725
498, 726
498, 727
498, 728
498, 729
498, 730
498, 731
498, 732
498, 733
498, 734
498, 735
498, 736
498, 737
497, 738
497, 739
497, 740
497, 741
497, 742
497, 743
497, 744
497, 745
497, 746
496, 747
496, 748
496, 749
495, 750
495, 751
495, 752
495, 753
495, 754
494, 755
494, 756
494, 757
493, 758
493, 759
493, 760
492, 761
492, 762
491, 763
491, 764
491, 765
490, 766
489, 767
489, 768
489, 769
488, 770
487, 771
487, 772
486, 773
486, 774
485, 775
485, 776
484, 777
484, 778
483, 778
482, 779
482, 780
481, 781
480, 782
479, 783
479, 784
478, 785
477, 786
476, 787
475, 788
474, 789
474, 790
473, 791
472, 792
471, 792
470, 793
470, 794
469, 794
468, 795
467, 796
466, 797
465, 798
464, 799
463, 800
462, 801
461, 802
460, 802
459, 803
458, 804
457, 805
456, 806
456, 807
455, 807
454, 807
453, 807
452, 808
451, 809
450, 810
449, 810
448, 811
447, 811
446, 812
445, 812
444, 812
443, 813
442, 814
441, 814
440, 814
439, 815
438, 815
437, 815
436, 815
435, 816
434, 816
433, 816
432, 816
431, 816
430, 816
429, 816
428, 816
427, 816
426, 816
425, 817
424, 817
423, 817
422, 817
421, 816
420, 816
419, 816
418, 816
417, 816
416, 816
415, 816
414, 816
413, 815
412, 815
411, 815
410, 814
409, 814
408, 814
407, 813
406, 813
405, 813
404, 813
404, 812
403, 811
402, 811
401, 811
400, 810
399, 810
398, 810
397, 809
397, 808
396, 807
395, 806
394, 805
393, 805
393, 804
392, 803
391, 803
390, 802
389, 801
388, 801
388, 800
387, 799
386, 799
385, 798
384, 797
383, 796
382, 795
381, 794
380, 793
379, 793
378, 792
377, 791
376, 790
375, 789
374, 788
373, 787
372, 786
372, 785
371, 784
370, 783
369, 782
369, 781
368, 780
367, 779
366, 778
366, 777
365, 776
364, 775
364, 774
363, 773
362, 772
362, 771
361, 770
361, 769
360, 768
360, 767
359, 766
358, 765
358, 764
358, 763
357, 762
356, 761
356, 760
356, 759
355, 758
355, 757
354, 756
354, 755
354, 754
353, 753
353, 752
352, 751
352, 750
352, 749
352, 748
351, 747
350, 746
350, 745
350, 744
350, 743
350, 742
349, 741
349, 740
348, 739
348, 738
348, 737
348, 736
348, 735
347, 734
347, 733
347, 732
346, 731
346, 730
346, 729
346, 728
346, 727
346, 726
345, 725
345, 724
345, 723
345, 722
345, 721
344, 720
344, 719
344, 718
344, 717
344, 716
344, 715
344, 714
344, 713
344, 712
344, 711
343, 710
343, 709
343, 708
343, 707
343, 706
343, 705
343, 704
342, 703
342, 702
342, 701
342, 700
342, 699
342, 698
342, 697
342, 696
342, 695
342, 694
342, 693
342, 692
342, 691
342, 690
342, 689
342, 688
342, 687
342, 686
342, 685
342, 684
342, 683
342, 682
342, 681
342, 680
342, 679
342, 678
342, 677
342, 676
342, 675
342, 674
342, 673
342, 672
342, 671
342, 670
342, 669
342, 668
342, 667
343, 666
343, 665
343, 664
343, 663
343, 662
343, 661
343, 660
343, 659
343, 658
343, 657
344, 656
344, 655
344, 654
344, 653
344, 652
344, 651
343, 650
343, 649
342, 648
342, 647
341, 646
340, 645
339, 645
338, 644
337, 643
336, 643
335, 643
334, 642
334, 641
333, 640
332, 640
331, 639
330, 639
329, 638
328, 638
327, 637
326, 637
325, 637
324, 638
323, 639
323, 640
322, 641
321, 642
320, 643
319, 643
318, 644
317, 645
316, 645
315, 646
314, 646
313, 647
312, 648
311, 648
310, 648
309, 648
308, 648
307, 648
306, 648
305, 648
304, 648
303, 648
302, 648
301, 648
300, 648
299, 648
298, 647
297, 647
296, 647
295, 647
294, 647
293, 647
292, 646
291, 646
290, 646
289, 646
288, 646
287, 646
286, 646
285, 647
285, 648
284, 648
283, 648
282, 649
281, 649
280, 648
279, 648
278, 648
277, 649
276, 650
276, 651
276, 652
275, 652
274, 652
273, 652
272, 652
271, 652
270, 651
269, 651
268, 651
267, 652
267, 653
266, 654
265, 655
264, 656
263, 657
262, 658
262, 659
261, 660
260, 661
259, 662
259, 663
258, 664
258, 665
257, 666
257, 667
256, 668
256, 669
255, 670
254, 671
254, 672
253, 673
253, 674
252, 675
252, 676
251, 677
251, 678
250, 679
249, 680
249, 681
248, 682
248, 683
247, 684
247, 685
247, 686
246, 687
245, 688
245, 689
245, 690
244, 691
244, 692
243, 693
243, 694
242, 695
242, 696
241, 697
241, 698
241, 699
241, 700
240, 701
240, 702
239, 703
239, 704
239, 705
239, 706
238, 707
238, 708
237, 709
237, 710
237, 711
237, 712
237, 713
236, 714
236, 715
236, 716
236, 717
235, 718
235, 719
235, 720
235, 721
235, 722
236, 723
236, 724
236, 725
236, 726
236, 727
236, 728
237, 729
237, 730
238, 731
238, 732
238, 733
239, 734
239, 735
239, 736
239, 737
240, 738
240, 739
240, 740
240, 741
240, 742
240, 743
240, 744
240, 745
240, 746
240, 747
240, 748
240, 749
240, 750
240, 751
240, 752
240, 753
240, 754
240, 755
240, 756
240, 757
240, 758
240, 759
240, 760
240, 761
240, 762
239, 763
239, 764
239, 765
239, 766
238, 767
237, 768
236, 769
235, 769
234, 770
233, 771
233, 772
232, 773
231, 774
230, 775
229, 776
229, 777
228, 778
227, 778
226, 779
226, 780
225, 781
225, 782
224, 783
224, 784
223, 785
223, 786
222, 787
221, 788
221, 789
220, 790
220, 791
219, 792
219, 793
218, 794
218, 795
218, 796
217, 797
216, 798
216, 799
215, 800
215, 801
214, 802
213, 803
213, 804
212, 805
212, 806
211, 807
211, 808
210, 809
209, 810
208, 811
207, 812
207, 813
206, 814
206, 815
205, 816
204, 817
203, 818
202, 819
201, 820
200, 821
199, 821
198, 821
197, 822
197, 823
196, 824
196, 825
195, 825
194, 826
193, 827
192, 827
191, 827
190, 828
189, 829
189, 830
188, 830
187, 831
186, 832
185, 832
184, 832
183, 833
182, 834
181, 834
180, 834
179, 834
178, 835
177, 835
176, 835
175, 836
174, 836
173, 836
172, 836
171, 836
170, 836
169, 836
168, 836
167, 836
166, 836
165, 835
164, 835
163, 835
162, 835
161, 835
160, 835
159, 834
158, 834
157, 834
156, 834
155, 834
154, 833
153, 832
152, 832
151, 831
150, 831
149, 830
148, 830
147, 829
146, 829
145, 828
144, 827
143, 827
142, 826
141, 825
140, 824
139, 824
138, 823
137, 822
136, 821
135, 820
134, 819
133, 819
132, 818
131, 817
130, 817
129, 816
128, 815
127, 814
126, 813
125, 812
124, 811
123, 811
122, 810
121, 809
120, 808
120, 807
119, 806
118, 805
117, 804
116, 803
115, 802
114, 801
113, 800
113, 799
112, 798
112, 797
111, 796
110, 795
110, 794
109, 793
108, 792
108, 791
107, 790
107, 789
106, 788
106, 787
106, 786
105, 785
104, 784
104, 783
104, 782
104, 781
103, 780
102, 779
102, 778
102, 777
102, 776
102, 775
101, 774
100, 773
100, 772
100, 771
100, 770
100, 769
100, 768
99, 767
99, 766
99, 765
98, 764
98, 763
98, 762
98, 761
98, 760
98, 759
98, 758
98, 757
98, 756
98, 755
98, 754
97, 753
97, 752
97, 751
97, 750
97, 749
97, 748
97, 747
97, 746
97, 745
96, 744
96, 743
96, 742
