84, 205
84, 204
84, 203
85, 202
85, 201
85, 200
86, 199
86, 198
86, 197
86, 196
86, 195
86, 194
86, 193
86, 192
87, 191
87, 190
88, 189
88, 188
88, 187
88, 186
89, 185
89, 184
89, 183
89, 182
90, 181
90, 180
90, 179
91, 178
91, 177
91, 176
92, 175
92, 174
93, 173
93, 172
93, 171
94, 170
94, 169
94, 168
95, 167
95, 166
96, 165
97, 164
97, 163
97, 162
97, 161
97, 160
98, 160
99, 159
100, 158
100, 157
101, 156
102, 155
102, 154
102, 153
102, 152
103, 151
103, 150
104, 150
105, 149
105, 148
106, 148
107, 147
107, 146
107, 145
108, 145
109, 144
110, 143
111, 142
111, 141
111, 140
112, 139
113, 138
114, 137
115, 136
116, 135
117, 134
118, 133
119, 133
120, 132
121, 131
122, 131
123, 130
123, 129
124, 128
125, 127
126, 126
127, 126
128, 125
129, 125
130, 124
131, 123
132, 122
133, 121
134, 120
135, 120
136, 119
137, 119
138, 118
139, 118
140, 117
141, 116
142, 116
143, 116
144, 115
145, 114
146, 114
147, 113
148, 113
149, 112
150, 111
151, 111
152, 111
153, 110
154, 110
155, 110
156, 110
157, 110
158, 109
159, 109
160, 108
161, 108
162, 107
163, 107
164, 107
165, 107
166, 107
167, 107
168, 107
169, 106
170, 105
171, 105
172, 105
173, 105
174, 105
175, 105
176, 105
177, 105
178, 104
179, 104
180, 104
181, 104
182, 104
183, 104
184, 103
185, 103
186, 103
187, 103
188, 103
189, 103
190, 102
191, 102
192, 102
193, 102
194, 102
195, 102
196, 102
197, 102
198, 102
199, 102
200, 102
201, 102
202, 102
203, 103
204, 103
205, 103
206, 103
207, 103
208, 103
209, 103
210, 103
211, 103
212, 103
213, 104
214, 104
215, 104
216, 104
217, 105
218, 105
219, 105
220, 105
221, 105
222, 105
223, 105
224, 106
225, 106
226, 106
227, 107
228, 107
229, 107
230, 108
231, 108
232, 108
233, 109
234, 109
235, 110
236, 110
237, 111
238, 111
239, 111
240, 112
241, 113
242, 113
243, 114
244, 114
245, 115
246, 115
247, 116
248, 116
249, 117
250, 117
251, 118
252, 119
253, 120
254, 120
255, 121
256, 122
257, 123
258, 123
259, 124
260, 125
261, 126
262, 126
263, 127
264, 128
264, 129
265, 130
266, 131
267, 132
268, 133
269, 134
269, 135
270, 136
271, 137
272, 138
273, 139
274, 140
275, 141
275, 142
276, 143
276, 144
276, 145
277, 146
278, 147
278, 148
279, 149
280, 150
281, 151
281, 152
281, 153
281, 154
281, 155
282, 156
282, 157
283, 158
283, 159
283, 160
283, 161
284, 162
284, 163
285, 164
285, 165
286, 166
286, 167
286, 168
287, 169
288, 169
288, 170
288, 171
288, 172
289, 173
289, 174
290, 175
290, 176
290, 177
290, 178
291, 179
292, 180
292, 181
292, 182
292, 183
292, 184
292, 185
292, 186
292, 187
293, 188
293, 189
293, 190
293, 191
294, 192
294, 193
294, 194
294, 195
294, 196
294, 197
294, 198
295, 199
295, 200
295, 201
296, 202
295, 202
294, 203
294, 204
294, 205
294, 206
295, 207
296, 207
296, 208
297, 209
298, 210
298, 211
298, 212
298, 213
298, 214
299, 215
299, 216
299, 217
299, 218
299, 219
300, 220
300, 221
300, 222
300, 223
300, 224
300, 225
300, 226
301, 227
301, 228
301, 229
301, 230
301, 231
302, 232
302, 233
302, 234
302, 235
302, 236
302, 237
302, 238
302, 239
302, 240
303, 241
304, 241
304, 242
304, 243
304, 244
304, 245
304, 246
304, 247
304, 248
304, 249
304, 250
304, 251
304, 252
304, 253
304, 254
305, 255
306, 255
306, 256
306, 257
306, 258
306, 259
306, 260
306, 261
306, 262
306, 263
306, 264
306, 265
306, 266
306, 267
306, 268
306, 269
306, 270
307, 271
308, 271
307, 272
307, 273
307, 274
308, 275
308, 276
308, 277
308, 278
308, 279
308, 280
308, 281
308, 282
308, 283
308, 284
308, 285
308, 286
308, 287
309, 288
309, 289
310, 290
310, 291
310, 292
310, 293
310, 294
310, 295
310, 296
311, 297
310, 298
310, 299
310, 300
311, 301
312, 302
312, 303
312, 304
312, 305
312, 306
312, 307
312, 308
312, 309
312, 310
312, 311
312, 312
312, 313
312, 314
312, 315
312, 316
312, 317
312, 318
313, 319
313, 320
313, 321
313, 322
314, 323
314, 324
314, 325
314, 326
315, 327
315, 328
315, 329
315, 330
315, 331
315, 332
315, 333
316, 334
316, 335
316, 336
316, 337
316, 338
316, 339
317, 340
317, 341
317, 342
317, 343
318, 344
318, 345
318, 346
318, 347
318, 348
318, 349
318, 350
318, 351
319, 352
319, 353
319, 354
319, 355
319, 356
319, 357
319, 358
319, 359
319, 360
320, 361
320, 362
320, 363
320, 364
320, 365
321, 366
322, 367
321, 367
320, 368
320, 369
320, 370
321, 371
321, 372
321, 373
322, 374
322, 375
322, 376
322, 377
322, 378
322, 379
323, 380
323, 381
322, 382
322, 383
322, 384
322, 385
323, 386
323, 387
323, 388
323, 389
323, 390
324, 391
324, 392
324, 393
324, 394
324, 395
324, 396
324, 397
324, 398
325, 399
325, 400
325, 401
325, 402
325, 403
326, 404
326, 405
326, 406
326, 407
326, 408
326, 409
326, 410
326, 411
326, 412
327, 413
327, 414
327, 415
327, 416
327, 417
328, 418
328, 419
328, 420
329, 421
329, 422
329, 423
329, 424
330, 425
329, 426
328, 427
328, 428
328, 429
329, 430
330, 431
330, 432
330, 433
330, 434
330, 435
330, 436
330, 437
330, 438
330, 439
330, 440
331, 441
331, 442
331, 443
332, 444
332, 445
332, 446
332, 447
332, 448
332, 449
333, 450
332, 451
332, 452
332, 453
333, 454
332, 455
332, 456
332, 457
332, 458
332, 459
332, 460
333, 461
334, 461
334, 462
334, 463
334, 464
334, 465
334, 466
334, 467
334, 468
334, 469
334, 470
334, 471
334, 472
335, 473
336, 473
336, 474
336, 475
336, 476
336, 477
337, 478
336, 479
336, 480
336, 481
336, 482
336, 483
337, 484
337, 485
337, 486
337, 487
337, 488
338, 489
338, 490
338, 491
338, 492
338, 493
338, 494
338, 495
338, 496
338, 497
338, 498
338, 499
339, 500
339, 501
339, 502
339, 503
340, 504
340, 505
340, 506
340, 507
340, 508
340, 509
340, 510
340, 511
340, 512
341, 513
341, 514
341, 515
341, 516
342, 517
342, 518
342, 519
342, 520
342, 521
342, 522
342, 523
342, 524
342, 525
342, 526
343, 527
343, 528
343, 529
343, 530
343, 531
344, 532
344, 533
344, 534
344, 535
344, 536
344, 537
344, 538
344, 539
345, 540
345, 541
345, 542
345, 543
345, 544
345, 545
346, 546
346, 547
346, 548
346, 549
346, 550
346, 551
346, 552
346, 553
346, 554
346, 555
346, 556
346, 557
347, 558
347, 559
347, 560
347, 561
347, 562
348, 563
348, 564
348, 565
348, 566
348, 567
348, 568
348, 569
348, 570
349, 571
349, 572
349, 573
349, 574
349, 575
350, 576
350, 577
350, 578
350, 579
350, 580
350, 581
350, 582
350, 583
351, 584
351, 585
351, 586
352, 587
352, 588
352, 589
352, 590
352, 591
352, 592
352, 593
353, 594
353, 595
353, 596
353, 597
353, 598
353, 599
353, 600
354, 601
354, 602
354, 603
354, 604
354, 605
354, 606
354, 607
354, 608
354, 609
355, 610
355, 611
354, 612
354, 613
354, 614
355, 615
355, 616
355, 617
355, 618
355, 619
356, 620
356, 621
356, 622
356, 623
356, 624
357, 625
357, 626
357, 627
357, 628
357, 629
358, 630
358, 631
358, 632
358, 633
358, 634
358, 635
358, 636
358, 637
358, 638
358, 639
358, 640
358, 641
358, 642
358, 643
358, 644
358, 645
359, 646
359, 647
359, 648
360, 649
360, 650
360, 651
360, 652
360, 653
360, 654
360, 655
360, 656
360, 657
360, 658
360, 659
360, 660
360, 661
361, 662
361, 663
361, 664
362, 665
362, 666
362, 667
362, 668
362, 669
362, 670
362, 671
362, 672
362, 673
362, 674
363, 675
363, 676
364, 677
364, 678
364, 679
364, 680
364, 681
364, 682
365, 683
365, 684
365, 685
365, 686
365, 687
365, 688
366, 689
367, 690
368, 691
369, 692
369, 693
370, 694
371, 695
372, 696
373, 697
373, 698
374, 699
375, 699
376, 700
377, 701
378, 702
379, 703
380, 704
381, 704
382, 705
382, 706
383, 707
384, 707
385, 708
385, 709
386, 710
387, 711
388, 712
389, 713
390, 714
391, 715
392, 716
393, 717
394, 718
395, 719
396, 720
397, 721
397, 722
398, 723
399, 723
399, 724
400, 725
401, 726
401, 727
402, 728
403, 729
404, 730
404, 731
405, 732
406, 732
407, 732
408, 731
409, 731
410, 730
411, 730
412, 730
413, 730
414, 729
414, 728
415, 727
416, 726
417, 725
417, 724
417, 723
418, 722
419, 721
419, 720
420, 720
421, 719
421, 718
422, 718
423, 717
423, 716
424, 716
425, 715
425, 714
426, 714
427, 713
427, 712
427, 711
427, 710
428, 710
429, 709
429, 708
429, 707
429, 706
429, 705
430, 705
431, 704
432, 704
433, 703
433, 702
434, 702
435, 701
435, 700
435, 699
436, 699
437, 699
438, 699
439, 698
439, 697
440, 697
441, 697
442, 697
443, 696
443, 695
444, 694
444, 693
444, 692
444, 691
445, 690
445, 689
445, 688
445, 687
445, 686
446, 685
446, 684
446, 683
446, 682
446, 681
446, 680
447, 679
447, 678
447, 677
447, 676
448, 676
449, 675
449, 674
449, 673
449, 672
450, 671
450, 670
450, 669
450, 668
450, 667
450, 666
450, 665
451, 664
451, 663
451, 662
451, 661
451, 660
451, 659
451, 658
451, 657
451, 656
452, 655
452, 654
453, 653
453, 652
453, 651
453, 650
453, 649
454, 648
454, 647
454, 646
455, 645
455, 644
455, 643
455, 642
455, 641
455, 640
455, 639
455, 638
456, 637
456, 636
456, 635
457, 634
457, 633
457, 632
457, 631
457, 630
457, 629
458, 628
458, 627
458, 626
458, 625
458, 624
459, 623
459, 622
459, 621
459, 620
460, 619
460, 618
460, 617
460, 616
461, 615
461, 614
461, 613
462, 612
462, 611
462, 610
462, 609
462, 608
462, 607
462, 606
463, 605
463, 604
463, 603
463, 602
463, 601
464, 600
464, 599
464, 598
464, 597
465, 596
465, 595
465, 594
465, 593
465, 592
465, 591
466, 590
466, 589
466, 588
466, 587
467, 586
467, 585
467, 584
467, 583
467, 582
468, 581
468, 580
469, 579
469, 578
469, 577
469, 576
469, 575
469, 574
469, 573
469, 572
469, 571
470, 570
470, 569
470, 568
470, 567
470, 566
471, 565
471, 564
471, 563
472, 562
472, 561
472, 560
472, 559
472, 558
472, 557
472, 556
473, 555
473, 554
473, 553
474, 552
474, 551
474, 550
474, 549
474, 548
475, 547
475, 546
475, 545
475, 544
476, 543
476, 542
476, 541
476, 540
476, 539
476, 538
476, 537
477, 536
477, 535
477, 534
478, 533
478, 532
478, 531
478, 530
478, 529
479, 528
479, 527
479, 526
480, 525
480, 524
480, 523
480, 522
480, 521
480, 520
481, 519
481, 518
481, 517
481, 516
481, 515
482, 514
482, 513
482, 512
482, 511
482, 510
483, 509
483, 508
483, 507
483, 506
483, 505
483, 504
483, 503
483, 502
484, 501
484, 500
485, 499
485, 498
485, 497
485, 496
485, 495
485, 494
486, 493
486, 492
486, 491
487, 490
487, 489
487, 488
487, 487
487, 486
488, 485
488, 484
488, 483
488, 482
488, 481
488, 480
488, 479
488, 478
489, 477
490, 476
490, 475
490, 474
490, 473
490, 472
491, 471
491, 470
491, 469
491, 468
491, 467
491, 466
492, 465
492, 464
492, 463
493, 462
493, 461
493, 460
493, 459
494, 458
494, 457
494, 456
494, 455
494, 454
495, 453
495, 452
495, 451
495, 450
495, 449
495, 448
496, 447
496, 446
496, 445
496, 444
496, 443
497, 442
497, 441
497, 440
497, 439
497, 438
498, 437
498, 436
498, 435
498, 434
498, 433
499, 432
499, 431
499, 430
499, 429
499, 428
499, 427
499, 426
500, 425
500, 424
501, 423
501, 422
501, 421
501, 420
501, 419
501, 418
502, 417
502, 416
502, 415
503, 414
503, 413
503, 412
503, 411
503, 410
504, 409
504, 408
504, 407
504, 406
505, 405
505, 404
505, 403
505, 402
506, 401
506, 400
506, 399
506, 398
507, 397
507, 396
507, 395
507, 394
507, 393
508, 392
508, 391
508, 390
508, 389
509, 388
509, 387
509, 386
509, 385
510, 384
510, 383
510, 382
510, 381
510, 380
510, 379
511, 378
511, 377
511, 376
511, 375
511, 374
512, 374
513, 373
513, 372
513, 371
513, 370
513, 369
513, 368
513, 367
514, 366
514, 365
514, 364
514, 363
514, 362
514, 361
515, 360
515, 359
515, 358
515, 357
516, 356
516, 355
516, 354
517, 353
517, 352
517, 351
517, 350
517, 349
518, 348
518, 347
519, 346
519, 345
519, 344
519, 343
519, 342
519, 341
519, 340
519, 339
519, 338
520, 337
520, 336
520, 335
520, 334
521, 333
521, 332
521, 331
521, 330
522, 329
522, 328
522, 327
522, 326
522, 325
523, 324
523, 323
523, 322
523, 321
523, 320
524, 319
525, 318
525, 317
525, 316
525, 315
525, 314
525, 313
525, 312
525, 311
525, 310
526, 309
527, 308
527, 307
527, 306
527, 305
527, 304
527, 303
527, 302
528, 301
529, 300
529, 299
529, 298
529, 297
529, 296
529, 295
530, 294
530, 293
530, 292
530, 291
530, 290
530, 289
531, 288
531, 287
531, 286
532, 285
532, 284
532, 283
533, 282
533, 281
533, 280
533, 279
533, 278
533, 277
533, 276
533, 275
533, 274
533, 273
534, 272
535, 271
535, 270
535, 269
536, 268
536, 267
536, 266
536, 265
537, 264
537, 263
537, 262
538, 261
538, 260
538, 259
537, 258
538, 257
539, 256
539, 255
539, 254
539, 253
539, 252
539, 251
539, 250
540, 249
540, 248
540, 247
541, 246
541, 245
541, 244
541, 243
541, 242
541, 241
542, 240
542, 239
542, 238
543, 237
543, 236
543, 235
543, 234
543, 233
544, 232
544, 231
544, 230
544, 229
544, 228
545, 227
545, 226
545, 225
545, 224
545, 223
545, 222
546, 221
546, 220
547, 219
547, 218
547, 217
548, 216
548, 215
548, 214
549, 213
549, 212
549, 211
549, 210
550, 209
550, 208
550, 207
550, 206
551, 205
551, 204
551, 203
551, 202
552, 201
552, 200
552, 199
552, 198
552, 197
552, 196
553, 195
554, 194
554, 193
554, 192
554, 191
555, 190
556, 189
556, 188
556, 187
556, 186
557, 185
558, 184
558, 183
558, 182
559, 181
559, 180
560, 179
560, 178
560, 177
560, 176
561, 175
562, 174
562, 173
563, 172
563, 171
563, 170
564, 169
564, 168
565, 167
565, 166
566, 165
566, 164
566, 163
566, 162
567, 161
568, 160
568, 159
568, 158
569, 157
570, 156
571, 155
571, 154
572, 153
572, 152
573, 151
574, 151
575, 150
576, 149
577, 148
578, 147
578, 146
579, 145
579, 144
580, 143
581, 142
582, 141
583, 140
584, 139
585, 138
586, 138
587, 137
588, 136
589, 135
590, 134
591, 133
592, 132
593, 131
594, 131
595, 130
596, 129
597, 129
598, 128
599, 127
600, 127
601, 126
602, 126
603, 125
604, 124
605, 124
606, 123
607, 122
608, 121
609, 120
610, 120
611, 119
612, 118
613, 118
614, 118
615, 117
616, 117
617, 117
618, 117
619, 117
620, 117
621, 116
622, 116
623, 115
624, 115
625, 115
626, 114
627, 114
628, 114
629, 114
630, 113
631, 113
632, 113
633, 113
634, 112
635, 112
636, 111
637, 111
638, 111
639, 111
640, 111
641, 111
642, 110
643, 110
644, 110
645, 110
646, 109
647, 109
648, 109
649, 109
650, 109
651, 109
652, 109
653, 108
654, 108
655, 109
656, 109
657, 109
658, 109
659, 109
660, 109
661, 109
662, 109
663, 109
664, 109
665, 109
666, 109
667, 109
668, 109
669, 109
670, 109
671, 110
672, 111
673, 111
674, 111
675, 111
676, 112
677, 112
678, 112
679, 112
680, 112
681, 113
682, 113
683, 113
684, 113
685, 114
686, 114
687, 114
688, 114
689, 115
690, 115
691, 115
692, 116
693, 116
694, 117
695, 118
696, 118
697, 118
698, 118
699, 119
700, 119
701, 120
702, 120
703, 120
704, 120
704, 121
705, 122
706, 122
707, 122
708, 123
709, 124
710, 124
711, 124
712, 125
713, 126
714, 126
715, 127
716, 128
717, 129
718, 129
719, 130
720, 131
721, 131
722, 132
723, 132
724, 133
724, 134
725, 135
726, 136
727, 136
728, 137
729, 137
730, 138
731, 139
732, 140
733, 141
734, 141
734, 142
734, 143
735, 144
736, 144
737, 145
737, 146
738, 147
739, 148
739, 149
740, 150
740, 151
740, 152
741, 153
742, 153
743, 154
744, 155
744, 156
745, 157
746, 158
746, 159
747, 160
748, 160
748, 161
748, 162
749, 163
750, 164
750, 165
750, 166
750, 167
751, 168
752, 168
752, 169
752, 170
752, 171
753, 172
754, 172
754, 173
754, 174
754, 175
754, 176
755, 177
756, 177
756, 178
756, 179
756, 180
757, 181
758, 182
758, 183
758, 184
758, 185
758, 186
759, 187
759, 188
760, 189
760, 190
760, 191
760, 192
760, 193
761, 194
761, 195
762, 196
762, 197
762, 198
762, 199
763, 200
763, 201
763, 202
763, 203
764, 204
764, 205
764, 206
764, 207
764, 208
764, 209
764, 210
765, 211
765, 212
766, 213
766, 214
766, 215
766, 216
766, 217
766, 218
766, 219
766, 220
766, 221
766, 222
766, 223
766, 224
766, 225
766, 226
766, 227
766, 228
766, 229
766, 230
766, 231
767, 232
767, 233
767, 234
766, 235
766, 236
766, 237
767, 238
768, 238
768, 239
768, 240
768, 241
767, 242
767, 243
767, 244
768, 245
768, 246
768, 247
768, 248
767, 248
766, 249
766, 250
766, 251
766, 252
766, 253
766, 254
766, 255
766, 256
766, 257
766, 258
766, 259
766, 260
766, 261
766, 262
766, 263
766, 264
766, 265
766, 266
766, 267
766, 268
766, 269
766, 270
766, 271
766, 272
765, 273
765, 274
765, 275
764, 276
764, 277
763, 278
763, 279
762, 280
761, 281
761, 282
761, 283
761, 284
761, 285
762, 286
761, 286
760, 287
759, 288
759, 289
759, 290
758, 291
758, 292
758, 293
757, 294
757, 295
757, 296
758, 297
758, 298
757, 298
756, 299
756, 300
755, 300
754, 300
753, 301
753, 302
753, 303
754, 304
754, 305
753, 305
752, 305
751, 306
751, 307
751, 308
750, 309
750, 310
749, 311
749, 312
748, 313
747, 314
747, 315
746, 316
745, 317
744, 318
744, 319
744, 320
743, 321
743, 322
742, 323
741, 324
741, 325
741, 326
742, 327
741, 327
740, 327
739, 327
738, 328
738, 329
737, 330
737, 331
736, 331
735, 332
735, 333
735, 334
736, 335
735, 336
734, 336
733, 336
732, 337
731, 337
730, 338
730, 339
730, 340
729, 341
728, 342
728, 343
728, 344
729, 345
730, 345
731, 345
731, 346
730, 345
729, 345
728, 345
727, 346
727, 347
726, 347
725, 347
724, 348
724, 349
724, 350
724, 351
723, 351
722, 351
721, 351
720, 352
720, 353
719, 354
719, 355
718, 356
718, 357
718, 358
717, 358
716, 358
715, 358
714, 359
714, 360
713, 360
712, 361
711, 361
710, 361
709, 362
709, 363
708, 364
708, 365
708, 366
707, 366
706, 366
705, 366
704, 367
704, 368
703, 368
702, 368
701, 368
700, 368
699, 368
698, 369
697, 369
696, 370
695, 371
694, 372
693, 373
693, 374
692, 374
691, 375
690, 375
689, 375
688, 375
687, 376
686, 376
685, 376
684, 376
683, 377
683, 378
682, 378
681, 378
680, 378
679, 379
678, 379
677, 379
676, 380
675, 380
674, 380
673, 380
672, 380
671, 380
670, 380
669, 381
668, 381
667, 381
666, 381
665, 381
664, 381
663, 382
662, 382
661, 382
660, 382
659, 382
658, 383
657, 383
656, 383
655, 383
654, 383
653, 383
652, 383
651, 383
650, 383
649, 383
648, 383
647, 383
646, 384
645, 383
644, 383
643, 383
642, 383
641, 383
640, 383
639, 383
638, 383
637, 382
636, 382
635, 382
634, 382
633, 382
632, 382
631, 382
630, 382
629, 382
628, 382
627, 382
626, 382
625, 382
624, 382
623, 382
622, 382
621, 381
620, 381
619, 381
618, 381
617, 381
616, 380
615, 380
614, 380
613, 380
612, 380
611, 380
610, 380
609, 379
608, 379
607, 379
606, 379
605, 378
604, 378
603, 378
602, 378
601, 378
600, 378
599, 378
598, 378
597, 377
596, 377
595, 377
594, 377
593, 376
592, 376
591, 376
590, 375
589, 375
588, 375
587, 375
586, 375
585, 375
584, 375
583, 375
582, 374
581, 374
580, 374
579, 374
578, 374
577, 373
576, 373
575, 373
574, 373
573, 373
572, 373
571, 372
570, 372
569, 372
568, 372
567, 372
566, 371
565, 371
564, 371
563, 370
562, 370
561, 369
560, 369
559, 369
558, 368
557, 368
556, 368
555, 368
554, 368
553, 369
552, 369
551, 369
550, 370
550, 371
550, 372
551, 373
551, 374
550, 374
549, 375
548, 376
548, 377
548, 378
548, 379
547, 380
547, 381
547, 382
547, 383
546, 384
546, 385
546, 386
546, 387
545, 388
545, 389
545, 390
545, 391
545, 392
544, 393
544, 394
543, 395
542, 396
542, 397
541, 397
540, 398
540, 399
540, 400
540, 401
540, 402
540, 403
540, 404
540, 405
540, 406
539, 406
538, 407
538, 408
538, 409
539, 410
538, 410
537, 411
537, 412
537, 413
536, 414
536, 415
536, 416
536, 417
536, 418
536, 419
536, 420
535, 420
534, 421
534, 422
534, 423
534, 424
534, 425
533, 426
533, 427
533, 428
533, 429
533, 430
533, 431
533, 432
533, 433
534, 434
533, 434
532, 434
531, 435
531, 436
531, 437
531, 438
531, 439
530, 440
530, 441
530, 442
530, 443
530, 444
530, 445
529, 446
529, 447
529, 448
529, 449
528, 450
528, 451
528, 452
527, 453
527, 454
527, 455
527, 456
526, 457
526, 458
526, 459
526, 460
526, 461
526, 462
526, 463
526, 464
526, 465
525, 466
525, 467
525, 468
525, 469
525, 470
525, 471
524, 472
523, 473
523, 474
523, 475
523, 476
523, 477
522, 478
522, 479
522, 480
522, 481
522, 482
522, 483
521, 484
521, 485
521, 486
521, 487
521, 488
520, 489
520, 490
519, 491
519, 492
519, 493
519, 494
519, 495
519, 496
518, 497
518, 498
518, 499
518, 500
517, 501
517, 502
517, 503
517, 504
518, 505
518, 506
518, 507
517, 507
516, 508
516, 509
516, 510
516, 511
515, 512
515, 513
515, 514
516, 515
516, 516
516, 517
515, 517
514, 518
514, 519
514, 520
514, 521
514, 522
514, 523
514, 524
514, 525
513, 526
513, 527
513, 528
513, 529
512, 530
512, 531
512, 532
512, 533
512, 534
511, 535
511, 536
511, 537
511, 538
511, 539
510, 540
510, 541
510, 542
510, 543
510, 544
510, 545
510, 546
510, 547
509, 548
508, 549
508, 550
508, 551
508, 552
508, 553
508, 554
508, 555
508, 556
508, 557
508, 558
507, 559
506, 560
506, 561
506, 562
507, 563
506, 564
506, 565
506, 566
505, 566
504, 567
504, 568
504, 569
504, 570
505, 571
505, 572
505, 573
504, 574
504, 575
504, 576
504, 577
503, 577
502, 578
502, 579
502, 580
502, 581
502, 582
502, 583
502, 584
502, 585
501, 586
501, 587
501, 588
501, 589
501, 590
500, 591
500, 592
500, 593
500, 594
500, 595
500, 596
500, 597
499, 597
498, 598
498, 599
498, 600
498, 601
498, 602
498, 603
498, 604
498, 605
497, 606
497, 607
497, 608
497, 609
496, 610
496, 611
496, 612
496, 613
496, 614
496, 615
495, 616
495, 617
494, 618
494, 619
494, 620
494, 621
494, 622
494, 623
494, 624
494, 625
493, 625
492, 626
492, 627
492, 628
493, 629
493, 630
492, 631
492, 632
491, 632
490, 633
490, 634
490, 635
489, 636
489, 637
489, 638
489, 639
489, 640
489, 641
489, 642
489, 643
488, 644
488, 645
488, 646
488, 647
488, 648
488, 649
488, 650
487, 651
487, 652
486, 653
486, 654
486, 655
486, 656
485, 657
485, 658
485, 659
484, 660
484, 661
484, 662
484, 663
484, 664
484, 665
484, 666
484, 667
483, 668
483, 669
483, 670
483, 671
483, 672
483, 673
482, 674
482, 675
482, 676
482, 677
482, 678
482, 679
481, 680
481, 681
481, 682
481, 683
481, 684
480, 685
480, 686
480, 687
480, 688
479, 689
479, 690
479, 691
479, 692
478, 693
478, 694
478, 695
477, 696
477, 697
477, 698
476, 699
476, 700
476, 701
475, 702
475, 703
475, 704
474, 705
474, 706
474, 707
474, 708
474, 709
474, 710
474, 711
474, 712
474, 713
475, 714
474, 715
473, 716
473, 717
473, 718
473, 719
473, 720
472, 721
472, 722
472, 723
472, 724
471, 725
470, 726
470, 727
470, 728
470, 729
470, 730
470, 731
469, 731
468, 732
468, 733
468, 734
468, 735
467, 736
467, 737
467, 738
467, 739
467, 740
466, 741
466, 742
466, 743
466, 744
466, 745
465, 746
465, 747
465, 748
464, 749
464, 750
464, 751
464, 752
465, 753
465, 754
464, 755
464, 756
463, 757
462, 758
462, 759
462, 760
461, 761
460, 762
460, 763
459, 764
459, 765
458, 766
458, 767
457, 768
456, 769
456, 770
456, 771
455, 772
455, 773
455, 774
455, 775
455, 776
454, 777
454, 778
454, 779
454, 780
453, 781
453, 782
452, 783
452, 784
452, 785
452, 786
452, 787
451, 788
451, 789
450, 790
450, 791
449, 792
449, 793
449, 794
449, 795
449, 796
448, 797
447, 798
447, 799
447, 800
447, 801
446, 802
446, 803
446, 804
446, 805
445, 806
445, 807
445, 808
445, 809
444, 810
444, 811
443, 812
443, 813
443, 814
443, 815
443, 816
442, 817
442, 818
441, 819
440, 820
440, 821
439, 821
438, 822
438, 823
438, 824
438, 825
438, 826
438, 827
438, 828
438, 829
438, 830
438, 831
439, 832
439, 833
439, 834
439, 835
439, 836
439, 837
439, 838
439, 839
439, 840
439, 841
439, 842
439, 843
439, 844
439, 845
440, 846
441, 846
441, 847
440, 848
440, 849
440, 850
441, 851
441, 852
441, 853
441, 854
441, 855
441, 856
440, 856
439, 857
439, 858
439, 859
440, 860
439, 861
439, 862
439, 863
439, 864
438, 865
438, 866
437, 867
437, 868
437, 869
436, 870
436, 871
435, 872
435, 873
435, 874
435, 875
434, 876
433, 877
433, 878
433, 879
433, 880
432, 881
432, 882
431, 883
431, 884
431, 885
430, 886
430, 887
430, 888
429, 889
429, 890
429, 891
428, 892
428, 893
427, 894
427, 895
427, 896
427, 897
427, 898
426, 899
426, 900
426, 901
425, 902
425, 903
425, 904
424, 905
424, 906
424, 907
424, 908
424, 909
423, 910
423, 911
423, 912
423, 913
423, 914
423, 915
423, 916
422, 917
421, 918
421, 919
421, 920
421, 921
421, 922
421, 923
420, 924
420, 925
419, 926
419, 927
419, 928
419, 929
419, 930
419, 931
419, 932
418, 933
418, 934
418, 935
417, 936
417, 937
417, 938
417, 939
417, 940
416, 941
416, 942
415, 943
415, 944
415, 945
415, 946
415, 947
415, 948
415, 949
414, 950
414, 951
414, 952
413, 953
413, 954
413, 955
413, 956
413, 957
412, 958
411, 959
411, 960
411, 961
411, 962
411, 963
411, 964
411, 965
410, 966
410, 967
410, 968
409, 969
409, 970
409, 971
409, 972
409, 973
408, 974
408, 975
407, 976
407, 977
407, 978
407, 979
407, 980
406, 981
406, 982
406, 983
405, 984
405, 985
405, 986
405, 987
404, 988
404, 989
403, 990
403, 991
403, 992
403, 993
403, 994
402, 995
402, 996
402, 997
401, 998
401, 999
401, 1000
401, 1001
401, 1002
401, 1003
401, 1004
400, 1005
399, 1006
399, 1007
399, 1008
399, 1009
399, 1010
399, 1011
398, 1012
398, 1013
397, 1014
397, 1015
397, 1016
397, 1017
397, 1018
397, 1019
396, 1020
395, 1021
395, 1022
395, 1023
395, 1024
395, 1025
395, 1026
395, 1027
395, 1028
394, 1029
393, 1030
393, 1031
393, 1032
393, 1033
393, 1034
393, 1035
392, 1036
392, 1037
391, 1038
391, 1039
391, 1040
391, 1041
391, 1042
391, 1043
390, 1044
390, 1045
389, 1046
389, 1047
389, 1048
389, 1049
389, 1050
389, 1051
388, 1052
388, 1053
387, 1054
387, 1055
387, 1056
387, 1057
387, 1058
387, 1059
386, 1060
385, 1061
385, 1062
385, 1063
385, 1064
385, 1065
385, 1066
385, 1067
384, 1068
384, 1069
383, 1070
383, 1071
383, 1072
383, 1073
383, 1074
383, 1075
382, 1076
382, 1077
381, 1078
381, 1079
381, 1080
381, 1081
381, 1082
381, 1083
380, 1084
380, 1085
380, 1086
379, 1087
379, 1088
379, 1089
379, 1090
379, 1091
378, 1092
378, 1093
377, 1094
377, 1095
377, 1096
377, 1097
377, 1098
376, 1099
375, 1100
375, 1101
375, 1102
375, 1103
375, 1104
375, 1105
375, 1106
375, 1107
374, 1108
374, 1109
373, 1110
373, 1111
373, 1112
373, 1113
373, 1114
373, 1115
373, 1116
372, 1117
372, 1118
371, 1119
371, 1120
371, 1121
371, 1122
371, 1123
370, 1124
370, 1125
370, 1126
370, 1127
369, 1128
369, 1129
369, 1130
369, 1131
368, 1132
368, 1133
367, 1134
367, 1135
367, 1136
367, 1137
367, 1138
367, 1139
366, 1140
366, 1141
366, 1142
366, 1143
365, 1144
365, 1145
365, 1146
365, 1147
364, 1148
364, 1149
363, 1150
363, 1151
363, 1152
363, 1153
363, 1154
362, 1155
361, 1155
360, 1156
360, 1157
360, 1158
360, 1159
360, 1160
360, 1161
360, 1162
359, 1162
358, 1163
358, 1164
358, 1165
358, 1166
358, 1167
358, 1168
358, 1169
357, 1170
357, 1171
357, 1172
356, 1173
356, 1174
356, 1175
356, 1176
356, 1177
356, 1178
355, 1179
355, 1180
355, 1181
355, 1182
354, 1183
354, 1184
354, 1185
353, 1186
352, 1187
352, 1188
352, 1189
352, 1190
352, 1191
352, 1192
352, 1193
352, 1194
351, 1195
350, 1196
350, 1197
350, 1198
350, 1199
350, 1200
351, 1201
350, 1202
349, 1203
349, 1204
349, 1205
348, 1206
348, 1207
348, 1208
348, 1209
347, 1210
346, 1211
346, 1212
346, 1213
346, 1214
345, 1215
345, 1216
344, 1217
343, 1218
342, 1219
341, 1219
340, 1220
340, 1221
339, 1222
339, 1223
339, 1224
338, 1224
337, 1224
336, 1224
335, 1225
334, 1225
333, 1225
332, 1226
331, 1226
330, 1226
329, 1226
328, 1226
327, 1227
326, 1227
325, 1227
324, 1227
323, 1227
322, 1227
321, 1226
320, 1225
320, 1224
319, 1223
318, 1222
317, 1221
316, 1220
316, 1219
315, 1218
315, 1217
315, 1216
314, 1215
314, 1214
314, 1213
314, 1212
313, 1211
313, 1210
313, 1209
313, 1208
313, 1207
313, 1206
313, 1205
313, 1204
313, 1203
313, 1202
313, 1201
313, 1200
314, 1199
314, 1198
314, 1197
314, 1196
314, 1195
314, 1194
314, 1193
314, 1192
315, 1191
315, 1190
316, 1189
316, 1188
316, 1187
315, 1186
316, 1185
316, 1184
316, 1183
316, 1182
316, 1181
316, 1180
317, 1179
317, 1178
317, 1177
317, 1176
317, 1175
317, 1174
318, 1173
318, 1172
318, 1171
318, 1170
318, 1169
318, 1168
318, 1167
318, 1166
319, 1165
319, 1164
319, 1163
319, 1162
319, 1161
319, 1160
320, 1159
320, 1158
320, 1157
320, 1156
320, 1155
320, 1154
321, 1153
321, 1152
321, 1151
321, 1150
321, 1149
321, 1148
322, 1147
322, 1146
322, 1145
322, 1144
322, 1143
322, 1142
323, 1141
323, 1140
323, 1139
323, 1138
323, 1137
323, 1136
323, 1135
323, 1134
323, 1133
324, 1132
324, 1131
324, 1130
324, 1129
324, 1128
324, 1127
324, 1126
325, 1125
325, 1124
325, 1123
325, 1122
325, 1121
325, 1120
326, 1119
326, 1118
326, 1117
326, 1116
326, 1115
326, 1114
326, 1113
326, 1112
326, 1111
326, 1110
327, 1109
327, 1108
327, 1107
327, 1106
327, 1105
327, 1104
327, 1103
327, 1102
328, 1101
329, 1100
329, 1099
329, 1098
329, 1097
329, 1096
329, 1095
329, 1094
329, 1093
329, 1092
330, 1091
330, 1090
330, 1089
330, 1088
330, 1087
331, 1086
331, 1085
331, 1084
331, 1083
331, 1082
331, 1081
332, 1080
332, 1079
332, 1078
332, 1077
332, 1076
333, 1075
333, 1074
333, 1073
333, 1072
333, 1071
333, 1070
334, 1069
334, 1068
334, 1067
334, 1066
334, 1065
335, 1064
335, 1063
335, 1062
335, 1061
335, 1060
335, 1059
335, 1058
335, 1057
336, 1056
336, 1055
336, 1054
336, 1053
335, 1052
336, 1051
336, 1050
336, 1049
337, 1048
337, 1047
337, 1046
337, 1045
337, 1044
337, 1043
337, 1042
338, 1041
338, 1040
338, 1039
337, 1038
337, 1037
337, 1036
338, 1035
338, 1034
338, 1033
338, 1032
339, 1031
339, 1030
339, 1029
339, 1028
339, 1027
339, 1026
339, 1025
340, 1024
340, 1023
340, 1022
341, 1021
341, 1020
341, 1019
341, 1018
341, 1017
341, 1016
341, 1015
341, 1014
342, 1013
342, 1012
342, 1011
342, 1010
342, 1009
342, 1008
343, 1007
343, 1006
343, 1005
343, 1004
343, 1003
343, 1002
343, 1001
343, 1000
343, 999
343, 998
343, 997
343, 996
343, 995
343, 994
343, 993
343, 992
344, 992
345, 991
345, 990
345, 989
344, 988
343, 988
342, 987
341, 987
340, 987
339, 987
338, 987
337, 987
336, 988
336, 989
335, 990
334, 991
334, 992
333, 993
332, 994
331, 995
330, 995
329, 995
328, 996
328, 997
327, 997
326, 998
326, 999
326, 1000
326, 1001
325, 1002
324, 1002
323, 1003
322, 1004
321, 1005
320, 1006
320, 1007
319, 1007
318, 1008
318, 1009
318, 1010
317, 1010
316, 1011
316, 1012
315, 1012
314, 1013
313, 1013
312, 1014
312, 1015
312, 1016
311, 1016
310, 1017
310, 1018
309, 1019
309, 1020
308, 1021
307, 1021
306, 1022
305, 1023
304, 1024
304, 1025
304, 1026
303, 1026
302, 1026
301, 1027
300, 1028
299, 1029
299, 1030
298, 1031
297, 1032
296, 1033
295, 1034
295, 1035
294, 1036
293, 1037
292, 1038
291, 1039
290, 1040
289, 1041
289, 1042
289, 1043
288, 1043
287, 1044
286, 1045
285, 1046
284, 1047
283, 1048
283, 1049
282, 1050
282, 1051
282, 1052
281, 1052
280, 1053
279, 1053
278, 1054
278, 1055
277, 1056
276, 1057
275, 1058
274, 1059
273, 1060
273, 1061
272, 1062
272, 1063
271, 1063
270, 1064
269, 1065
268, 1066
268, 1067
267, 1068
267, 1069
266, 1069
265, 1070
265, 1071
264, 1072
263, 1073
262, 1074
261, 1075
261, 1076
260, 1077
259, 1078
258, 1079
257, 1080
256, 1081
255, 1082
254, 1083
253, 1084
253, 1085
252, 1086
251, 1087
250, 1088
249, 1089
249, 1090
248, 1091
247, 1091
246, 1092
246, 1093
246, 1094
245, 1095
244, 1096
243, 1097
242, 1098
241, 1099
240, 1100
240, 1101
239, 1102
238, 1103
237, 1104
236, 1105
235, 1106
234, 1107
233, 1108
233, 1109
232, 1110
231, 1111
231, 1112
230, 1112
229, 1113
228, 1114
228, 1115
227, 1116
226, 1117
225, 1118
224, 1119
223, 1120
222, 1121
221, 1122
220, 1122
219, 1122
218, 1122
217, 1123
216, 1123
215, 1122
214, 1121
213, 1121
212, 1121
212, 1120
211, 1119
210, 1119
209, 1118
208, 1117
208, 1116
207, 1115
206, 1114
206, 1113
205, 1112
205, 1111
204, 1110
204, 1109
203, 1108
203, 1107
203, 1106
202, 1105
201, 1105
201, 1104
201, 1103
201, 1102
200, 1101
200, 1100
200, 1099
200, 1098
200, 1097
199, 1096
199, 1095
199, 1094
199, 1093
199, 1092
199, 1091
199, 1090
198, 1089
198, 1088
198, 1087
198, 1086
198, 1085
198, 1084
198, 1083
198, 1082
198, 1081
198, 1080
198, 1079
198, 1078
199, 1077
199, 1076
199, 1075
199, 1074
199, 1073
199, 1072
200, 1071
200, 1070
200, 1069
200, 1068
201, 1067
201, 1066
201, 1065
202, 1064
202, 1063
202, 1062
201, 1061
202, 1061
203, 1060
203, 1059
203, 1058
203, 1057
204, 1057
205, 1056
205, 1055
205, 1054
205, 1053
206, 1053
207, 1052
207, 1051
207, 1050
207, 1049
208, 1049
209, 1048
209, 1047
210, 1046
210, 1045
211, 1044
212, 1043
213, 1042
213, 1041
214, 1040
215, 1039
215, 1038
215, 1037
216, 1037
217, 1036
218, 1035
218, 1034
219, 1033
220, 1032
220, 1031
221, 1030
221, 1029
221, 1028
222, 1028
223, 1027
224, 1027
225, 1026
225, 1025
226, 1024
227, 1023
228, 1022
228, 1021
229, 1020
229, 1019
230, 1019
231, 1018
232, 1017
232, 1016
233, 1015
234, 1014
234, 1013
235, 1012
235, 1011
236, 1011
237, 1010
238, 1009
239, 1008
239, 1007
240, 1007
241, 1006
241, 1005
241, 1004
242, 1004
243, 1003
243, 1002
243, 1001
244, 1001
245, 1000
245, 999
245, 998
246, 998
247, 997
247, 996
248, 996
249, 995
249, 994
249, 993
250, 993
251, 992
251, 991
252, 991
253, 990
253, 989
254, 989
255, 988
255, 987
255, 986
256, 986
257, 985
258, 984
259, 983
259, 982
259, 981
259, 980
260, 980
261, 979
262, 978
263, 977
264, 976
265, 975
266, 974
267, 973
267, 972
267, 971
268, 971
269, 970
270, 969
271, 968
272, 967
272, 966
273, 965
273, 964
273, 963
274, 963
275, 962
275, 961
275, 960
276, 960
277, 959
278, 958
279, 958
280, 957
281, 956
281, 955
282, 954
283, 953
284, 952
285, 951
286, 950
286, 949
287, 948
288, 947
288, 946
288, 945
289, 945
290, 944
291, 943
292, 942
293, 941
294, 940
294, 939
295, 938
296, 937
296, 936
297, 935
298, 934
298, 933
299, 932
299, 931
300, 931
301, 931
302, 930
302, 929
303, 928
304, 927
304, 926
304, 925
305, 924
306, 924
307, 923
308, 922
309, 921
310, 920
310, 919
311, 918
312, 917
313, 916
313, 915
314, 915
315, 914
315, 913
316, 913
317, 912
317, 911
318, 910
319, 909
319, 908
320, 907
320, 906
321, 905
321, 904
321, 903
322, 903
323, 902
324, 902
325, 901
326, 900
326, 899
327, 898
328, 897
329, 896
329, 895
329, 894
329, 893
330, 893
331, 893
332, 892
332, 891
333, 890
333, 889
334, 889
335, 888
335, 887
336, 887
337, 886
338, 885
339, 884
340, 883
340, 882
341, 881
342, 880
343, 879
344, 878
345, 877
346, 876
346, 875
347, 874
347, 873
348, 872
348, 871
349, 870
349, 869
350, 868
350, 867
350, 866
351, 865
351, 864
352, 863
352, 862
353, 861
353, 860
353, 859
354, 858
354, 857
355, 856
355, 855
356, 854
356, 853
356, 852
356, 851
357, 850
357, 849
357, 848
358, 847
358, 846
358, 845
358, 844
358, 843
358, 842
359, 841
359, 840
359, 839
359, 838
359, 837
359, 836
360, 835
360, 834
360, 833
360, 832
361, 831
361, 830
362, 829
363, 828
363, 827
363, 826
364, 826
365, 825
365, 824
365, 823
365, 822
365, 821
364, 820
363, 819
364, 818
364, 817
364, 816
364, 815
364, 814
363, 813
362, 812
362, 811
362, 810
361, 809
361, 808
361, 807
361, 806
361, 805
360, 804
360, 803
360, 802
359, 801
359, 800
359, 799
359, 798
359, 797
359, 796
359, 795
359, 794
358, 793
357, 793
357, 792
357, 791
357, 790
357, 789
356, 788
355, 788
355, 787
355, 786
355, 785
355, 784
355, 783
354, 782
353, 782
353, 781
353, 780
352, 779
352, 778
351, 777
351, 776
350, 775
349, 775
350, 774
350, 773
350, 772
349, 771
349, 770
349, 769
348, 768
347, 768
347, 767
347, 766
346, 765
346, 764
345, 763
345, 762
345, 761
345, 760
344, 759
345, 758
345, 757
345, 756
344, 755
343, 755
343, 754
343, 753
343, 752
342, 751
342, 750
342, 749
342, 748
341, 747
341, 746
341, 745
341, 744
341, 743
340, 742
340, 741
339, 740
339, 739
339, 738
339, 737
339, 736
339, 735
339, 734
339, 733
339, 732
339, 731
339, 730
339, 729
338, 728
337, 728
337, 727
337, 726
337, 725
337, 724
337, 723
337, 722
336, 721
336, 720
336, 719
336, 718
336, 717
335, 716
335, 715
335, 714
335, 713
335, 712
335, 711
334, 710
334, 709
334, 708
333, 707
333, 706
333, 705
332, 704
332, 703
332, 702
332, 701
332, 700
331, 699
331, 698
331, 697
331, 696
331, 695
331, 694
331, 693
331, 692
331, 691
330, 690
330, 689
330, 688
330, 687
329, 686
329, 685
329, 684
329, 683
329, 682
329, 681
329, 680
329, 679
329, 678
329, 677
328, 676
327, 676
328, 675
328, 674
328, 673
327, 672
327, 671
327, 670
327, 669
327, 668
327, 667
327, 666
327, 665
327, 664
327, 663
327, 662
326, 661
325, 660
325, 659
325, 658
325, 657
325, 656
325, 655
325, 654
325, 653
325, 652
325, 651
325, 650
325, 649
325, 648
325, 647
324, 646
324, 645
324, 644
324, 643
324, 642
324, 641
324, 640
323, 639
323, 638
323, 637
323, 636
323, 635
323, 634
323, 633
323, 632
323, 631
322, 630
322, 629
322, 628
322, 627
322, 626
321, 625
321, 624
321, 623
321, 622
322, 621
322, 620
322, 619
321, 618
321, 617
320, 616
320, 615
320, 614
320, 613
320, 612
320, 611
320, 610
319, 609
319, 608
319, 607
319, 606
319, 605
318, 604
319, 603
319, 602
319, 601
318, 600
318, 599
318, 598
318, 597
318, 596
318, 595
318, 594
318, 593
318, 592
317, 591
317, 590
317, 589
317, 588
317, 587
317, 586
316, 585
317, 584
317, 583
317, 582
316, 581
316, 580
316, 579
316, 578
315, 577
315, 576
315, 575
315, 574
314, 573
314, 572
314, 571
314, 570
314, 569
313, 568
313, 567
313, 566
313, 565
313, 564
313, 563
313, 562
313, 561
312, 560
312, 559
312, 558
312, 557
312, 556
312, 555
312, 554
312, 553
312, 552
311, 551
311, 550
311, 549
311, 548
311, 547
311, 546
311, 545
311, 544
311, 543
311, 542
311, 541
311, 540
310, 539
310, 538
310, 537
310, 536
309, 535
309, 534
309, 533
309, 532
309, 531
309, 530
309, 529
308, 528
308, 527
308, 526
308, 525
308, 524
307, 523
307, 522
307, 521
307, 520
307, 519
307, 518
306, 517
306, 516
306, 515
306, 514
306, 513
306, 512
306, 511
306, 510
305, 509
305, 508
305, 507
305, 506
305, 505
305, 504
304, 503
304, 502
304, 501
305, 500
305, 499
305, 498
304, 497
304, 496
304, 495
304, 494
303, 493
303, 492
303, 491
303, 490
303, 489
303, 488
303, 487
303, 486
303, 485
303, 484
302, 483
302, 482
302, 481
302, 480
301, 479
302, 478
302, 477
302, 476
301, 475
301, 474
301, 473
300, 472
300, 471
300, 470
300, 469
300, 468
299, 467
299, 466
299, 465
299, 464
299, 463
299, 462
299, 461
299, 460
299, 459
298, 458
298, 457
298, 456
298, 455
298, 454
299, 453
299, 452
299, 451
299, 450
299, 449
298, 448
297, 447
297, 446
297, 445
297, 444
297, 443
297, 442
296, 441
295, 441
297, 439
297, 438
297, 437
297, 436
297, 435
297, 434
297, 433
296, 432
295, 432
295, 431
295, 430
295, 429
295, 428
295, 427
295, 426
294, 425
293, 424
293, 423
293, 422
293, 421
293, 420
293, 419
293, 418
293, 417
293, 416
293, 415
293, 414
292, 413
292, 412
292, 411
292, 410
292, 409
291, 408
291, 407
291, 406
291, 405
291, 404
291, 403
291, 402
291, 401
291, 400
291, 399
290, 398
290, 397
290, 396
290, 395
289, 394
289, 393
289, 392
289, 391
289, 390
289, 389
289, 388
289, 387
289, 386
289, 385
289, 384
288, 383
288, 382
288, 381
287, 380
287, 379
287, 378
287, 377
287, 376
287, 375
287, 374
286, 373
285, 373
285, 372
285, 371
285, 370
284, 369
283, 369
283, 368
282, 367
281, 366
280, 366
279, 366
278, 366
277, 366
276, 366
275, 366
274, 366
273, 366
272, 367
271, 366
270, 366
269, 366
268, 367
267, 367
266, 367
265, 367
264, 367
263, 367
262, 367
261, 367
260, 368
259, 368
258, 368
257, 368
256, 368
255, 368
254, 368
253, 369
252, 369
251, 369
250, 369
249, 369
248, 369
247, 369
246, 369
245, 370
244, 370
243, 370
242, 370
241, 370
240, 370
239, 370
238, 371
237, 371
236, 371
235, 371
234, 372
233, 372
232, 372
231, 372
230, 372
229, 372
228, 372
227, 373
226, 373
225, 373
224, 373
223, 373
222, 373
221, 373
220, 373
219, 373
218, 373
217, 374
216, 374
215, 374
214, 374
213, 374
212, 374
211, 374
210, 374
209, 374
208, 374
207, 375
206, 375
205, 375
204, 375
203, 375
202, 375
201, 375
200, 375
199, 375
198, 375
197, 375
196, 376
195, 376
194, 376
193, 376
192, 376
191, 376
190, 376
189, 376
188, 375
187, 375
186, 375
185, 375
184, 375
183, 375
182, 375
181, 375
180, 375
179, 375
178, 375
177, 375
176, 375
175, 375
174, 375
173, 375
172, 375
171, 374
170, 374
169, 374
168, 374
167, 374
166, 374
165, 374
164, 373
163, 373
162, 373
161, 372
160, 372
159, 372
158, 372
157, 371
156, 371
155, 371
154, 371
153, 370
152, 370
151, 370
150, 369
149, 369
148, 368
147, 368
146, 367
145, 367
144, 367
143, 366
142, 365
141, 365
140, 364
139, 363
138, 363
137, 363
136, 362
135, 361
134, 360
133, 360
132, 360
131, 359
130, 358
129, 358
128, 358
128, 357
127, 356
126, 356
125, 355
125, 354
124, 353
123, 353
122, 352
121, 351
120, 350
119, 349
118, 348
117, 347
117, 346
116, 345
115, 345
114, 344
113, 343
113, 342
112, 341
111, 340
110, 339
109, 338
109, 337
108, 336
107, 335
106, 334
105, 333
105, 332
105, 331
104, 330
103, 329
103, 328
103, 327
102, 326
101, 325
101, 324
100, 323
99, 323
99, 322
99, 321
99, 320
99, 319
99, 318
98, 317
97, 316
97, 315
97, 314
96, 313
95, 312
95, 311
95, 310
95, 309
94, 308
94, 307
93, 306
93, 305
93, 304
92, 303
92, 302
92, 301
92, 300
92, 299
92, 298
92, 297
92, 296
92, 295
91, 294
90, 293
89, 293
89, 292
89, 291
89, 290
89, 289
89, 288
89, 287
89, 286
89, 285
89, 284
89, 283
88, 282
88, 281
87, 280
87, 279
87, 278
87, 277
87, 276
87, 275
87, 274
86, 273
86, 272
86, 271
86, 270
86, 269
86, 268
85, 267
84, 266
84, 265
84, 264
84, 263
84, 262
84, 261
84, 260
84, 259
84, 258
84, 257
84, 256
84, 255
84, 254
84, 253
84, 252
84, 251
84, 250
84, 249
83, 248
83, 247
83, 246
83, 245
83, 244
83, 243
83, 242
83, 241
83, 240
83, 239
83, 238
83, 237
83, 236
83, 235
83, 234
83, 233
83, 232
83, 231
83, 230
83, 229
83, 228
83, 227
83, 226
83, 225
83, 224
83, 223
83, 222
83, 221
84, 220
84, 219
84, 218
84, 217
83, 216
83, 215
83, 214
83, 213
83, 212
83, 211
83, 210
83, 209
83, 208
83, 207
83, 206
