102, 660
102, 659
102, 658
103, 657
103, 656
103, 655
103, 654
103, 653
104, 652
104, 651
105, 650
105, 649
105, 648
106, 647
106, 646
107, 645
107, 644
107, 643
108, 642
108, 641
109, 640
109, 639
109, 638
110, 637
110, 636
111, 635
111, 634
112, 633
112, 632
113, 631
113, 630
113, 629
114, 628
114, 627
115, 626
115, 625
116, 624
116, 623
117, 622
117, 621
118, 620
118, 619
119, 618
119, 617
119, 616
120, 615
121, 614
121, 613
121, 612
122, 611
122, 610
123, 609
123, 608
123, 607
124, 606
125, 605
125, 604
125, 603
126, 602
127, 601
127, 600
127, 599
128, 598
128, 597
129, 596
129, 595
129, 594
130, 593
131, 592
131, 591
131, 590
131, 589
132, 588
133, 587
133, 586
133, 585
134, 584
134, 583
135, 582
135, 581
135, 580
136, 579
136, 578
137, 577
137, 576
137, 575
138, 574
138, 573
139, 572
139, 571
139, 570
140, 569
141, 568
141, 567
141, 566
142, 565
142, 564
143, 563
143, 562
143, 561
144, 560
144, 559
145, 558
145, 557
145, 556
146, 555
146, 554
147, 553
147, 552
147, 551
148, 550
149, 549
149, 548
149, 547
150, 546
150, 545
151, 544
151, 543
152, 542
152, 541
153, 540
153, 539
154, 538
154, 537
155, 536
155, 535
156, 534
157, 533
157, 532
158, 531
159, 530
160, 529
161, 528
161, 527
162, 526
163, 525
164, 524
165, 523
166, 522
167, 521
168, 521
169, 520
170, 519
171, 518
172, 517
173, 517
174, 516
175, 515
176, 515
177, 514
178, 513
179, 513
180, 512
181, 512
182, 511
183, 510
184, 510
185, 509
186, 509
187, 508
188, 508
189, 507
190, 506
191, 506
192, 505
193, 505
194, 504
195, 504
196, 503
197, 502
198, 502
199, 501
200, 500
201, 500
202, 499
203, 499
204, 498
205, 498
206, 497
207, 496
208, 495
209, 495
210, 494
211, 494
212, 493
213, 492
214, 492
215, 491
216, 490
217, 489
218, 489
219, 488
220, 487
221, 487
222, 486
223, 485
224, 484
225, 484
226, 483
227, 482
228, 481
229, 481
230, 480
231, 479
232, 478
233, 477
234, 477
235, 476
236, 475
237, 474
238, 473
239, 472
240, 472
241, 471
242, 470
243, 469
244, 468
245, 467
246, 466
247, 465
248, 464
249, 464
250, 463
251, 462
252, 461
253, 460
254, 459
255, 458
256, 457
257, 456
258, 455
259, 454
260, 453
260, 452
261, 452
262, 451
263, 450
263, 449
264, 448
265, 447
266, 446
267, 445
268, 444
269, 443
269, 442
270, 441
271, 440
272, 439
273, 438
274, 437
274, 436
275, 435
276, 434
276, 433
277, 432
278, 431
279, 430
279, 429
280, 428
281, 427
281, 426
282, 425
283, 424
283, 423
284, 422
285, 421
285, 420
286, 419
287, 418
287, 417
288, 416
289, 415
289, 414
289, 413
290, 412
291, 411
291, 410
292, 409
292, 408
293, 407
293, 406
294, 405
294, 404
295, 403
295, 402
295, 401
296, 400
296, 399
297, 398
297, 397
298, 396
298, 395
299, 394
299, 393
299, 392
300, 391
300, 390
301, 389
301, 388
301, 387
302, 386
302, 385
303, 384
303, 383
303, 382
304, 381
305, 380
306, 379
307, 378
308, 378
309, 379
310, 379
311, 380
312, 380
313, 380
314, 380
315, 379
315, 378
315, 377
316, 377
317, 376
317, 375
317, 374
317, 373
317, 372
318, 372
319, 371
319, 370
319, 369
319, 368
320, 367
321, 366
321, 365
321, 364
322, 364
323, 363
323, 362
323, 361
323, 360
324, 360
325, 359
325, 358
325, 357
326, 356
326, 355
327, 354
327, 353
327, 352
327, 351
327, 350
327, 349
327, 348
327, 347
327, 346
327, 345
327, 344
327, 343
327, 342
327, 341
327, 340
327, 339
327, 338
327, 337
326, 336
327, 335
327, 334
327, 333
326, 332
326, 331
326, 330
326, 329
326, 328
326, 327
326, 326
326, 325
326, 324
326, 323
326, 322
325, 321
325, 320
325, 319
325, 318
325, 317
325, 316
325, 315
325, 314
325, 313
325, 312
325, 311
325, 310
325, 309
324, 308
324, 307
324, 306
324, 305
324, 304
324, 303
324, 302
324, 301
324, 300
324, 299
323, 298
323, 297
323, 296
323, 295
323, 294
323, 293
323, 292
324, 291
324, 290
324, 289
324, 288
324, 287
324, 286
324, 285
323, 284
323, 283
323, 282
323, 281
323, 280
323, 279
323, 278
323, 277
323, 276
323, 275
323, 274
323, 273
323, 272
323, 271
323, 270
323, 269
323, 268
323, 267
323, 266
323, 265
323, 264
322, 263
322, 262
322, 261
322, 260
322, 259
322, 258
322, 257
322, 256
322, 255
322, 254
322, 253
322, 252
322, 251
322, 250
322, 249
322, 248
322, 247
321, 246
321, 245
322, 244
322, 243
322, 242
322, 241
322, 240
322, 239
322, 238
322, 237
322, 236
322, 235
321, 234
321, 233
321, 232
321, 231
321, 230
321, 229
321, 228
321, 227
321, 226
321, 225
322, 224
322, 223
322, 222
322, 221
322, 220
322, 219
322, 218
322, 217
322, 216
322, 215
322, 214
322, 213
322, 212
322, 211
322, 210
322, 209
323, 208
323, 207
323, 206
322, 205
322, 204
322, 203
322, 202
322, 201
322, 200
322, 199
323, 198
323, 197
323, 196
323, 195
323, 194
323, 193
323, 192
323, 191
323, 190
323, 189
323, 188
323, 187
323, 186
323, 185
323, 184
323, 183
323, 182
323, 181
323, 180
323, 179
323, 178
323, 177
323, 176
323, 175
324, 174
324, 173
324, 172
324, 171
324, 170
324, 169
324, 168
324, 167
325, 166
325, 165
325, 164
325, 163
325, 162
325, 161
325, 160
325, 159
325, 158
325, 157
325, 156
325, 155
325, 154
325, 153
325, 152
326, 151
326, 150
326, 149
326, 148
326, 147
326, 146
326, 145
326, 144
326, 143
326, 142
327, 141
327, 140
327, 139
327, 138
327, 137
327, 136
327, 135
327, 134
327, 133
327, 132
327, 131
327, 130
328, 129
328, 128
328, 127
328, 126
328, 125
329, 124
329, 123
329, 122
329, 121
329, 120
329, 119
329, 118
329, 117
329, 116
329, 115
329, 114
330, 113
330, 112
330, 111
330, 110
330, 109
331, 108
331, 107
331, 106
331, 105
331, 104
331, 103
331, 102
331, 101
332, 100
332, 99
332, 98
332, 97
332, 96
332, 95
333, 94
333, 93
333, 92
333, 91
333, 90
334, 89
334, 88
334, 87
335, 86
335, 85
335, 84
335, 83
336, 83
336, 84
336, 85
337, 86
338, 86
339, 87
339, 88
339, 89
339, 90
339, 91
339, 92
340, 93
341, 94
342, 95
343, 96
343, 97
343, 98
343, 99
343, 100
344, 101
345, 101
344, 102
344, 103
344, 104
345, 105
346, 106
347, 106
346, 107
346, 108
346, 109
347, 110
348, 111
349, 111
349, 112
349, 113
349, 114
349, 115
349, 116
350, 117
351, 118
351, 119
351, 120
351, 121
351, 122
352, 123
353, 123
353, 124
353, 125
353, 126
353, 127
354, 128
355, 129
355, 130
355, 131
356, 132
357, 133
357, 134
357, 135
357, 136
357, 137
357, 138
357, 139
358, 140
359, 141
359, 142
359, 143
359, 144
360, 145
361, 146
361, 147
361, 148
361, 149
361, 150
362, 151
363, 152
363, 153
363, 154
363, 155
363, 156
364, 157
365, 158
365, 159
365, 160
366, 161
366, 162
367, 163
367, 164
367, 165
367, 166
367, 167
367, 168
367, 169
368, 170
368, 171
369, 172
369, 173
369, 174
369, 175
370, 176
370, 177
370, 178
371, 179
371, 180
371, 181
371, 182
371, 183
372, 184
373, 184
373, 185
373, 186
373, 187
373, 188
374, 189
375, 190
375, 191
375, 192
375, 193
375, 194
376, 195
376, 196
376, 197
377, 198
377, 199
377, 200
377, 201
377, 202
378, 203
379, 204
379, 205
379, 206
380, 207
380, 208
380, 209
381, 210
381, 211
381, 212
382, 213
382, 214
382, 215
383, 216
383, 217
383, 218
384, 219
384, 220
384, 221
384, 222
385, 223
385, 224
386, 225
387, 226
387, 227
388, 228
389, 228
390, 228
391, 228
392, 228
393, 227
394, 226
394, 225
395, 224
395, 223
396, 222
397, 221
397, 220
397, 219
398, 219
399, 218
399, 217
399, 216
400, 215
401, 214
401, 213
401, 212
402, 212
403, 211
403, 210
403, 209
404, 209
405, 208
405, 207
405, 206
406, 206
407, 205
407, 204
407, 203
407, 202
408, 202
409, 201
409, 200
409, 199
410, 199
411, 198
411, 197
411, 196
411, 195
412, 195
413, 194
413, 193
413, 192
413, 191
414, 190
415, 189
415, 188
415, 187
416, 187
417, 186
417, 185
417, 184
418, 183
419, 182
419, 181
420, 180
421, 179
421, 178
421, 177
422, 177
423, 176
423, 175
423, 174
423, 173
424, 173
425, 172
425, 171
425, 170
426, 170
427, 169
427, 168
427, 167
428, 166
429, 165
429, 164
430, 163
431, 162
431, 161
431, 160
432, 160
433, 159
433, 158
433, 157
434, 157
435, 156
435, 155
435, 154
435, 153
436, 153
437, 152
437, 151
437, 150
438, 150
439, 149
439, 148
439, 147
440, 146
441, 145
441, 144
441, 143
442, 143
443, 142
443, 141
443, 140
444, 139
445, 138
445, 137
445, 136
446, 136
447, 135
447, 134
447, 133
448, 132
449, 131
449, 130
450, 129
451, 128
451, 127
452, 126
453, 125
453, 124
454, 123
455, 122
455, 121
455, 120
456, 120
457, 119
457, 118
457, 117
458, 116
459, 115
459, 114
460, 113
461, 112
461, 111
462, 110
463, 109
463, 108
464, 107
465, 106
465, 105
466, 105
467, 104
467, 103
467, 102
467, 101
468, 101
469, 100
469, 99
469, 98
470, 98
471, 97
471, 96
471, 95
472, 94
473, 93
473, 92
474, 91
475, 90
475, 89
476, 89
477, 88
477, 87
477, 86
478, 85
479, 84
479, 83
480, 82
481, 81
481, 80
482, 80
483, 79
483, 78
483, 77
484, 77
485, 76
486, 75
487, 75
488, 76
489, 77
490, 78
490, 79
490, 80
490, 81
490, 82
490, 83
490, 84
490, 85
490, 86
490, 87
490, 88
490, 89
490, 90
490, 91
489, 92
489, 93
489, 94
488, 95
488, 96
488, 97
488, 98
488, 99
488, 100
488, 101
488, 102
488, 103
488, 104
488, 105
487, 106
487, 107
486, 108
486, 109
486, 110
486, 111
486, 112
486, 113
486, 114
486, 115
486, 116
486, 117
485, 118
484, 119
484, 120
484, 121
484, 122
484, 123
484, 124
484, 125
484, 126
484, 127
484, 128
484, 129
484, 130
483, 131
483, 132
482, 133
482, 134
482, 135
482, 136
482, 137
482, 138
482, 139
481, 140
481, 141
480, 142
480, 143
480, 144
480, 145
480, 146
480, 147
480, 148
479, 149
479, 150
479, 151
478, 152
478, 153
478, 154
478, 155
478, 156
478, 157
477, 158
477, 159
476, 160
476, 161
476, 162
476, 163
476, 164
476, 165
476, 166
475, 167
475, 168
475, 169
474, 170
474, 171
474, 172
474, 173
474, 174
474, 175
473, 176
473, 177
472, 178
472, 179
472, 180
472, 181
472, 182
472, 183
472, 184
472, 185
471, 186
470, 187
470, 188
470, 189
470, 190
470, 191
470, 192
470, 193
469, 194
469, 195
469, 196
469, 197
468, 198
468, 199
468, 200
468, 201
467, 202
467, 203
466, 204
466, 205
466, 206
466, 207
466, 208
465, 209
465, 210
464, 211
464, 212
464, 213
464, 214
464, 215
464, 216
463, 216
462, 217
462, 218
462, 219
463, 220
463, 221
462, 222
462, 223
462, 224
462, 225
462, 226
461, 227
461, 228
461, 229
460, 230
460, 231
459, 232
459, 233
458, 234
458, 235
458, 236
458, 237
458, 238
458, 239
457, 240
457, 241
456, 242
456, 243
456, 244
456, 245
455, 246
455, 247
455, 248
455, 249
454, 250
454, 251
453, 252
453, 253
452, 254
452, 255
452, 256
452, 257
452, 258
451, 259
451, 260
450, 261
450, 262
450, 263
450, 264
450, 265
449, 266
448, 267
448, 268
448, 269
448, 270
448, 271
447, 272
447, 273
447, 274
447, 275
446, 276
446, 277
446, 278
445, 279
445, 280
445, 281
444, 282
444, 283
443, 284
443, 285
443, 286
443, 287
442, 288
442, 289
441, 290
441, 291
440, 292
440, 293
440, 294
440, 295
439, 296
438, 297
438, 298
438, 299
438, 300
438, 301
437, 302
436, 303
436, 304
436, 305
436, 306
435, 307
435, 308
434, 309
434, 310
434, 311
434, 312
433, 313
433, 314
433, 315
432, 316
432, 317
432, 318
431, 319
431, 320
430, 321
430, 322
430, 323
429, 324
428, 325
428, 326
428, 327
428, 328
427, 329
427, 330
427, 331
426, 332
426, 333
425, 334
425, 335
424, 336
424, 337
424, 338
423, 339
423, 340
423, 341
423, 342
423, 343
423, 344
423, 345
423, 344
422, 343
421, 343
420, 343
419, 344
419, 345
418, 346
418, 347
418, 348
419, 349
420, 349
421, 349
421, 350
421, 351
420, 352
420, 353
420, 354
419, 354
418, 355
418, 356
418, 357
418, 358
418, 359
418, 360
418, 361
418, 362
418, 363
418, 364
418, 365
419, 366
420, 366
420, 367
420, 368
419, 369
419, 370
419, 371
419, 372
420, 373
419, 374
419, 375
419, 376
420, 377
421, 377
422, 378
423, 379
424, 379
424, 380
425, 381
426, 381
426, 382
427, 383
428, 384
428, 385
428, 386
429, 387
429, 388
429, 389
430, 390
430, 391
430, 392
430, 393
430, 394
430, 395
431, 396
431, 397
431, 398
431, 399
431, 400
431, 401
432, 402
432, 403
432, 404
432, 405
432, 406
432, 407
432, 408
432, 409
432, 410
432, 411
432, 412
432, 413
432, 414
432, 415
432, 416
432, 417
433, 418
433, 419
433, 420
434, 421
434, 422
434, 423
434, 424
434, 425
435, 426
435, 427
435, 428
436, 429
436, 430
436, 431
437, 432
437, 433
438, 434
438, 435
438, 436
438, 437
439, 438
439, 439
440, 440
440, 441
441, 442
441, 443
442, 444
442, 445
443, 446
443, 447
444, 448
444, 449
445, 450
446, 451
446, 452
447, 453
447, 454
448, 455
449, 456
449, 457
450, 458
451, 459
451, 460
452, 461
453, 462
453, 463
454, 464
455, 465
455, 466
456, 467
457, 468
458, 469
458, 470
459, 471
460, 472
461, 473
462, 474
462, 475
463, 476
464, 477
465, 478
466, 479
467, 480
468, 481
468, 482
469, 483
470, 484
471, 485
472, 486
473, 487
474, 488
475, 489
476, 490
477, 490
477, 491
478, 492
479, 493
480, 494
481, 495
482, 496
483, 496
484, 497
485, 498
486, 499
487, 500
488, 501
489, 501
490, 502
491, 503
492, 504
493, 505
494, 505
495, 506
496, 507
497, 507
498, 508
499, 509
500, 510
501, 510
502, 511
503, 512
504, 512
505, 513
506, 514
507, 515
508, 515
509, 516
510, 517
511, 518
512, 518
513, 519
514, 520
515, 521
516, 522
517, 523
518, 524
519, 525
520, 525
520, 526
521, 527
522, 528
523, 529
524, 530
524, 531
525, 532
526, 533
526, 534
527, 535
527, 536
528, 537
528, 538
529, 539
529, 540
530, 541
530, 542
531, 543
531, 544
532, 545
532, 546
532, 547
533, 548
533, 549
533, 550
534, 551
534, 552
534, 553
534, 554
534, 555
534, 556
535, 557
535, 558
535, 559
535, 560
536, 561
536, 562
536, 563
536, 564
536, 565
536, 566
537, 567
537, 568
537, 569
537, 570
537, 571
537, 572
537, 573
538, 574
538, 575
538, 576
538, 577
538, 578
538, 579
538, 580
538, 581
539, 582
539, 583
539, 584
539, 585
539, 586
539, 587
539, 588
540, 589
540, 590
540, 591
540, 592
540, 593
540, 594
540, 595
540, 596
540, 597
540, 598
540, 599
541, 600
541, 601
541, 602
541, 603
541, 604
542, 605
542, 606
542, 607
542, 608
542, 609
542, 610
542, 611
542, 612
542, 613
543, 614
543, 615
543, 616
543, 617
543, 618
544, 619
544, 620
544, 621
544, 622
544, 623
544, 624
544, 625
545, 626
545, 627
545, 628
545, 629
546, 630
546, 631
546, 632
546, 633
546, 634
546, 635
546, 636
546, 637
547, 638
547, 639
547, 640
548, 641
548, 642
548, 643
548, 644
548, 645
548, 646
549, 647
549, 648
549, 649
549, 650
549, 651
550, 652
550, 653
550, 654
550, 655
550, 656
550, 657
550, 658
551, 659
551, 660
551, 661
552, 662
552, 663
552, 664
552, 665
552, 666
552, 667
552, 668
552, 669
552, 670
553, 671
553, 672
553, 673
553, 674
553, 675
553, 676
553, 677
553, 678
553, 679
553, 680
553, 681
553, 682
552, 683
552, 684
552, 685
552, 686
552, 687
552, 688
551, 689
551, 690
551, 691
550, 692
550, 693
550, 694
549, 695
549, 696
548, 697
548, 698
548, 699
547, 700
546, 701
546, 702
546, 703
545, 704
544, 705
544, 706
543, 707
542, 708
541, 709
541, 710
540, 711
540, 712
539, 712
538, 713
538, 714
537, 715
536, 716
535, 717
534, 718
533, 719
532, 720
531, 720
530, 721
529, 722
528, 723
527, 724
526, 725
525, 726
525, 727
524, 727
523, 727
522, 728
521, 729
520, 730
519, 731
519, 732
519, 733
519, 734
519, 735
518, 735
517, 736
516, 737
515, 737
514, 737
513, 738
512, 738
511, 739
510, 740
509, 741
508, 741
507, 742
506, 742
505, 742
504, 742
503, 743
502, 744
501, 744
500, 744
499, 744
498, 744
497, 745
496, 745
495, 745
494, 745
493, 745
492, 745
491, 745
490, 745
489, 745
488, 745
487, 745
486, 745
485, 745
484, 745
483, 744
482, 744
481, 744
480, 744
479, 744
478, 743
477, 743
476, 742
475, 742
474, 742
473, 741
472, 741
471, 740
470, 739
469, 739
468, 738
467, 737
466, 736
465, 735
464, 734
463, 733
462, 732
461, 731
460, 731
459, 730
458, 729
457, 728
456, 728
455, 727
454, 726
453, 726
452, 725
451, 724
450, 723
449, 723
448, 722
447, 721
446, 720
445, 719
444, 718
443, 717
442, 716
441, 715
441, 714
440, 713
439, 712
438, 711
438, 710
437, 709
436, 708
436, 707
435, 706
434, 705
434, 704
433, 703
433, 702
433, 701
432, 700
431, 699
431, 698
431, 697
431, 696
430, 695
430, 694
429, 693
429, 692
429, 691
429, 690
428, 689
428, 688
428, 687
427, 686
427, 685
427, 684
427, 683
427, 682
427, 681
427, 680
427, 679
427, 678
427, 677
426, 676
426, 675
426, 674
426, 673
426, 672
426, 671
426, 670
426, 669
426, 668
425, 667
425, 666
425, 665
425, 664
425, 663
425, 662
425, 661
425, 660
425, 659
425, 658
425, 657
425, 656
425, 655
424, 654
424, 653
424, 652
424, 651
424, 650
424, 649
424, 648
424, 647
423, 646
423, 645
423, 644
423, 643
423, 642
423, 641
423, 640
423, 639
423, 638
423, 637
423, 636
423, 635
423, 634
423, 633
422, 632
422, 631
422, 630
422, 629
421, 628
421, 627
421, 626
421, 625
421, 624
421, 623
421, 622
421, 621
421, 620
421, 619
421, 618
420, 617
420, 616
420, 615
420, 614
419, 613
419, 612
419, 611
419, 610
419, 609
419, 608
419, 607
419, 606
419, 605
418, 604
418, 603
418, 602
418, 601
418, 600
417, 599
417, 598
417, 597
417, 596
417, 595
417, 594
417, 593
417, 592
416, 591
416, 590
416, 589
416, 588
415, 587
415, 586
415, 585
415, 584
414, 583
414, 582
413, 581
412, 581
411, 580
410, 580
409, 579
408, 578
407, 577
406, 576
406, 575
406, 574
405, 573
405, 572
404, 571
403, 570
403, 569
403, 568
402, 567
402, 566
401, 565
401, 564
401, 563
400, 562
400, 561
399, 560
399, 559
399, 558
399, 557
399, 556
398, 555
398, 554
398, 553
398, 552
398, 551
398, 550
397, 549
398, 548
398, 547
399, 546
399, 545
400, 544
401, 543
402, 542
402, 541
403, 540
403, 539
403, 538
403, 537
404, 536
404, 535
404, 534
404, 533
404, 532
404, 531
404, 530
404, 529
404, 528
404, 527
404, 526
404, 525
404, 524
405, 523
405, 522
405, 521
405, 520
405, 519
405, 518
405, 517
406, 516
406, 515
407, 514
407, 513
408, 512
408, 511
409, 510
409, 509
409, 508
409, 507
409, 506
410, 505
410, 504
411, 503
411, 502
412, 501
412, 500
412, 499
412, 498
412, 497
412, 496
412, 495
412, 494
412, 493
413, 492
413, 491
413, 490
413, 489
413, 488
413, 487
413, 486
413, 485
412, 484
412, 483
412, 482
412, 481
412, 480
412, 479
412, 478
412, 477
411, 476
411, 475
411, 474
410, 473
410, 472
410, 471
410, 470
410, 469
410, 468
409, 467
409, 466
408, 465
407, 465
407, 464
406, 463
406, 462
406, 461
406, 460
405, 459
405, 458
404, 457
403, 456
402, 456
401, 455
400, 454
399, 453
398, 452
397, 451
396, 451
396, 450
396, 449
395, 448
394, 448
393, 447
393, 446
392, 445
392, 444
392, 443
391, 442
391, 441
391, 440
390, 439
390, 438
390, 437
389, 436
389, 435
389, 434
389, 433
388, 432
388, 431
388, 430
388, 429
388, 428
387, 427
387, 426
387, 425
387, 424
387, 423
387, 422
387, 421
387, 420
387, 419
386, 418
386, 417
385, 416
384, 416
383, 416
382, 416
381, 416
380, 415
379, 415
378, 415
377, 415
376, 416
375, 416
374, 417
373, 417
372, 417
371, 417
370, 418
369, 418
368, 419
367, 419
366, 420
365, 420
364, 420
363, 420
362, 420
361, 420
360, 420
359, 421
358, 420
357, 420
356, 420
355, 421
354, 421
353, 421
352, 421
351, 422
350, 422
349, 423
348, 423
347, 423
346, 424
345, 425
345, 426
344, 426
343, 426
342, 426
341, 426
340, 427
340, 428
340, 429
339, 430
339, 431
338, 432
338, 433
338, 434
338, 435
337, 436
337, 437
336, 438
336, 439
336, 440
335, 441
335, 442
334, 443
334, 444
334, 445
334, 446
333, 447
333, 448
333, 449
332, 450
332, 451
331, 452
330, 452
329, 453
329, 454
328, 455
327, 455
326, 455
325, 456
324, 457
323, 458
323, 459
323, 460
322, 460
321, 461
321, 462
320, 463
319, 464
318, 464
317, 465
316, 465
315, 466
315, 467
314, 468
314, 469
313, 470
312, 471
311, 472
311, 473
310, 474
310, 475
309, 475
308, 475
307, 475
306, 475
305, 476
305, 477
304, 477
303, 478
303, 479
302, 480
301, 481
300, 481
299, 482
298, 483
298, 484
297, 485
297, 486
297, 487
297, 488
296, 489
296, 490
296, 491
296, 492
295, 493
294, 494
293, 495
293, 496
293, 497
294, 498
294, 499
294, 500
294, 501
294, 502
293, 502
292, 503
292, 504
292, 505
292, 506
292, 507
293, 508
293, 509
293, 510
293, 511
293, 512
293, 513
292, 514
292, 515
292, 516
292, 517
293, 518
294, 518
294, 519
294, 520
293, 521
293, 522
293, 523
293, 524
293, 525
292, 526
292, 527
292, 528
291, 529
291, 530
291, 531
290, 532
290, 533
290, 534
290, 535
290, 536
290, 537
290, 538
290, 539
289, 540
289, 541
289, 542
288, 543
288, 544
288, 545
287, 546
287, 547
287, 548
287, 549
287, 550
287, 551
287, 552
288, 553
288, 554
288, 555
288, 556
289, 557
289, 558
290, 559
289, 560
289, 561
289, 562
289, 563
288, 564
288, 565
288, 566
288, 567
288, 568
287, 569
287, 570
286, 571
286, 572
285, 573
284, 574
284, 575
284, 576
283, 577
282, 578
282, 579
281, 580
280, 581
280, 582
279, 583
278, 584
278, 585
277, 586
276, 587
275, 588
274, 589
274, 590
273, 591
272, 591
271, 591
270, 592
269, 592
268, 592
267, 592
266, 592
265, 592
264, 593
264, 594
263, 594
262, 595
262, 596
261, 597
261, 598
260, 599
260, 600
259, 601
259, 602
258, 603
258, 604
257, 605
257, 606
256, 607
256, 608
256, 609
255, 610
255, 611
254, 612
254, 613
253, 614
253, 615
252, 616
252, 617
251, 618
251, 619
250, 620
250, 621
250, 622
249, 623
248, 624
248, 625
248, 626
247, 627
247, 628
246, 629
246, 630
246, 631
245, 632
245, 633
244, 634
244, 635
244, 636
243, 637
242, 638
242, 639
242, 640
241, 641
241, 642
240, 643
240, 644
240, 645
239, 646
239, 647
238, 648
238, 649
238, 650
237, 651
237, 652
236, 653
236, 654
236, 655
235, 656
235, 657
234, 658
234, 659
234, 660
233, 661
233, 662
232, 663
232, 664
232, 665
231, 666
231, 667
230, 668
230, 669
230, 670
229, 671
229, 672
228, 673
228, 674
228, 675
227, 676
227, 677
227, 678
226, 679
226, 680
225, 681
225, 682
225, 683
224, 684
224, 685
223, 686
223, 687
222, 688
222, 689
222, 690
221, 691
221, 692
220, 693
220, 694
219, 695
219, 696
218, 697
218, 698
217, 699
216, 700
215, 701
215, 702
214, 703
213, 704
212, 705
212, 706
211, 707
210, 708
209, 709
208, 710
207, 711
206, 712
205, 712
204, 713
203, 714
202, 715
201, 716
200, 717
199, 717
198, 718
197, 719
196, 719
195, 720
194, 721
193, 721
192, 722
191, 723
190, 723
189, 724
189, 725
188, 726
187, 727
186, 728
186, 729
186, 730
186, 731
186, 732
185, 733
184, 733
183, 733
182, 734
181, 735
181, 736
181, 737
180, 737
179, 737
178, 737
177, 738
176, 738
175, 739
174, 739
173, 739
172, 739
171, 739
170, 739
169, 739
168, 739
167, 740
166, 740
165, 740
164, 739
163, 739
162, 739
161, 739
160, 739
159, 739
158, 739
157, 739
156, 738
155, 738
154, 738
153, 738
152, 737
151, 736
150, 735
149, 735
148, 735
147, 734
146, 733
145, 732
144, 731
144, 730
143, 729
143, 728
142, 727
141, 727
140, 726
139, 725
138, 724
137, 724
136, 723
135, 723
134, 722
133, 722
132, 721
131, 721
130, 720
129, 719
128, 719
127, 718
126, 718
125, 717
124, 716
123, 715
122, 714
121, 714
120, 713
119, 712
118, 711
117, 710
116, 709
115, 708
114, 707
113, 706
112, 705
112, 704
111, 703
110, 702
110, 701
109, 700
109, 699
108, 698
108, 697
107, 696
107, 695
106, 694
106, 693
105, 692
105, 691
104, 690
104, 689
104, 688
103, 687
103, 686
103, 685
103, 684
102, 683
102, 682
102, 681
101, 680
101, 679
101, 678
101, 677
101, 676
101, 675
101, 674
101, 673
101, 672
101, 671
101, 670
101, 669
101, 668
101, 667
101, 666
101, 665
101, 664
101, 663
101, 662
101, 661
