51, 676
51, 675
51, 674
51, 673
51, 672
51, 671
51, 670
51, 669
51, 668
51, 667
51, 666
51, 665
51, 664
51, 663
51, 662
52, 661
52, 660
52, 659
52, 658
52, 657
52, 656
52, 655
53, 654
53, 653
53, 652
53, 651
54, 650
54, 649
54, 648
54, 647
55, 646
55, 645
55, 644
55, 643
56, 642
56, 641
56, 640
56, 639
57, 638
57, 637
57, 636
58, 635
58, 634
58, 633
59, 632
59, 631
60, 630
60, 629
60, 628
61, 627
61, 626
62, 625
62, 624
63, 623
63, 622
64, 621
64, 620
65, 619
65, 618
66, 617
66, 616
67, 615
67, 614
68, 613
68, 612
69, 611
70, 610
70, 609
71, 608
71, 607
72, 606
73, 605
73, 604
74, 603
75, 602
75, 601
76, 600
77, 599
78, 598
78, 597
79, 596
79, 595
79, 594
80, 594
81, 593
81, 592
82, 592
83, 591
84, 590
85, 589
86, 588
87, 587
87, 586
88, 586
89, 585
90, 584
91, 583
92, 582
93, 582
94, 581
94, 580
94, 579
94, 578
95, 577
96, 576
97, 576
98, 576
99, 576
100, 575
101, 574
102, 573
103, 572
104, 572
105, 571
106, 571
107, 570
108, 570
109, 569
110, 569
111, 568
112, 568
113, 568
114, 567
115, 567
116, 566
117, 566
118, 566
119, 566
120, 566
121, 566
122, 566
123, 566
124, 565
125, 565
126, 565
127, 565
128, 565
129, 565
130, 565
131, 565
132, 565
133, 565
134, 566
135, 566
136, 566
137, 566
138, 566
139, 566
140, 566
141, 566
142, 565
143, 565
144, 566
145, 566
146, 566
147, 566
148, 565
149, 565
150, 565
151, 565
152, 565
153, 565
154, 564
155, 564
156, 564
157, 564
158, 564
159, 564
160, 563
161, 563
162, 562
163, 562
164, 562
165, 562
166, 561
167, 561
168, 560
169, 559
170, 559
171, 559
172, 559
173, 558
174, 557
175, 557
176, 557
177, 556
178, 555
179, 554
180, 553
181, 552
182, 551
183, 550
184, 549
185, 549
186, 548
187, 549
188, 549
189, 549
189, 550
189, 551
189, 552
189, 553
190, 554
191, 554
192, 554
193, 553
193, 552
193, 551
193, 550
193, 549
193, 548
192, 547
192, 546
192, 545
191, 544
191, 543
192, 542
193, 541
193, 540
194, 539
194, 538
195, 537
195, 536
196, 535
196, 534
196, 533
197, 532
197, 531
197, 530
197, 529
198, 528
198, 527
198, 526
198, 525
199, 524
199, 523
199, 522
199, 521
200, 520
200, 519
200, 518
200, 517
201, 516
201, 515
201, 514
201, 513
202, 512
202, 511
202, 510
202, 509
203, 508
203, 507
203, 506
204, 505
204, 504
204, 503
204, 502
205, 501
205, 500
205, 499
206, 498
206, 497
206, 496
206, 495
207, 494
207, 493
208, 492
208, 491
208, 490
208, 489
209, 488
209, 487
209, 486
209, 485
210, 484
210, 483
211, 482
211, 481
211, 480
211, 479
212, 478
212, 477
212, 476
213, 475
213, 474
213, 473
214, 472
214, 471
214, 470
214, 469
215, 468
215, 467
216, 466
216, 465
216, 464
216, 463
217, 462
218, 462
219, 461
219, 460
219, 459
218, 458
218, 457
217, 456
217, 455
216, 454
216, 453
216, 452
215, 451
215, 450
214, 449
214, 448
214, 447
214, 446
213, 445
213, 444
212, 443
212, 442
212, 441
211, 440
211, 439
210, 438
210, 437
210, 436
209, 435
209, 434
209, 433
208, 432
208, 431
208, 430
207, 429
207, 428
206, 427
206, 426
206, 425
205, 424
205, 423
205, 422
204, 421
204, 420
204, 419
203, 418
203, 417
202, 416
202, 415
202, 414
202, 413
201, 412
201, 411
200, 410
200, 409
200, 408
200, 407
199, 406
199, 405
198, 404
198, 403
198, 402
197, 401
197, 400
197, 399
196, 398
196, 397
196, 396
196, 395
195, 394
194, 393
194, 392
194, 391
194, 390
193, 389
193, 388
193, 387
192, 386
192, 385
192, 384
191, 383
191, 382
191, 381
190, 380
190, 379
190, 378
190, 377
189, 376
189, 375
188, 374
188, 373
188, 372
188, 371
187, 370
187, 369
187, 368
186, 367
186, 366
186, 365
186, 364
185, 363
185, 362
184, 361
184, 360
184, 359
184, 358
183, 357
183, 356
183, 355
182, 354
182, 353
182, 352
182, 351
181, 350
181, 349
181, 348
180, 347
180, 346
180, 345
180, 344
179, 343
179, 342
179, 341
178, 340
178, 339
178, 338
178, 337
178, 336
177, 335
177, 334
176, 333
176, 332
176, 331
176, 330
176, 329
175, 328
175, 327
175, 326
175, 325
174, 324
174, 323
174, 322
174, 321
174, 320
173, 319
173, 318
173, 317
172, 316
172, 315
172, 314
172, 313
172, 312
172, 311
172, 310
171, 309
171, 308
171, 307
170, 306
170, 305
170, 304
170, 303
170, 302
170, 301
169, 300
169, 299
169, 298
169, 297
168, 296
168, 295
168, 294
168, 293
168, 292
168, 291
168, 290
168, 289
167, 288
167, 287
167, 286
167, 285
166, 284
166, 283
166, 282
166, 281
166, 280
165, 279
165, 278
165, 277
165, 276
165, 275
164, 274
164, 273
164, 272
164, 271
164, 270
164, 269
164, 268
163, 267
163, 266
163, 265
163, 264
163, 263
162, 262
162, 261
162, 260
162, 259
162, 258
162, 257
162, 256
162, 255
161, 254
161, 253
161, 252
161, 251
161, 250
160, 249
160, 248
160, 247
160, 246
160, 245
160, 244
160, 243
160, 242
159, 241
159, 240
159, 239
159, 238
159, 237
159, 236
159, 235
159, 234
159, 233
159, 232
160, 231
160, 230
160, 229
161, 228
162, 227
162, 226
163, 226
164, 225
165, 225
166, 225
167, 224
168, 224
169, 223
170, 223
171, 224
171, 225
171, 226
172, 227
173, 227
173, 228
173, 229
174, 230
175, 230
175, 231
175, 232
176, 233
175, 234
175, 235
175, 236
175, 237
175, 238
175, 239
176, 240
177, 241
177, 242
177, 243
178, 244
179, 244
179, 245
179, 246
179, 247
180, 248
181, 249
181, 250
181, 251
182, 252
183, 252
183, 253
183, 254
183, 255
184, 256
185, 256
185, 257
185, 258
185, 259
186, 260
187, 260
187, 261
187, 262
188, 263
189, 263
189, 264
189, 265
190, 266
191, 266
191, 267
191, 268
191, 269
191, 270
192, 271
193, 271
193, 272
194, 273
195, 274
196, 275
195, 276
195, 277
195, 278
196, 279
197, 279
197, 280
197, 281
198, 282
199, 282
200, 283
200, 284
201, 285
201, 286
202, 287
202, 288
203, 289
204, 290
204, 291
204, 292
205, 293
205, 294
206, 295
207, 296
207, 297
207, 298
208, 299
208, 300
209, 301
210, 302
210, 303
211, 304
212, 305
212, 306
213, 307
214, 308
214, 309
214, 310
215, 311
215, 312
216, 313
216, 314
217, 315
217, 316
218, 317
218, 318
219, 319
219, 320
220, 321
220, 322
221, 323
221, 324
222, 325
222, 326
223, 327
223, 328
224, 329
225, 330
225, 331
225, 332
226, 333
226, 334
227, 335
227, 336
228, 337
229, 338
229, 339
230, 340
230, 341
231, 342
231, 343
231, 344
232, 345
233, 346
234, 347
234, 348
234, 349
235, 350
236, 351
236, 352
236, 353
237, 354
238, 355
238, 356
239, 357
239, 358
240, 359
241, 360
241, 361
241, 362
242, 363
242, 364
243, 365
244, 366
244, 367
245, 368
245, 369
245, 370
246, 371
247, 372
248, 372
248, 373
249, 374
249, 375
250, 376
250, 377
251, 378
252, 378
253, 378
254, 378
255, 379
256, 379
257, 379
258, 379
259, 379
260, 379
261, 379
262, 379
263, 379
264, 379
265, 379
266, 378
266, 377
266, 376
266, 375
267, 374
268, 373
269, 372
270, 371
270, 370
271, 369
272, 368
272, 367
273, 366
274, 365
275, 364
275, 363
275, 362
275, 361
276, 360
276, 359
276, 358
276, 357
276, 356
276, 355
276, 354
277, 354
278, 353
278, 352
279, 351
280, 350
280, 349
281, 348
281, 347
282, 346
283, 345
284, 344
284, 343
284, 342
285, 341
285, 340
286, 339
286, 338
286, 337
285, 336
285, 335
286, 334
287, 333
288, 332
288, 331
289, 330
290, 329
290, 328
291, 327
292, 326
293, 325
293, 324
293, 323
293, 322
294, 321
294, 320
294, 319
294, 318
294, 317
294, 316
295, 315
296, 314
296, 313
297, 312
298, 311
298, 310
298, 309
299, 308
300, 307
301, 307
302, 306
302, 305
302, 304
302, 303
303, 302
303, 301
304, 300
304, 299
304, 298
303, 297
304, 296
305, 295
305, 294
306, 293
307, 292
308, 291
308, 290
309, 289
309, 288
310, 287
310, 286
311, 285
311, 284
312, 283
312, 282
312, 281
312, 280
312, 279
312, 278
313, 277
314, 276
314, 275
315, 274
316, 273
316, 272
316, 271
317, 270
318, 269
319, 268
320, 267
320, 266
320, 265
320, 264
321, 263
322, 262
322, 261
322, 260
322, 259
322, 258
323, 257
323, 256
324, 255
324, 254
325, 253
326, 252
326, 251
327, 250
328, 249
328, 248
329, 247
329, 246
330, 245
330, 244
331, 243
331, 242
331, 241
330, 240
331, 239
331, 238
332, 237
333, 236
334, 235
334, 234
335, 233
335, 232
336, 231
337, 230
338, 229
338, 228
338, 227
339, 226
340, 225
340, 224
340, 223
340, 222
340, 221
340, 220
341, 219
342, 218
342, 217
342, 216
343, 216
344, 215
344, 214
345, 213
345, 212
346, 213
347, 213
347, 214
348, 215
348, 216
348, 217
349, 218
350, 218
351, 218
352, 218
352, 219
352, 220
352, 221
353, 222
354, 222
355, 222
356, 223
356, 224
356, 225
356, 226
357, 227
357, 228
357, 229
357, 230
357, 231
358, 232
358, 233
358, 234
358, 235
357, 236
357, 237
357, 238
357, 239
357, 240
357, 241
357, 242
357, 243
357, 244
357, 245
357, 246
357, 247
357, 248
357, 249
357, 250
356, 251
356, 252
356, 253
355, 254
355, 255
355, 256
355, 257
355, 258
355, 259
354, 260
354, 261
353, 261
352, 262
352, 263
352, 264
353, 265
353, 266
353, 267
353, 268
353, 269
353, 270
352, 271
352, 272
352, 273
352, 274
352, 275
351, 276
351, 277
351, 278
351, 279
351, 280
351, 281
351, 282
350, 283
350, 284
350, 285
350, 286
350, 287
350, 288
349, 289
349, 290
349, 291
349, 292
349, 293
348, 294
348, 295
348, 296
348, 297
348, 298
347, 299
347, 300
347, 301
347, 302
347, 303
346, 304
346, 305
346, 306
346, 307
346, 308
345, 309
345, 310
345, 311
345, 312
345, 313
344, 314
344, 315
344, 316
343, 317
343, 318
343, 319
343, 320
343, 321
343, 322
342, 323
342, 324
342, 325
341, 326
341, 327
341, 328
341, 329
341, 330
341, 331
340, 332
340, 333
339, 334
339, 335
339, 336
339, 337
339, 338
338, 339
338, 340
338, 341
337, 342
337, 343
337, 344
337, 345
337, 346
336, 347
336, 348
336, 349
335, 350
335, 351
335, 352
335, 353
334, 354
334, 355
334, 356
333, 357
333, 358
333, 359
333, 360
332, 361
332, 362
332, 363
331, 364
331, 365
331, 366
331, 367
331, 368
330, 369
330, 370
329, 371
329, 372
329, 373
329, 374
328, 375
328, 376
328, 377
327, 378
327, 379
327, 380
327, 381
327, 382
326, 383
325, 384
325, 385
325, 386
325, 387
324, 388
324, 389
324, 390
323, 391
323, 392
323, 393
323, 394
322, 395
322, 396
322, 397
321, 398
321, 399
321, 400
321, 401
320, 402
320, 403
319, 404
319, 405
319, 406
319, 407
318, 407
317, 407
316, 408
316, 409
316, 410
317, 411
317, 412
316, 413
316, 414
316, 415
315, 416
315, 417
314, 418
314, 419
314, 420
313, 421
313, 422
313, 423
312, 424
312, 425
312, 426
312, 427
311, 428
311, 429
310, 430
310, 431
310, 432
310, 433
309, 434
309, 435
308, 436
308, 437
308, 438
308, 439
307, 440
307, 441
307, 442
307, 443
307, 444
307, 445
307, 446
306, 447
306, 448
305, 449
305, 450
305, 451
304, 452
304, 453
304, 454
304, 455
304, 456
304, 457
304, 458
305, 459
305, 460
306, 461
306, 462
307, 463
307, 464
307, 465
308, 466
308, 467
308, 468
308, 469
308, 470
308, 471
309, 472
310, 473
310, 474
311, 475
310, 476
310, 477
310, 478
310, 479
311, 480
312, 480
312, 481
312, 482
312, 483
312, 484
312, 485
312, 486
313, 487
314, 487
314, 488
314, 489
314, 490
315, 491
316, 492
316, 493
316, 494
316, 495
316, 496
316, 497
317, 498
318, 498
319, 499
319, 500
319, 501
319, 502
320, 503
321, 504
321, 505
320, 506
320, 507
320, 508
321, 509
322, 510
322, 511
323, 512
322, 513
322, 514
322, 515
322, 516
322, 517
322, 518
323, 519
324, 519
324, 520
325, 521
325, 522
324, 522
323, 522
322, 523
322, 524
322, 525
322, 526
323, 527
324, 527
325, 528
325, 529
326, 530
327, 530
328, 531
328, 532
329, 533
330, 534
331, 535
332, 535
333, 536
334, 537
335, 538
336, 539
337, 540
338, 540
339, 541
340, 541
341, 542
342, 542
343, 543
344, 543
345, 544
346, 544
347, 545
348, 545
349, 545
350, 546
351, 546
352, 547
353, 547
354, 547
355, 547
356, 548
357, 548
358, 548
359, 548
360, 549
361, 549
362, 549
363, 549
364, 549
365, 549
366, 549
367, 549
368, 549
369, 549
370, 549
371, 549
372, 549
373, 549
374, 549
375, 549
376, 549
377, 549
378, 549
379, 549
380, 549
381, 549
382, 548
383, 548
384, 548
385, 548
386, 548
387, 548
388, 548
389, 548
390, 547
391, 547
392, 547
393, 547
394, 547
395, 547
396, 546
397, 546
398, 546
399, 546
400, 546
401, 546
402, 546
403, 546
404, 546
405, 546
406, 546
407, 546
408, 546
409, 547
410, 547
411, 547
412, 547
413, 548
414, 548
415, 548
416, 548
417, 549
418, 549
419, 549
420, 550
421, 550
422, 550
423, 551
424, 552
425, 553
426, 553
427, 554
428, 554
429, 555
430, 556
431, 556
432, 557
433, 558
434, 558
435, 559
436, 560
437, 561
438, 562
439, 563
440, 564
441, 565
442, 566
443, 567
444, 568
445, 569
446, 570
447, 571
448, 571
448, 572
449, 573
450, 574
450, 575
451, 576
452, 577
453, 578
453, 579
454, 580
455, 581
456, 582
456, 583
457, 584
458, 584
458, 585
459, 586
460, 587
460, 588
461, 589
461, 590
462, 591
462, 592
463, 593
463, 594
464, 595
464, 596
465, 597
465, 598
466, 599
466, 600
466, 601
467, 602
468, 603
468, 604
468, 605
469, 606
470, 607
470, 608
470, 609
471, 610
471, 611
472, 612
472, 613
472, 614
472, 615
472, 616
472, 617
473, 618
473, 619
473, 620
474, 621
474, 622
474, 623
474, 624
475, 625
476, 626
476, 627
476, 628
476, 629
476, 630
476, 631
476, 632
476, 633
476, 634
477, 635
478, 635
479, 635
480, 635
479, 635
478, 635
477, 636
477, 637
477, 638
478, 639
479, 639
480, 639
481, 640
481, 641
480, 641
479, 641
478, 642
478, 643
478, 644
478, 645
478, 646
478, 647
478, 648
478, 649
478, 650
479, 651
480, 651
481, 651
481, 652
481, 653
481, 654
481, 655
481, 656
481, 657
481, 658
481, 659
481, 660
481, 661
481, 662
481, 663
481, 664
481, 665
481, 666
481, 667
480, 668
480, 669
480, 670
480, 671
480, 672
479, 673
479, 674
479, 675
479, 676
478, 677
478, 678
477, 679
477, 680
477, 681
477, 682
477, 683
476, 684
476, 685
475, 686
475, 687
474, 688
473, 689
473, 690
473, 691
472, 692
471, 693
471, 694
470, 695
469, 696
469, 697
469, 698
468, 699
467, 700
466, 701
466, 702
465, 703
464, 704
463, 704
462, 705
462, 706
461, 707
461, 708
460, 709
459, 710
458, 711
457, 711
456, 712
456, 713
455, 713
454, 713
453, 714
452, 715
451, 716
450, 717
449, 717
448, 718
447, 718
446, 719
445, 720
444, 720
443, 721
442, 722
441, 722
440, 723
439, 723
438, 723
437, 723
436, 723
435, 724
434, 724
433, 724
432, 724
431, 725
430, 725
429, 725
428, 725
427, 725
426, 725
425, 725
424, 725
423, 725
422, 725
421, 725
420, 725
419, 724
418, 724
417, 724
416, 724
415, 723
414, 723
413, 722
412, 722
411, 722
410, 722
409, 721
408, 720
407, 719
406, 719
405, 718
404, 718
403, 717
402, 717
401, 716
400, 715
399, 714
398, 713
397, 712
396, 712
395, 711
394, 710
393, 709
392, 708
391, 707
390, 706
389, 705
390, 705
391, 704
391, 703
391, 702
390, 701
389, 701
388, 701
387, 702
386, 702
386, 701
385, 700
384, 699
384, 698
383, 697
382, 696
383, 696
384, 695
384, 694
384, 693
384, 692
384, 691
383, 690
382, 689
381, 689
380, 688
380, 687
379, 686
379, 685
379, 684
378, 683
378, 682
377, 681
376, 680
375, 680
375, 679
375, 678
374, 677
373, 676
372, 676
371, 676
371, 675
371, 674
371, 673
370, 672
370, 671
369, 670
368, 669
367, 669
367, 668
367, 667
366, 666
365, 666
365, 665
365, 664
365, 663
365, 662
365, 661
364, 660
364, 659
363, 658
362, 658
362, 657
361, 656
360, 655
360, 654
359, 653
358, 652
358, 651
358, 650
357, 649
356, 648
356, 647
355, 646
354, 646
353, 645
352, 645
351, 644
350, 644
349, 644
348, 644
347, 644
346, 645
345, 645
344, 645
343, 645
342, 645
342, 644
341, 643
340, 643
340, 642
339, 641
338, 640
337, 639
337, 638
336, 637
336, 636
335, 635
334, 635
333, 635
332, 636
332, 637
332, 638
333, 639
333, 640
333, 641
334, 642
334, 643
335, 644
335, 645
336, 646
337, 647
338, 648
339, 649
340, 649
341, 649
342, 649
343, 649
344, 649
345, 649
346, 649
347, 649
348, 649
349, 650
350, 651
351, 651
351, 652
352, 653
353, 654
354, 655
355, 656
356, 657
356, 658
357, 659
358, 660
358, 661
359, 662
360, 663
359, 662
358, 661
357, 661
356, 661
355, 660
354, 660
353, 660
352, 659
352, 658
351, 657
350, 657
349, 656
348, 656
347, 655
346, 654
345, 653
344, 653
343, 653
342, 653
341, 652
340, 652
339, 651
338, 650
337, 650
336, 649
335, 648
334, 647
333, 646
332, 645
331, 645
331, 644
330, 643
329, 643
329, 642
328, 641
327, 640
326, 640
325, 639
324, 638
323, 638
322, 637
321, 637
320, 637
319, 637
318, 636
317, 636
316, 635
315, 634
314, 633
313, 632
312, 631
311, 630
310, 629
310, 628
309, 627
308, 626
307, 625
306, 624
306, 623
305, 622
304, 621
303, 620
303, 619
302, 618
301, 617
300, 616
300, 615
299, 614
298, 613
297, 612
297, 611
296, 610
295, 609
295, 608
294, 607
293, 606
293, 605
292, 604
291, 603
290, 602
290, 601
289, 600
288, 599
288, 598
287, 597
286, 596
286, 595
285, 594
284, 593
284, 592
283, 591
282, 590
282, 589
281, 588
280, 587
280, 586
279, 585
278, 584
278, 583
277, 582
276, 581
275, 580
274, 580
273, 580
272, 580
271, 581
271, 582
270, 583
269, 584
268, 585
268, 586
267, 587
267, 588
266, 589
265, 590
265, 591
264, 592
263, 592
262, 593
261, 594
260, 595
259, 596
258, 596
257, 596
256, 597
255, 598
254, 598
253, 598
252, 598
251, 598
250, 598
249, 598
248, 597
247, 596
246, 595
245, 595
244, 595
243, 595
242, 596
242, 597
242, 598
241, 598
240, 598
239, 599
239, 600
239, 601
238, 602
238, 603
237, 604
236, 605
236, 606
236, 607
235, 607
234, 608
233, 609
233, 610
233, 611
232, 612
231, 613
231, 614
231, 615
230, 616
230, 617
229, 618
228, 619
227, 620
226, 621
225, 622
225, 623
225, 624
224, 625
223, 626
222, 627
222, 628
221, 629
220, 630
219, 631
219, 632
219, 633
218, 634
218, 635
218, 636
217, 637
216, 638
215, 638
214, 639
213, 640
213, 641
213, 642
212, 642
211, 643
211, 644
210, 645
209, 646
209, 647
208, 648
207, 649
206, 650
206, 651
205, 651
204, 651
203, 652
202, 652
201, 653
200, 654
199, 654
198, 655
198, 656
198, 657
197, 657
196, 658
195, 659
194, 659
193, 659
192, 659
191, 659
190, 659
189, 660
189, 661
188, 661
187, 661
186, 661
185, 662
185, 663
184, 664
184, 665
184, 666
183, 667
182, 668
181, 668
180, 668
179, 669
178, 669
177, 669
176, 670
176, 671
176, 672
176, 671
175, 670
174, 670
173, 670
172, 670
171, 670
170, 671
169, 672
169, 673
168, 674
167, 675
167, 676
166, 677
165, 678
165, 679
164, 680
164, 681
163, 682
163, 683
162, 684
161, 685
161, 686
160, 687
160, 688
159, 689
159, 690
158, 691
157, 692
157, 693
157, 694
156, 695
155, 696
155, 697
154, 698
154, 699
153, 700
152, 701
152, 702
151, 703
151, 704
150, 705
150, 706
149, 707
149, 708
148, 709
147, 710
147, 711
146, 712
146, 713
145, 714
145, 715
144, 716
143, 717
143, 718
142, 719
141, 720
141, 721
140, 722
139, 723
139, 724
138, 725
137, 726
136, 727
135, 728
135, 729
134, 729
133, 730
133, 731
132, 732
131, 732
130, 733
129, 734
129, 735
128, 736
127, 736
126, 737
125, 738
124, 739
124, 740
124, 741
123, 741
122, 742
121, 743
121, 744
120, 744
119, 744
118, 745
118, 746
117, 747
116, 747
115, 747
114, 747
113, 747
112, 748
111, 748
110, 748
109, 748
108, 748
107, 748
106, 748
105, 749
104, 749
103, 749
102, 749
101, 749
100, 749
99, 749
98, 749
97, 749
96, 748
95, 748
94, 748
93, 747
92, 747
91, 747
90, 747
89, 746
88, 746
87, 745
86, 744
85, 743
84, 742
83, 741
82, 741
81, 740
80, 739
79, 739
78, 738
77, 738
76, 737
75, 737
74, 736
73, 735
72, 734
71, 733
70, 733
69, 732
68, 731
67, 730
66, 729
65, 728
64, 727
65, 728
66, 729
67, 730
68, 731
69, 731
70, 732
71, 733
72, 733
73, 734
74, 734
75, 735
76, 735
77, 735
78, 736
79, 736
80, 736
81, 737
82, 737
83, 737
84, 737
85, 737
86, 738
87, 738
88, 738
89, 738
90, 738
91, 738
92, 739
93, 739
94, 739
95, 739
96, 739
97, 739
98, 739
99, 738
100, 738
101, 738
102, 737
102, 736
103, 736
104, 735
104, 734
104, 733
103, 732
102, 732
101, 732
100, 733
99, 733
98, 733
97, 733
96, 733
95, 733
94, 733
93, 733
92, 733
91, 733
90, 733
89, 733
88, 733
87, 732
86, 732
85, 732
84, 732
83, 731
82, 731
81, 731
80, 730
79, 730
78, 729
77, 729
76, 728
75, 728
74, 727
73, 727
72, 726
71, 725
70, 724
69, 724
68, 723
67, 722
66, 721
65, 720
64, 719
63, 718
62, 717
61, 716
60, 715
60, 714
59, 713
59, 712
58, 711
58, 710
57, 709
57, 708
56, 707
56, 706
56, 705
55, 704
55, 703
54, 702
54, 701
54, 700
54, 699
53, 698
53, 697
53, 696
53, 695
52, 694
52, 693
52, 692
52, 691
51, 690
51, 689
51, 688
51, 687
51, 686
51, 685
51, 684
51, 683
50, 682
50, 681
50, 680
50, 679
50, 678
50, 677
