154, 575
154, 574
154, 573
154, 572
154, 571
154, 570
154, 569
155, 568
155, 567
155, 566
155, 565
156, 564
156, 563
156, 562
156, 561
156, 560
156, 559
157, 558
157, 557
157, 556
157, 555
158, 554
158, 553
158, 552
158, 551
159, 550
159, 549
159, 548
160, 547
160, 546
160, 545
161, 544
161, 543
162, 542
162, 541
162, 540
163, 539
163, 538
163, 537
164, 536
164, 535
165, 534
166, 533
166, 532
166, 531
167, 530
168, 529
168, 528
169, 527
169, 526
170, 525
170, 524
171, 523
172, 522
173, 522
174, 521
175, 520
176, 519
177, 518
178, 518
179, 517
180, 516
181, 516
182, 516
183, 515
184, 515
185, 515
186, 514
187, 514
188, 514
189, 514
190, 513
191, 513
192, 513
193, 513
194, 513
195, 513
196, 513
197, 513
198, 513
199, 513
200, 513
201, 513
202, 513
203, 513
204, 513
205, 514
206, 514
207, 514
208, 514
209, 514
210, 514
211, 514
212, 514
213, 515
214, 515
215, 515
216, 515
217, 515
218, 515
219, 516
220, 516
221, 516
222, 516
223, 516
224, 516
225, 516
226, 516
227, 516
228, 516
229, 516
230, 516
231, 516
232, 516
233, 516
234, 516
235, 515
236, 515
237, 515
238, 514
239, 514
240, 513
241, 512
242, 511
243, 510
244, 509
244, 508
244, 507
245, 506
245, 505
245, 504
245, 503
245, 502
245, 501
246, 500
246, 499
246, 498
247, 497
247, 496
247, 495
248, 494
248, 493
248, 492
248, 491
248, 490
249, 489
249, 488
249, 487
249, 486
250, 485
250, 484
250, 483
251, 482
251, 481
251, 480
251, 479
251, 478
252, 477
252, 476
252, 475
252, 474
252, 473
253, 472
253, 471
253, 470
253, 469
254, 468
254, 467
254, 466
254, 465
255, 464
255, 463
255, 462
254, 461
254, 460
255, 460
256, 459
256, 458
256, 457
257, 456
257, 455
257, 454
256, 453
256, 452
256, 451
257, 450
257, 449
258, 448
258, 447
258, 446
258, 445
258, 444
259, 443
259, 442
259, 441
259, 440
259, 439
259, 438
259, 437
259, 436
259, 435
259, 434
259, 433
259, 432
259, 431
260, 430
260, 429
260, 428
260, 427
261, 426
261, 425
261, 424
261, 423
262, 422
263, 421
263, 420
264, 419
264, 418
264, 417
264, 418
265, 419
266, 420
267, 421
268, 421
269, 421
270, 420
270, 419
270, 418
270, 417
269, 416
269, 415
269, 414
268, 413
268, 412
268, 411
268, 410
267, 409
267, 408
266, 407
266, 406
266, 405
266, 404
265, 403
265, 402
265, 401
264, 400
264, 399
264, 398
264, 397
263, 396
263, 395
263, 394
262, 393
262, 392
262, 391
262, 390
261, 389
261, 388
261, 387
260, 386
260, 385
260, 384
260, 383
259, 382
259, 381
259, 380
258, 379
258, 378
258, 377
257, 376
257, 375
257, 374
257, 373
256, 372
256, 371
256, 370
256, 369
255, 368
255, 367
255, 366
255, 365
254, 364
254, 363
254, 362
254, 361
253, 360
253, 359
253, 358
253, 357
252, 356
252, 355
252, 354
252, 353
251, 352
252, 351
252, 350
253, 349
253, 348
253, 347
253, 346
253, 345
253, 344
252, 343
252, 342
252, 341
252, 340
252, 339
252, 338
252, 337
251, 336
251, 335
251, 334
251, 333
251, 332
251, 331
251, 330
251, 329
250, 328
250, 327
250, 326
250, 325
250, 324
250, 323
250, 322
250, 321
250, 320
250, 319
249, 318
249, 317
249, 316
249, 315
248, 314
248, 313
248, 312
248, 311
247, 310
247, 309
247, 308
248, 309
248, 310
249, 311
249, 312
249, 313
249, 314
250, 315
250, 316
251, 317
251, 318
252, 319
252, 320
253, 321
253, 322
253, 323
254, 324
253, 324
252, 325
252, 326
252, 327
253, 328
253, 329
253, 330
253, 331
253, 332
254, 333
255, 333
256, 333
257, 332
257, 331
257, 330
257, 329
257, 330
258, 331
258, 332
258, 333
259, 334
259, 335
260, 336
261, 336
261, 337
261, 338
261, 339
262, 340
263, 340
263, 341
263, 342
263, 343
264, 344
265, 345
265, 346
265, 347
266, 348
267, 348
267, 349
267, 350
267, 351
267, 352
268, 353
269, 353
269, 354
269, 355
269, 356
270, 357
271, 358
271, 359
271, 360
271, 361
272, 362
273, 362
274, 363
275, 363
276, 363
276, 364
276, 365
276, 366
277, 367
278, 367
279, 367
280, 366
280, 365
280, 364
281, 363
281, 362
282, 361
282, 360
282, 359
282, 358
283, 357
283, 356
284, 355
284, 354
284, 353
285, 352
285, 351
286, 350
286, 349
286, 348
287, 347
287, 346
288, 345
288, 344
288, 343
289, 342
289, 341
289, 340
290, 339
290, 338
291, 337
291, 336
291, 335
292, 334
292, 333
292, 332
293, 331
293, 330
294, 329
294, 328
294, 327
295, 326
295, 325
295, 324
295, 323
296, 322
296, 321
296, 320
296, 319
297, 318
297, 317
298, 318
299, 318
300, 318
301, 319
301, 320
301, 321
301, 322
301, 323
301, 324
301, 325
300, 326
300, 327
300, 328
300, 329
300, 330
300, 331
300, 332
300, 333
300, 334
301, 335
301, 336
301, 337
301, 338
301, 339
301, 340
301, 341
301, 342
301, 343
301, 344
301, 345
301, 346
301, 347
301, 348
301, 349
302, 350
302, 351
302, 352
302, 353
302, 354
303, 355
303, 356
302, 357
301, 358
301, 359
301, 360
301, 361
301, 362
301, 363
300, 364
300, 365
300, 366
300, 367
299, 368
299, 369
299, 370
299, 371
299, 372
299, 373
299, 374
298, 375
298, 376
298, 377
297, 378
297, 379
297, 380
297, 381
297, 382
297, 383
296, 384
296, 385
296, 386
296, 387
296, 388
295, 389
295, 390
295, 391
295, 392
294, 393
294, 394
294, 395
294, 396
294, 397
294, 398
293, 399
293, 400
293, 401
293, 402
293, 403
292, 403
291, 403
290, 404
289, 405
289, 406
289, 407
289, 408
289, 409
290, 410
290, 411
291, 412
291, 413
291, 414
291, 415
292, 416
292, 417
293, 418
293, 419
293, 420
294, 421
294, 422
294, 423
295, 424
295, 425
295, 426
296, 427
297, 428
297, 429
297, 430
297, 431
298, 432
298, 433
298, 434
299, 435
300, 436
300, 437
301, 438
301, 439
301, 440
301, 441
301, 442
302, 443
302, 444
302, 445
302, 446
303, 447
303, 448
304, 449
304, 450
305, 451
305, 452
305, 453
305, 454
306, 455
306, 456
307, 457
307, 458
307, 459
307, 460
308, 461
308, 462
309, 463
309, 464
309, 465
309, 466
309, 467
310, 468
311, 469
311, 470
311, 471
311, 472
311, 473
312, 474
312, 475
313, 476
313, 477
313, 478
314, 479
314, 480
315, 481
315, 482
315, 483
315, 484
316, 485
316, 486
317, 487
317, 488
317, 489
317, 490
317, 491
318, 492
318, 493
319, 494
319, 495
319, 496
320, 497
320, 498
321, 499
321, 500
321, 501
321, 502
322, 503
323, 504
323, 505
323, 506
324, 507
324, 508
325, 509
326, 510
327, 511
328, 512
329, 512
330, 513
331, 513
332, 514
333, 514
334, 514
335, 515
336, 515
337, 515
338, 515
339, 515
340, 515
341, 515
342, 515
343, 515
344, 515
345, 515
346, 515
347, 515
348, 514
349, 514
350, 514
351, 514
352, 514
353, 513
354, 513
355, 513
356, 513
357, 513
358, 513
359, 513
360, 513
361, 513
362, 513
363, 513
364, 512
365, 512
366, 512
367, 512
368, 512
369, 512
370, 512
371, 512
372, 512
373, 512
374, 512
375, 512
376, 513
377, 513
378, 513
379, 513
380, 513
381, 513
382, 514
383, 514
384, 515
385, 515
386, 516
387, 516
388, 516
389, 517
390, 518
391, 518
392, 519
393, 520
394, 521
395, 522
396, 523
397, 524
398, 525
399, 525
399, 526
400, 527
401, 527
401, 528
402, 529
403, 530
403, 531
404, 532
405, 533
405, 534
405, 535
406, 536
407, 537
407, 538
407, 539
407, 540
408, 541
409, 541
409, 542
409, 543
410, 544
410, 545
411, 546
411, 547
411, 548
412, 549
412, 550
413, 551
413, 552
413, 553
414, 554
414, 555
415, 556
415, 557
415, 558
415, 559
416, 560
416, 561
417, 562
416, 563
416, 564
416, 565
417, 566
417, 567
418, 568
418, 569
418, 570
418, 571
419, 572
419, 573
419, 574
419, 575
419, 576
419, 577
419, 578
419, 579
420, 580
420, 581
420, 582
420, 583
420, 584
420, 585
419, 586
419, 587
419, 588
420, 589
419, 590
419, 591
419, 592
419, 593
418, 594
418, 595
417, 596
417, 597
417, 598
416, 599
416, 600
415, 601
414, 602
414, 603
413, 604
412, 605
411, 606
411, 607
410, 607
409, 608
409, 609
408, 609
407, 610
406, 611
405, 611
404, 612
403, 613
402, 613
401, 614
400, 614
399, 615
398, 616
397, 616
396, 616
395, 616
394, 617
393, 617
392, 617
391, 618
390, 618
389, 618
388, 618
387, 618
386, 619
385, 619
384, 619
383, 619
382, 619
381, 619
380, 619
379, 619
378, 619
377, 619
376, 619
375, 619
374, 618
373, 618
372, 618
371, 618
370, 618
369, 617
368, 616
367, 616
366, 615
365, 615
364, 614
363, 614
362, 613
361, 612
360, 612
359, 611
358, 610
357, 610
357, 609
357, 608
357, 607
356, 606
355, 606
354, 606
353, 606
352, 605
351, 604
351, 603
350, 602
349, 601
348, 600
348, 599
347, 598
346, 597
345, 596
344, 595
344, 594
343, 593
343, 592
342, 591
341, 590
341, 589
340, 588
340, 587
339, 586
339, 585
339, 584
338, 583
338, 582
338, 581
337, 580
336, 579
336, 578
336, 577
335, 576
334, 576
334, 575
334, 574
334, 573
334, 572
334, 571
333, 570
333, 569
332, 568
332, 567
332, 566
332, 565
331, 564
330, 564
330, 563
330, 562
330, 561
330, 560
329, 559
329, 558
329, 557
328, 556
328, 555
328, 554
328, 553
327, 552
327, 551
326, 550
326, 549
326, 548
326, 547
325, 546
325, 545
325, 544
324, 543
324, 542
324, 541
324, 540
323, 539
323, 538
322, 537
322, 536
322, 535
322, 534
321, 533
321, 532
320, 531
320, 530
320, 529
320, 528
319, 527
319, 526
319, 525
318, 524
318, 523
318, 522
318, 521
317, 520
317, 519
317, 518
316, 517
316, 516
316, 515
315, 514
315, 513
314, 512
314, 511
314, 510
314, 509
313, 508
313, 507
313, 506
312, 505
312, 504
312, 503
312, 502
311, 501
311, 500
310, 499
310, 498
310, 497
310, 496
309, 495
309, 494
308, 493
308, 492
308, 491
308, 490
307, 489
307, 488
307, 487
306, 486
306, 485
306, 484
306, 483
305, 482
305, 481
304, 480
304, 479
304, 478
304, 477
303, 476
303, 475
302, 474
302, 473
302, 472
302, 471
301, 470
301, 469
301, 468
300, 467
300, 466
300, 465
300, 464
299, 463
299, 462
298, 461
298, 460
298, 459
297, 458
297, 457
297, 456
296, 455
296, 454
296, 453
295, 452
294, 452
293, 452
292, 453
291, 452
290, 451
289, 451
288, 450
287, 450
286, 449
285, 449
284, 449
283, 449
282, 450
281, 450
280, 450
279, 450
278, 450
277, 450
276, 451
275, 451
274, 451
273, 451
272, 452
271, 452
270, 453
269, 454
268, 455
267, 455
266, 456
266, 457
265, 458
265, 459
265, 460
265, 461
264, 462
264, 463
263, 464
263, 465
263, 466
263, 467
263, 468
263, 469
262, 470
262, 471
262, 472
261, 473
261, 474
261, 475
261, 476
261, 477
261, 478
260, 479
260, 480
259, 481
259, 482
259, 483
259, 484
259, 485
259, 486
258, 487
258, 488
258, 489
258, 490
257, 491
257, 492
257, 493
257, 494
257, 495
257, 496
256, 497
256, 498
255, 499
255, 500
255, 501
255, 502
255, 503
255, 504
254, 505
254, 506
254, 507
254, 508
253, 509
253, 510
253, 511
253, 512
253, 513
253, 514
252, 515
252, 516
252, 517
251, 518
251, 519
251, 520
251, 521
251, 522
251, 523
250, 524
250, 525
249, 526
249, 527
249, 528
249, 529
249, 530
249, 531
249, 532
248, 533
248, 534
248, 535
248, 536
247, 537
247, 538
247, 539
247, 540
247, 541
247, 542
246, 543
246, 544
246, 545
245, 546
245, 547
245, 548
245, 549
245, 550
245, 551
245, 552
244, 553
244, 554
244, 555
243, 556
243, 557
243, 558
243, 559
243, 560
243, 561
242, 562
241, 563
241, 564
241, 565
241, 566
241, 567
241, 568
241, 569
241, 570
240, 571
240, 572
239, 573
239, 574
239, 575
239, 576
239, 577
238, 578
238, 579
238, 580
237, 581
237, 582
237, 583
236, 584
236, 585
236, 586
235, 587
235, 588
235, 589
234, 590
234, 591
234, 592
233, 593
233, 594
232, 595
232, 596
231, 597
230, 598
230, 599
230, 600
229, 601
228, 602
228, 603
227, 604
227, 605
226, 605
225, 606
225, 607
224, 608
223, 609
222, 610
221, 611
220, 611
219, 612
218, 613
217, 614
216, 614
215, 615
214, 616
213, 616
212, 617
211, 618
210, 618
209, 618
208, 619
207, 619
206, 620
205, 620
204, 621
203, 621
202, 622
201, 623
201, 624
201, 625
200, 626
201, 625
201, 624
201, 623
200, 622
199, 622
198, 622
197, 622
196, 622
195, 622
194, 622
193, 622
192, 622
191, 622
190, 622
189, 622
188, 623
188, 624
188, 625
189, 626
188, 626
187, 626
186, 626
185, 625
184, 625
185, 625
186, 624
186, 623
186, 622
185, 621
184, 621
183, 621
182, 620
181, 620
180, 619
179, 619
178, 619
177, 618
176, 618
175, 618
174, 618
174, 617
173, 616
172, 615
171, 614
170, 614
170, 613
170, 612
170, 611
169, 610
168, 610
167, 609
166, 608
165, 608
164, 607
163, 606
162, 605
161, 604
160, 603
159, 602
158, 601
158, 600
158, 599
157, 598
156, 597
156, 596
156, 595
155, 594
155, 593
155, 592
154, 591
154, 590
154, 589
154, 588
154, 587
153, 586
153, 585
153, 584
153, 583
153, 582
153, 581
153, 580
153, 579
153, 578
153, 577
153, 576
