361, 367
361, 366
362, 365
363, 365
364, 365
365, 365
366, 366
367, 366
368, 366
369, 365
370, 365
371, 364
372, 364
373, 363
374, 362
375, 361
376, 361
377, 360
378, 359
379, 358
380, 357
381, 357
382, 356
383, 356
384, 355
385, 354
385, 353
386, 353
387, 352
388, 351
389, 350
390, 350
391, 349
392, 348
393, 348
394, 347
395, 346
396, 345
397, 344
398, 343
399, 343
400, 342
401, 342
402, 341
403, 340
404, 339
405, 338
406, 337
407, 337
408, 336
409, 335
410, 334
411, 334
412, 333
413, 332
414, 332
415, 331
416, 330
416, 329
417, 329
418, 328
419, 328
420, 327
421, 326
422, 325
423, 324
424, 324
425, 323
425, 322
426, 322
427, 321
428, 321
429, 320
430, 319
431, 318
432, 317
433, 317
434, 316
434, 315
434, 314
433, 313
433, 312
432, 311
433, 310
434, 309
435, 308
436, 308
437, 307
438, 306
439, 305
439, 304
439, 303
439, 302
438, 301
438, 300
437, 299
437, 298
437, 297
436, 296
436, 295
436, 294
436, 293
435, 292
435, 291
434, 290
434, 289
434, 288
434, 287
434, 286
433, 285
433, 284
432, 283
432, 282
431, 281
431, 280
431, 279
430, 278
430, 277
430, 276
429, 275
429, 274
428, 273
428, 272
428, 271
427, 270
427, 269
426, 268
426, 267
425, 266
425, 265
424, 264
423, 263
423, 262
423, 261
423, 260
422, 259
422, 258
422, 257
422, 256
421, 255
421, 254
420, 253
420, 252
420, 251
420, 250
419, 249
419, 248
418, 247
418, 246
418, 245
417, 244
416, 243
416, 242
416, 241
416, 240
415, 239
415, 238
414, 237
414, 236
414, 235
413, 234
413, 233
413, 232
412, 231
412, 230
411, 229
411, 228
410, 227
410, 226
409, 225
409, 224
409, 223
409, 222
408, 221
408, 220
408, 219
407, 218
407, 217
406, 216
406, 215
406, 214
405, 213
405, 212
404, 211
404, 210
404, 209
403, 208
403, 207
402, 206
402, 205
402, 204
402, 203
401, 202
401, 201
401, 200
400, 199
400, 198
399, 197
399, 196
399, 195
398, 194
398, 193
397, 192
397, 191
397, 190
396, 189
396, 188
395, 187
395, 186
395, 185
394, 184
394, 183
393, 182
393, 181
393, 180
392, 179
391, 178
391, 177
391, 176
391, 175
390, 174
390, 173
390, 172
389, 171
389, 170
388, 169
388, 168
388, 167
389, 167
390, 167
391, 168
392, 168
393, 168
394, 169
395, 169
396, 169
397, 169
398, 170
399, 171
400, 171
401, 171
402, 172
403, 172
404, 173
405, 173
406, 174
407, 174
408, 174
409, 175
410, 175
411, 176
412, 176
413, 177
414, 177
415, 177
416, 178
417, 178
418, 178
419, 179
420, 180
421, 180
422, 180
423, 181
424, 181
425, 181
426, 182
427, 182
428, 182
429, 183
430, 183
431, 184
432, 184
433, 185
434, 185
435, 185
436, 186
437, 186
438, 186
439, 187
440, 187
441, 188
442, 188
443, 189
444, 189
445, 190
446, 190
447, 191
448, 191
449, 192
450, 192
451, 193
452, 193
453, 194
454, 194
455, 194
456, 194
457, 195
458, 196
459, 196
460, 196
461, 197
462, 197
463, 197
464, 197
465, 198
466, 198
467, 199
468, 199
469, 200
470, 201
471, 201
472, 201
473, 201
474, 202
475, 202
476, 202
477, 203
478, 204
479, 204
480, 205
481, 205
482, 205
483, 206
484, 206
485, 206
486, 207
487, 207
488, 208
489, 208
490, 209
491, 209
492, 210
493, 210
494, 210
495, 211
496, 211
497, 212
498, 212
499, 213
500, 213
501, 214
502, 214
503, 214
504, 214
505, 215
506, 215
507, 215
508, 216
509, 217
510, 217
511, 217
512, 217
513, 218
514, 219
515, 220
516, 220
517, 220
518, 221
519, 221
520, 221
521, 222
522, 222
523, 222
524, 222
525, 223
526, 224
527, 224
528, 224
529, 225
530, 225
531, 226
532, 226
533, 226
534, 226
534, 227
535, 228
536, 228
537, 228
538, 229
539, 229
540, 230
541, 230
542, 230
543, 231
544, 231
545, 231
546, 231
547, 231
548, 231
549, 230
550, 230
551, 229
552, 229
553, 228
554, 227
555, 226
556, 226
557, 225
558, 225
559, 224
560, 224
561, 223
562, 222
563, 222
564, 221
565, 220
566, 220
567, 219
568, 218
569, 218
570, 217
571, 216
572, 215
573, 215
574, 214
575, 213
576, 212
577, 212
578, 211
579, 210
580, 210
581, 209
582, 209
583, 208
584, 207
585, 206
585, 205
586, 205
587, 205
588, 204
589, 204
590, 203
591, 203
592, 202
593, 201
593, 200
594, 200
595, 200
596, 199
597, 198
598, 198
599, 197
600, 196
601, 196
602, 195
603, 194
604, 193
605, 193
606, 192
607, 192
608, 191
609, 190
610, 189
611, 188
612, 188
613, 187
614, 187
615, 186
616, 186
617, 185
618, 184
619, 183
620, 182
621, 182
622, 181
623, 181
624, 180
625, 180
626, 179
626, 178
627, 178
628, 177
629, 177
630, 176
631, 175
632, 175
633, 174
634, 173
635, 172
636, 172
637, 171
638, 171
639, 170
640, 169
641, 169
642, 168
643, 168
644, 167
645, 166
646, 166
647, 165
648, 165
649, 164
650, 163
650, 162
651, 162
652, 161
653, 160
654, 159
655, 159
656, 159
657, 158
658, 157
659, 156
660, 156
661, 155
662, 155
663, 154
664, 153
665, 152
666, 152
667, 151
668, 151
669, 150
670, 150
671, 149
672, 148
673, 147
674, 146
675, 145
676, 144
677, 144
678, 143
679, 142
680, 141
680, 140
681, 140
682, 139
683, 138
684, 139
685, 139
685, 140
685, 141
685, 142
686, 143
687, 144
688, 144
688, 145
688, 146
688, 147
687, 148
687, 149
686, 149
685, 150
685, 151
685, 152
684, 153
684, 154
683, 155
683, 156
682, 157
682, 158
682, 159
681, 160
681, 161
681, 162
680, 163
680, 164
679, 165
679, 166
678, 167
678, 168
678, 169
677, 170
677, 171
676, 172
676, 173
676, 174
675, 175
675, 176
675, 177
674, 178
673, 179
673, 180
673, 181
672, 182
672, 183
671, 184
671, 185
670, 186
670, 187
670, 188
669, 189
669, 190
669, 191
668, 192
668, 193
667, 194
667, 195
666, 196
666, 197
666, 198
666, 199
665, 199
664, 200
664, 201
664, 202
664, 203
663, 204
663, 205
662, 206
662, 207
662, 208
661, 209
661, 210
660, 211
660, 212
659, 213
659, 214
658, 215
658, 216
658, 217
657, 218
657, 219
656, 220
656, 221
656, 222
655, 223
655, 224
654, 225
654, 226
653, 227
653, 228
653, 229
652, 230
652, 231
652, 232
651, 233
651, 234
650, 235
650, 236
650, 237
649, 238
648, 239
648, 240
647, 241
647, 242
647, 243
646, 244
646, 245
645, 246
645, 247
645, 248
644, 249
643, 250
643, 251
643, 252
643, 253
642, 254
642, 255
641, 256
641, 257
641, 258
640, 259
639, 260
639, 261
639, 262
638, 263
638, 264
638, 265
637, 266
637, 267
637, 268
637, 269
638, 270
638, 271
639, 272
640, 273
641, 274
642, 274
643, 274
644, 275
645, 276
646, 276
647, 277
648, 278
649, 278
650, 278
651, 279
652, 280
653, 281
654, 281
655, 282
656, 282
657, 282
658, 283
659, 283
660, 284
661, 284
662, 285
663, 286
664, 286
665, 286
666, 287
667, 288
668, 288
669, 289
670, 290
671, 290
672, 291
673, 291
674, 291
675, 292
676, 292
677, 293
678, 294
679, 295
680, 295
681, 296
682, 296
683, 297
684, 298
685, 298
686, 299
687, 299
688, 300
689, 300
690, 300
690, 301
691, 302
692, 302
693, 303
694, 303
695, 304
696, 304
697, 305
698, 305
699, 305
700, 306
701, 307
702, 308
703, 308
704, 309
705, 309
706, 310
707, 310
708, 310
709, 310
709, 311
710, 312
711, 313
712, 313
713, 314
714, 314
715, 314
716, 315
717, 316
718, 316
719, 317
720, 317
721, 318
722, 318
723, 319
724, 319
725, 320
726, 321
727, 321
728, 322
729, 322
730, 322
731, 323
732, 324
733, 325
734, 326
735, 326
735, 327
734, 328
733, 329
732, 329
731, 329
730, 330
729, 330
728, 330
727, 330
726, 330
725, 330
724, 330
723, 330
722, 331
721, 331
720, 331
719, 331
718, 331
717, 331
716, 331
715, 331
714, 331
713, 331
712, 331
711, 331
710, 331
709, 332
708, 332
707, 332
706, 332
705, 332
704, 333
703, 333
702, 333
701, 333
700, 334
699, 334
698, 334
697, 334
696, 334
695, 334
694, 334
693, 335
692, 335
691, 335
690, 335
689, 335
688, 335
687, 335
686, 335
685, 336
684, 336
683, 336
682, 336
681, 336
680, 336
679, 336
678, 336
677, 336
676, 337
675, 337
674, 337
673, 337
672, 337
671, 338
670, 338
669, 338
668, 338
667, 338
666, 338
665, 338
664, 338
663, 338
662, 338
661, 338
660, 338
659, 339
658, 339
657, 339
656, 339
655, 339
654, 339
653, 340
652, 340
651, 340
650, 340
649, 340
648, 340
647, 340
646, 340
645, 340
644, 340
643, 340
642, 341
641, 341
640, 341
639, 341
638, 341
637, 342
636, 342
635, 342
634, 342
633, 342
632, 343
631, 343
630, 343
629, 343
628, 343
627, 343
626, 343
625, 343
624, 344
623, 344
622, 344
621, 344
620, 344
619, 344
618, 345
617, 345
616, 346
616, 347
616, 348
616, 349
616, 350
616, 351
615, 352
614, 352
613, 352
612, 353
611, 353
610, 354
609, 354
608, 355
607, 355
606, 356
605, 357
605, 358
604, 359
604, 360
603, 361
602, 362
602, 363
601, 363
600, 364
600, 365
599, 366
598, 367
598, 368
597, 369
596, 370
596, 371
595, 372
594, 373
594, 374
593, 375
592, 376
592, 377
591, 378
591, 379
590, 380
589, 381
589, 382
588, 383
588, 384
588, 385
587, 386
586, 387
585, 388
585, 389
584, 390
584, 391
583, 392
583, 393
582, 394
582, 395
581, 396
580, 397
580, 398
579, 399
579, 400
578, 401
578, 402
577, 403
577, 404
576, 405
576, 406
575, 407
575, 408
574, 409
574, 410
573, 411
573, 412
573, 413
572, 414
572, 415
571, 416
570, 417
570, 418
570, 419
569, 420
568, 421
567, 422
567, 423
566, 424
566, 425
565, 426
565, 427
564, 428
564, 429
564, 430
563, 431
563, 432
562, 433
561, 434
561, 435
560, 436
560, 437
559, 438
559, 439
558, 440
558, 441
557, 442
557, 443
556, 444
556, 445
555, 445
554, 446
554, 447
554, 448
554, 449
554, 450
553, 450
552, 451
552, 452
552, 453
551, 454
551, 455
550, 456
549, 457
549, 458
549, 459
548, 460
548, 461
547, 462
547, 463
546, 464
546, 465
545, 466
545, 467
544, 468
543, 469
542, 470
541, 471
540, 471
539, 470
538, 469
538, 468
537, 467
536, 466
535, 465
534, 464
534, 463
534, 462
533, 461
532, 460
532, 459
531, 458
531, 457
530, 456
530, 455
530, 454
529, 453
528, 452
527, 451
527, 450
526, 449
526, 448
525, 447
524, 446
523, 445
523, 444
523, 443
522, 442
522, 441
521, 440
520, 439
520, 438
519, 437
519, 436
518, 435
518, 434
517, 433
517, 432
516, 431
516, 430
515, 429
515, 428
514, 427
514, 426
513, 425
512, 424
512, 423
511, 422
511, 421
510, 420
510, 419
509, 418
509, 417
508, 416
508, 415
507, 414
506, 413
506, 412
505, 411
504, 410
504, 409
503, 408
503, 407
502, 406
502, 405
501, 404
500, 403
500, 402
499, 401
499, 400
498, 399
498, 398
497, 397
496, 396
496, 395
495, 394
494, 393
494, 392
494, 391
493, 390
492, 389
492, 388
491, 387
490, 386
490, 385
489, 384
489, 383
488, 382
488, 381
487, 380
486, 379
486, 378
485, 377
485, 376
484, 375
484, 374
483, 373
482, 372
482, 371
481, 370
481, 369
480, 368
479, 368
478, 368
478, 367
477, 366
476, 366
475, 365
474, 365
473, 365
472, 364
471, 364
470, 364
469, 364
468, 365
468, 366
467, 366
467, 365
466, 364
465, 364
464, 364
463, 365
463, 366
462, 366
461, 366
460, 366
459, 366
458, 366
457, 366
456, 366
455, 366
454, 366
453, 366
452, 366
451, 366
450, 366
449, 366
448, 366
447, 367
447, 368
446, 368
445, 368
444, 368
443, 368
442, 368
441, 368
440, 368
439, 368
438, 367
437, 367
436, 367
435, 367
434, 367
433, 367
432, 367
431, 367
430, 367
429, 368
428, 368
427, 368
426, 368
425, 368
424, 368
423, 368
422, 368
421, 368
420, 369
419, 369
418, 369
417, 369
416, 369
415, 369
414, 369
413, 369
412, 369
411, 370
410, 370
409, 370
408, 370
407, 370
406, 370
405, 370
404, 370
403, 370
402, 370
401, 371
400, 371
399, 371
398, 371
397, 371
396, 371
395, 371
394, 372
393, 371
392, 371
391, 371
390, 372
389, 372
388, 372
387, 373
386, 373
385, 373
384, 373
383, 373
382, 374
381, 374
380, 374
379, 373
378, 372
377, 372
376, 372
375, 372
374, 372
373, 372
372, 372
371, 372
370, 372
369, 372
368, 372
367, 372
366, 372
365, 372
364, 371
363, 371
362, 370
361, 370
360, 369
360, 368
