100, 466
100, 465
101, 464
102, 463
102, 462
103, 461
104, 460
105, 459
105, 458
106, 458
107, 457
107, 456
108, 455
109, 454
110, 453
111, 452
112, 451
113, 450
114, 449
115, 448
115, 447
116, 446
117, 445
118, 444
118, 443
119, 443
120, 442
120, 441
121, 440
122, 439
123, 438
124, 437
124, 436
125, 435
126, 434
127, 433
128, 432
129, 431
130, 430
130, 429
131, 428
132, 427
133, 426
134, 425
135, 424
136, 423
137, 422
137, 421
138, 420
139, 419
140, 418
141, 417
142, 416
143, 415
143, 414
144, 413
145, 412
146, 411
146, 410
146, 409
147, 409
148, 408
149, 407
150, 406
151, 405
152, 404
153, 403
154, 402
155, 401
155, 400
156, 399
156, 398
157, 397
158, 397
159, 396
160, 395
160, 394
161, 393
162, 392
163, 391
164, 390
165, 389
166, 388
166, 387
167, 386
168, 385
169, 384
170, 383
171, 382
172, 381
173, 380
174, 379
174, 378
175, 378
176, 377
176, 376
177, 375
178, 374
179, 373
180, 372
181, 371
182, 370
183, 369
184, 368
185, 367
186, 366
187, 365
187, 364
188, 363
189, 362
190, 361
191, 360
192, 359
193, 358
194, 357
194, 356
195, 355
196, 355
197, 354
197, 353
198, 352
199, 351
200, 350
201, 349
202, 348
202, 347
203, 346
204, 345
205, 344
206, 343
206, 342
207, 341
208, 340
209, 339
210, 338
211, 337
211, 336
212, 335
213, 334
214, 333
215, 332
216, 331
217, 330
218, 329
219, 328
220, 327
220, 326
220, 325
221, 325
222, 324
223, 323
224, 322
224, 321
225, 320
226, 319
227, 318
228, 317
229, 316
230, 315
231, 314
232, 313
232, 312
233, 312
234, 311
234, 310
234, 309
235, 309
236, 308
237, 307
238, 306
239, 305
239, 304
240, 303
241, 302
242, 301
243, 300
244, 299
245, 298
246, 297
246, 296
247, 296
248, 295
248, 294
249, 293
250, 292
251, 291
252, 290
253, 289
254, 288
255, 287
256, 286
257, 285
258, 284
259, 283
259, 282
259, 281
259, 280
258, 279
257, 278
256, 277
255, 276
255, 275
254, 274
253, 274
253, 273
252, 272
251, 271
250, 270
249, 269
248, 268
248, 267
247, 266
246, 266
246, 265
245, 264
244, 263
243, 262
242, 261
241, 260
240, 259
240, 258
239, 257
238, 256
237, 255
237, 254
236, 253
235, 253
234, 252
233, 252
233, 251
233, 250
232, 249
231, 248
230, 248
229, 247
229, 246
228, 245
227, 244
226, 243
225, 242
224, 241
223, 240
223, 239
222, 238
221, 237
220, 236
219, 235
218, 235
218, 234
217, 233
217, 232
216, 231
215, 230
214, 229
214, 228
214, 227
214, 226
213, 225
212, 225
211, 225
210, 225
210, 224
209, 223
208, 223
207, 222
206, 222
206, 221
206, 220
205, 219
204, 218
204, 217
203, 216
202, 215
201, 215
200, 214
199, 213
199, 212
199, 211
199, 210
198, 209
197, 209
197, 208
197, 207
196, 206
195, 206
195, 205
194, 204
193, 204
193, 203
192, 202
191, 201
190, 200
189, 199
188, 198
188, 197
187, 196
186, 196
186, 195
185, 194
184, 193
183, 192
182, 191
181, 190
180, 189
179, 188
178, 187
177, 186
176, 186
175, 186
174, 186
173, 185
173, 184
173, 183
173, 182
172, 181
171, 180
171, 179
172, 178
173, 178
174, 178
175, 178
176, 178
177, 178
178, 178
179, 179
180, 179
181, 179
182, 179
183, 180
184, 180
185, 180
186, 181
187, 181
188, 181
189, 181
190, 182
191, 182
192, 182
193, 182
194, 182
195, 182
196, 182
197, 182
198, 183
199, 183
200, 184
201, 184
202, 184
203, 185
204, 185
205, 186
206, 186
207, 186
208, 186
209, 186
210, 186
211, 186
212, 187
213, 187
214, 187
215, 188
216, 188
217, 188
218, 188
219, 189
220, 189
221, 189
222, 189
223, 189
224, 190
225, 190
226, 190
227, 190
228, 190
229, 190
230, 190
231, 191
232, 191
233, 191
234, 192
235, 192
236, 193
237, 193
238, 193
239, 194
240, 194
241, 194
242, 194
243, 194
244, 194
245, 195
246, 196
247, 196
248, 196
249, 195
250, 195
251, 195
251, 196
252, 197
253, 197
254, 198
255, 198
256, 198
257, 199
258, 199
259, 199
260, 199
261, 199
262, 200
263, 200
264, 200
265, 200
266, 201
267, 201
268, 201
269, 201
270, 202
271, 202
272, 202
273, 202
274, 202
275, 202
276, 202
277, 202
278, 203
279, 203
280, 204
281, 204
282, 204
283, 204
284, 203
285, 203
286, 203
287, 203
288, 203
289, 202
290, 203
291, 203
292, 204
293, 204
294, 204
295, 205
296, 205
297, 206
298, 206
299, 206
300, 206
301, 207
302, 207
303, 208
304, 208
305, 209
306, 209
307, 209
308, 209
309, 210
310, 210
311, 210
312, 210
313, 210
314, 210
315, 210
316, 210
317, 210
318, 209
319, 208
320, 208
321, 207
321, 206
322, 205
322, 204
322, 203
323, 202
324, 201
324, 200
325, 200
326, 200
327, 200
328, 200
329, 200
330, 200
331, 199
332, 198
333, 197
334, 196
335, 195
336, 194
337, 193
337, 192
338, 192
339, 191
340, 190
340, 189
341, 188
342, 187
342, 186
343, 186
344, 185
345, 184
346, 183
347, 182
348, 181
348, 180
349, 179
350, 178
351, 177
352, 176
353, 175
354, 174
354, 173
355, 172
356, 171
357, 170
358, 169
359, 168
359, 167
360, 166
361, 165
362, 164
363, 163
364, 162
365, 161
366, 160
367, 159
368, 158
369, 157
369, 156
370, 156
371, 155
371, 154
372, 153
373, 152
374, 151
375, 150
376, 149
377, 148
378, 147
378, 146
379, 146
380, 145
380, 144
381, 143
382, 142
383, 141
384, 140
385, 139
386, 138
387, 137
388, 136
388, 135
389, 134
390, 133
391, 132
392, 131
392, 130
393, 130
394, 129
395, 128
395, 127
396, 126
397, 125
398, 124
399, 123
400, 122
401, 121
402, 120
403, 119
404, 118
405, 117
406, 116
407, 115
407, 114
408, 113
409, 112
410, 111
411, 110
412, 109
413, 108
414, 107
414, 106
415, 106
416, 105
416, 104
417, 103
418, 102
419, 101
419, 100
420, 99
420, 98
420, 97
421, 97
422, 96
423, 95
424, 94
424, 93
425, 92
426, 91
427, 90
428, 89
429, 88
430, 87
431, 87
432, 87
433, 88
434, 88
434, 89
434, 90
434, 91
434, 92
434, 93
434, 94
434, 95
435, 96
435, 97
435, 98
435, 99
435, 100
435, 101
436, 102
436, 103
436, 104
436, 105
436, 106
436, 107
436, 108
437, 109
437, 110
438, 111
438, 112
438, 113
438, 114
438, 115
438, 116
438, 117
438, 118
439, 119
439, 120
438, 121
438, 122
438, 123
438, 124
439, 125
439, 126
439, 127
439, 128
439, 129
440, 130
440, 131
440, 132
440, 133
440, 134
440, 135
441, 136
441, 137
441, 138
441, 139
441, 140
441, 141
441, 142
441, 143
441, 144
441, 145
442, 146
442, 147
442, 148
442, 149
443, 150
443, 151
443, 152
443, 153
444, 154
444, 155
443, 156
443, 157
443, 158
443, 159
444, 160
444, 161
444, 162
444, 163
444, 164
445, 165
445, 166
445, 167
445, 168
445, 169
446, 170
446, 171
446, 172
446, 173
446, 174
446, 175
446, 176
446, 177
446, 178
447, 179
447, 180
447, 181
447, 182
447, 183
447, 184
448, 185
448, 186
448, 187
448, 188
448, 189
448, 190
448, 191
448, 192
448, 193
448, 194
449, 195
448, 196
448, 197
448, 198
449, 199
449, 200
449, 201
449, 202
449, 203
449, 204
450, 205
450, 206
450, 207
451, 208
451, 209
451, 210
451, 211
451, 212
451, 213
451, 214
451, 215
451, 216
451, 217
452, 218
452, 219
452, 220
452, 221
452, 222
452, 223
452, 224
453, 225
453, 226
453, 227
453, 228
453, 229
453, 230
453, 231
454, 232
454, 233
454, 234
454, 235
454, 236
454, 237
454, 238
454, 239
455, 240
455, 241
455, 242
456, 243
456, 244
456, 245
456, 246
456, 247
457, 248
458, 249
459, 249
460, 249
461, 249
462, 248
463, 248
464, 248
465, 248
466, 248
466, 249
466, 250
466, 251
466, 252
467, 253
468, 253
469, 254
470, 255
471, 256
472, 256
473, 257
474, 257
475, 258
476, 258
477, 258
478, 258
479, 258
480, 258
481, 259
482, 260
483, 260
484, 260
485, 260
486, 261
487, 261
488, 261
489, 261
490, 261
491, 262
492, 262
493, 263
494, 263
495, 263
496, 264
497, 264
498, 264
499, 264
500, 265
501, 265
502, 265
503, 265
504, 265
505, 266
506, 266
507, 266
508, 266
509, 266
510, 267
511, 268
512, 268
513, 268
514, 269
515, 269
516, 269
517, 270
518, 270
519, 270
520, 270
521, 271
522, 271
523, 271
524, 272
525, 272
526, 272
527, 273
528, 273
529, 273
530, 273
531, 273
532, 274
533, 274
534, 275
535, 275
536, 275
537, 276
538, 276
539, 276
540, 277
541, 277
542, 277
543, 277
544, 277
545, 278
546, 278
547, 279
548, 279
549, 279
550, 279
551, 279
552, 280
553, 280
554, 281
555, 281
556, 281
557, 282
558, 282
559, 282
560, 282
561, 282
562, 282
563, 282
563, 283
564, 284
565, 284
566, 284
567, 285
568, 285
569, 285
570, 285
571, 286
572, 286
573, 286
574, 287
575, 287
576, 288
577, 288
578, 288
579, 288
580, 288
581, 288
582, 289
583, 290
584, 290
585, 290
586, 291
587, 291
588, 291
589, 292
590, 292
591, 292
592, 293
593, 293
594, 293
595, 294
596, 294
597, 294
598, 294
599, 295
600, 295
601, 296
602, 296
603, 296
604, 296
605, 296
606, 297
607, 297
608, 297
609, 298
610, 298
611, 298
612, 298
613, 298
614, 298
614, 299
615, 300
616, 300
617, 300
618, 300
619, 301
620, 301
621, 302
620, 303
619, 304
618, 304
617, 305
616, 305
615, 305
614, 305
613, 306
612, 306
611, 306
610, 306
609, 307
608, 307
607, 308
606, 308
605, 308
604, 309
603, 309
602, 309
601, 309
600, 310
599, 310
598, 310
597, 310
596, 311
595, 311
594, 311
593, 312
592, 312
591, 313
590, 313
589, 313
588, 314
587, 314
586, 314
585, 314
584, 315
583, 315
582, 315
581, 316
580, 316
579, 316
578, 317
577, 317
576, 317
575, 317
574, 318
573, 318
572, 318
571, 318
570, 318
569, 318
568, 319
567, 319
566, 319
565, 319
564, 319
563, 320
562, 320
561, 320
560, 321
559, 321
558, 321
557, 322
556, 322
555, 323
554, 323
553, 323
552, 323
551, 324
550, 324
549, 324
548, 325
547, 325
546, 325
545, 325
544, 325
543, 325
542, 326
541, 326
540, 326
539, 327
538, 327
537, 327
536, 327
535, 328
534, 328
533, 328
532, 328
531, 329
530, 329
529, 329
528, 329
527, 330
526, 330
525, 330
524, 331
523, 331
522, 331
521, 331
520, 332
519, 332
518, 333
517, 333
516, 333
515, 333
514, 334
513, 334
512, 334
511, 334
510, 335
509, 335
508, 335
507, 335
506, 336
505, 336
504, 337
503, 337
502, 337
501, 337
500, 338
499, 338
498, 338
497, 338
496, 338
495, 339
494, 339
493, 339
492, 340
491, 340
490, 340
489, 341
488, 341
487, 341
486, 341
485, 341
484, 342
483, 342
482, 342
481, 343
480, 343
479, 343
478, 343
477, 344
476, 344
475, 344
474, 345
473, 345
472, 346
471, 347
470, 348
470, 349
470, 350
470, 351
471, 352
472, 352
472, 353
472, 354
472, 355
472, 356
472, 357
471, 358
471, 359
471, 360
471, 361
471, 362
471, 363
471, 364
472, 365
472, 366
472, 367
472, 368
472, 369
473, 370
473, 371
473, 372
474, 373
474, 374
474, 375
474, 376
474, 377
474, 378
475, 379
475, 380
476, 381
476, 382
476, 383
476, 384
476, 385
476, 386
476, 387
476, 388
477, 389
477, 390
477, 391
478, 392
478, 393
478, 394
478, 395
478, 396
478, 397
478, 398
478, 399
479, 400
479, 401
479, 402
479, 403
479, 404
479, 405
479, 406
479, 407
480, 408
480, 409
480, 410
481, 411
481, 412
481, 413
481, 414
482, 415
482, 416
482, 417
482, 418
482, 419
482, 420
482, 421
483, 422
483, 423
484, 424
483, 425
483, 426
483, 427
483, 428
484, 429
484, 430
484, 431
484, 432
485, 433
485, 434
485, 435
485, 436
485, 437
485, 438
486, 439
486, 440
486, 441
486, 442
487, 443
487, 444
487, 445
487, 446
487, 447
487, 448
487, 449
488, 450
488, 451
488, 452
488, 453
489, 454
489, 455
490, 456
490, 457
490, 458
490, 459
490, 460
490, 461
490, 462
490, 463
490, 464
491, 465
491, 466
491, 467
491, 468
492, 469
492, 470
492, 471
492, 472
492, 473
493, 474
493, 475
493, 476
493, 477
493, 478
493, 479
494, 480
494, 481
494, 482
494, 483
494, 484
495, 485
495, 486
495, 487
495, 488
496, 489
496, 490
496, 491
496, 492
496, 493
496, 494
497, 495
497, 496
497, 497
497, 498
497, 499
497, 500
498, 501
498, 502
498, 503
498, 504
498, 505
499, 506
499, 507
499, 508
499, 509
499, 510
499, 511
499, 512
500, 513
500, 514
500, 515
500, 516
500, 517
500, 518
501, 519
501, 520
501, 521
501, 522
501, 523
501, 524
501, 525
501, 526
502, 527
502, 528
502, 529
502, 530
502, 531
503, 532
504, 533
503, 534
503, 535
503, 536
503, 537
503, 538
504, 539
504, 540
505, 541
505, 542
505, 543
506, 544
506, 545
506, 546
506, 547
506, 548
506, 549
506, 550
506, 551
507, 552
507, 553
507, 554
507, 555
507, 556
507, 557
508, 558
508, 559
508, 560
508, 561
508, 562
509, 563
509, 564
509, 565
509, 566
510, 567
510, 568
510, 569
510, 570
511, 571
511, 572
511, 573
512, 574
512, 575
512, 576
512, 577
512, 578
513, 579
513, 580
513, 581
514, 582
514, 583
514, 584
514, 585
514, 586
515, 587
515, 588
514, 588
513, 588
512, 587
511, 587
510, 587
509, 587
508, 587
507, 587
506, 587
505, 587
504, 587
503, 586
502, 585
502, 584
501, 583
501, 582
500, 581
499, 580
498, 579
497, 578
496, 577
495, 576
494, 575
494, 574
493, 573
493, 572
492, 571
492, 570
491, 569
490, 569
489, 568
488, 567
488, 566
487, 565
486, 564
485, 563
484, 562
483, 561
482, 560
481, 559
481, 558
480, 557
479, 556
478, 555
477, 554
476, 553
476, 552
475, 551
474, 550
473, 549
472, 548
471, 547
470, 546
470, 545
469, 544
468, 543
467, 542
467, 541
466, 540
465, 539
464, 538
463, 537
462, 536
462, 535
461, 534
460, 533
459, 532
458, 531
457, 531
456, 530
455, 529
454, 528
453, 527
452, 526
451, 525
450, 525
450, 524
449, 523
448, 522
447, 521
447, 520
446, 519
445, 518
445, 517
444, 516
443, 515
443, 514
442, 513
442, 512
441, 511
441, 510
440, 509
439, 508
438, 507
437, 506
436, 505
435, 504
434, 503
433, 502
432, 501
431, 500
430, 499
430, 498
429, 497
428, 496
428, 495
427, 494
426, 493
426, 492
425, 491
424, 490
423, 489
422, 488
422, 487
421, 486
420, 485
419, 484
419, 483
418, 482
417, 481
417, 480
416, 479
415, 478
414, 477
413, 476
412, 475
411, 474
410, 473
409, 472
408, 471
407, 470
406, 469
405, 468
405, 467
404, 466
403, 465
402, 464
401, 463
401, 462
400, 461
399, 460
398, 459
397, 458
396, 457
396, 456
395, 455
395, 454
395, 453
394, 452
393, 451
392, 450
391, 449
390, 448
389, 447
388, 446
387, 445
386, 444
385, 443
384, 442
384, 441
383, 440
382, 439
381, 438
380, 437
380, 436
379, 435
378, 434
377, 433
377, 432
376, 431
375, 430
374, 429
373, 429
373, 428
373, 427
372, 426
371, 425
370, 424
369, 423
368, 422
367, 421
367, 420
366, 419
365, 418
364, 418
363, 417
362, 416
362, 415
361, 414
360, 413
359, 413
358, 412
358, 411
357, 410
356, 409
355, 408
354, 407
353, 406
352, 405
351, 404
351, 403
350, 402
350, 401
349, 400
348, 400
347, 400
346, 401
345, 401
345, 400
345, 399
344, 398
343, 398
342, 398
341, 398
340, 398
339, 398
338, 398
337, 398
336, 399
335, 399
334, 399
333, 400
332, 400
331, 400
330, 401
329, 401
328, 401
327, 401
326, 401
325, 402
324, 402
323, 402
322, 403
321, 403
320, 404
319, 404
318, 404
317, 404
316, 405
315, 405
314, 406
313, 406
312, 406
311, 406
310, 405
309, 405
308, 405
307, 406
306, 406
305, 407
305, 408
304, 408
303, 408
302, 408
301, 409
300, 409
299, 410
298, 410
297, 410
296, 410
295, 410
294, 411
293, 411
292, 411
291, 411
290, 412
289, 412
288, 413
287, 413
286, 413
285, 414
284, 414
283, 414
282, 413
281, 413
280, 413
279, 413
278, 414
278, 415
278, 416
277, 416
276, 415
275, 415
274, 415
273, 415
272, 416
271, 416
270, 416
269, 416
268, 417
267, 417
266, 418
265, 418
264, 419
263, 419
262, 419
261, 419
260, 420
259, 420
258, 420
257, 420
256, 421
255, 421
254, 422
253, 422
252, 422
251, 423
250, 423
249, 423
248, 423
247, 424
246, 424
245, 425
244, 425
243, 425
242, 426
241, 425
240, 425
239, 425
238, 426
237, 426
236, 427
235, 428
234, 428
233, 428
232, 429
231, 429
230, 429
229, 430
228, 430
227, 430
226, 430
225, 430
224, 430
223, 430
222, 431
221, 431
220, 431
219, 431
218, 432
217, 432
216, 432
215, 433
214, 433
213, 433
212, 433
211, 434
211, 435
210, 434
209, 434
208, 434
207, 435
206, 435
205, 436
205, 437
204, 437
203, 437
202, 438
201, 438
200, 438
199, 438
198, 439
197, 439
196, 439
195, 440
194, 440
193, 441
192, 441
191, 441
190, 442
189, 442
188, 442
187, 442
186, 442
185, 442
184, 443
183, 443
182, 443
181, 443
180, 443
179, 444
178, 444
177, 444
176, 444
175, 444
174, 445
173, 446
172, 447
171, 447
170, 447
169, 447
168, 447
167, 447
166, 448
165, 448
164, 448
163, 448
162, 449
161, 449
160, 449
159, 449
158, 450
157, 450
156, 451
155, 451
154, 451
153, 451
152, 452
151, 452
150, 452
149, 453
148, 453
147, 453
146, 454
145, 454
144, 454
143, 455
142, 455
141, 455
140, 456
139, 456
138, 456
137, 456
136, 457
135, 457
134, 457
133, 458
132, 458
131, 458
130, 459
129, 459
128, 459
127, 460
126, 460
125, 460
124, 461
123, 461
122, 461
121, 461
120, 462
119, 462
118, 463
117, 463
116, 463
115, 464
114, 464
113, 464
112, 464
111, 465
110, 465
109, 465
108, 466
107, 466
106, 466
105, 466
104, 467
103, 467
102, 467
101, 467
100, 467
99, 467
