105, 530
105, 529
106, 528
107, 528
108, 528
109, 527
110, 527
111, 527
112, 528
113, 528
114, 528
115, 528
116, 528
117, 528
118, 528
119, 528
120, 528
121, 528
122, 528
123, 528
124, 527
125, 527
126, 527
127, 527
128, 526
129, 526
130, 526
131, 526
132, 526
133, 526
134, 526
135, 526
136, 526
137, 525
138, 525
139, 525
140, 525
141, 525
142, 525
143, 525
144, 524
145, 524
146, 524
147, 524
148, 524
149, 524
150, 524
151, 523
152, 523
153, 523
154, 523
155, 523
156, 523
157, 522
158, 522
159, 522
160, 522
161, 522
162, 522
163, 522
164, 521
165, 521
166, 521
167, 521
168, 521
169, 521
170, 520
171, 520
172, 520
173, 520
174, 520
175, 520
176, 520
177, 519
178, 519
179, 519
180, 519
181, 519
182, 519
183, 519
184, 519
185, 519
186, 518
187, 518
188, 518
189, 518
190, 518
191, 517
192, 517
193, 517
194, 517
195, 517
196, 516
197, 516
198, 516
199, 516
200, 516
201, 516
202, 516
203, 516
204, 516
205, 516
206, 515
207, 515
208, 515
209, 515
210, 515
211, 514
212, 514
213, 514
214, 514
215, 514
216, 514
217, 514
218, 514
219, 514
220, 513
221, 513
222, 513
223, 513
224, 513
225, 513
226, 512
227, 512
228, 512
229, 512
230, 512
231, 511
232, 511
233, 511
234, 511
235, 511
236, 511
237, 510
238, 510
239, 510
240, 510
241, 510
242, 510
243, 510
244, 510
245, 510
246, 510
247, 510
248, 509
249, 509
250, 509
251, 509
252, 509
253, 509
254, 508
255, 508
256, 508
257, 508
258, 508
259, 508
260, 508
261, 508
262, 507
263, 507
264, 507
265, 507
266, 507
267, 507
268, 507
269, 507
270, 506
271, 506
272, 506
273, 506
274, 506
275, 506
276, 506
277, 506
278, 505
279, 505
280, 505
281, 505
282, 505
283, 504
284, 504
285, 504
286, 504
287, 504
288, 504
289, 504
290, 504
291, 503
292, 503
293, 503
294, 503
295, 503
296, 503
297, 502
298, 502
299, 502
300, 502
301, 502
302, 502
303, 502
304, 501
305, 501
306, 501
307, 501
308, 500
309, 500
310, 500
311, 500
312, 500
313, 500
314, 500
315, 500
316, 500
317, 500
318, 500
319, 500
320, 499
321, 499
322, 499
323, 499
324, 498
325, 498
326, 498
327, 498
328, 498
329, 498
330, 498
331, 498
332, 498
333, 498
334, 497
335, 497
336, 497
337, 497
338, 497
339, 497
340, 497
341, 496
342, 496
343, 496
344, 496
345, 496
346, 496
347, 496
348, 496
349, 495
350, 495
351, 495
352, 495
353, 495
354, 494
355, 494
356, 494
357, 494
358, 494
359, 494
360, 494
361, 493
362, 493
363, 493
364, 493
365, 492
366, 492
367, 492
368, 492
369, 491
370, 490
371, 489
371, 488
372, 487
372, 486
373, 485
373, 484
373, 483
374, 482
374, 481
375, 480
375, 479
375, 478
375, 477
376, 476
376, 475
376, 474
376, 473
376, 472
377, 471
378, 470
378, 469
378, 468
378, 467
379, 466
379, 465
380, 464
380, 463
380, 462
380, 461
381, 460
381, 459
382, 458
382, 457
382, 456
382, 455
383, 454
383, 453
384, 452
384, 451
384, 450
384, 449
385, 448
385, 447
385, 446
386, 445
386, 444
386, 443
386, 442
387, 441
387, 440
388, 439
388, 438
388, 437
388, 436
389, 435
389, 434
390, 433
390, 432
390, 431
391, 430
391, 429
391, 428
392, 427
392, 426
392, 425
392, 424
393, 423
393, 422
394, 421
394, 420
394, 419
394, 418
394, 417
393, 416
394, 415
395, 415
396, 414
396, 413
397, 412
397, 411
398, 410
398, 409
398, 408
399, 407
399, 406
399, 405
400, 404
400, 403
400, 402
400, 401
401, 400
401, 399
402, 398
402, 397
402, 396
403, 395
403, 394
403, 393
403, 392
404, 391
404, 390
405, 389
405, 388
405, 387
405, 386
406, 385
406, 384
406, 383
406, 382
407, 381
407, 380
408, 379
408, 378
409, 377
409, 376
409, 375
410, 374
410, 373
410, 372
410, 371
410, 370
411, 370
412, 369
412, 368
412, 367
412, 366
412, 365
413, 364
413, 363
413, 362
414, 361
414, 360
415, 359
415, 358
415, 357
416, 356
416, 355
416, 354
417, 353
417, 352
418, 351
418, 350
418, 349
418, 348
419, 347
419, 346
419, 345
419, 344
420, 343
420, 342
420, 341
420, 340
420, 339
421, 339
422, 338
422, 337
422, 336
422, 335
423, 334
423, 333
424, 332
424, 331
424, 330
424, 329
424, 328
425, 327
425, 326
425, 325
426, 324
426, 323
427, 322
427, 321
427, 320
428, 319
428, 318
428, 317
429, 316
429, 315
429, 314
430, 313
430, 312
430, 311
430, 310
431, 309
431, 308
432, 307
432, 306
433, 305
433, 304
433, 303
434, 302
434, 301
434, 300
434, 299
434, 298
435, 297
435, 296
436, 295
436, 294
436, 293
436, 292
437, 291
437, 290
438, 289
438, 288
438, 287
439, 286
439, 285
439, 284
440, 283
440, 282
440, 281
440, 280
440, 279
441, 278
441, 277
442, 276
442, 275
442, 274
443, 273
443, 272
444, 271
444, 270
444, 269
444, 268
444, 267
445, 266
445, 265
446, 264
446, 263
446, 262
446, 261
447, 260
447, 259
447, 258
447, 257
448, 256
448, 255
449, 254
449, 253
449, 252
450, 251
450, 250
451, 249
451, 248
451, 247
452, 246
452, 245
452, 244
453, 243
453, 242
453, 241
454, 240
454, 239
454, 238
454, 237
455, 236
455, 235
456, 234
456, 233
456, 232
457, 231
457, 230
457, 229
457, 228
458, 227
459, 226
459, 225
459, 224
459, 223
460, 222
460, 221
461, 220
461, 219
461, 218
461, 217
462, 216
462, 215
462, 214
462, 213
462, 212
463, 211
463, 210
464, 209
465, 208
465, 207
466, 206
466, 205
466, 204
467, 203
467, 202
467, 201
468, 200
468, 199
468, 198
468, 197
468, 196
469, 195
470, 194
470, 193
471, 192
471, 191
471, 190
472, 189
472, 188
473, 187
473, 186
473, 185
474, 184
474, 183
474, 182
474, 181
475, 180
475, 179
476, 178
476, 177
476, 176
476, 175
477, 174
477, 173
478, 172
478, 171
478, 170
479, 169
479, 168
479, 167
479, 166
480, 165
481, 164
481, 163
481, 162
481, 161
481, 160
482, 159
483, 158
483, 157
483, 156
484, 155
484, 154
485, 153
486, 153
487, 152
488, 152
489, 152
490, 152
491, 152
492, 153
492, 154
493, 155
494, 156
495, 157
496, 158
496, 159
496, 160
497, 161
497, 162
498, 163
499, 164
500, 165
500, 166
501, 167
502, 168
502, 169
503, 170
504, 170
504, 171
505, 172
506, 173
506, 174
507, 175
508, 176
509, 177
510, 178
510, 179
510, 180
511, 181
512, 182
513, 183
513, 184
514, 185
515, 186
515, 187
516, 188
517, 189
518, 190
518, 191
519, 192
520, 192
520, 193
520, 194
521, 195
522, 196
523, 197
524, 198
525, 199
525, 200
526, 201
526, 202
526, 203
527, 204
528, 205
529, 205
530, 206
530, 207
531, 208
531, 209
532, 210
533, 211
534, 212
535, 213
535, 214
535, 215
536, 216
537, 217
538, 218
538, 219
538, 220
539, 221
540, 221
540, 222
540, 223
541, 224
541, 225
542, 226
543, 226
543, 227
543, 228
544, 229
544, 230
545, 231
546, 232
546, 233
546, 234
547, 235
548, 236
548, 237
548, 238
549, 239
550, 240
550, 241
551, 242
551, 243
552, 244
553, 245
554, 246
554, 247
555, 248
556, 249
556, 250
557, 251
558, 252
558, 253
558, 254
559, 255
560, 256
561, 257
562, 258
563, 259
564, 259
564, 260
564, 261
564, 262
565, 263
566, 264
567, 265
568, 265
569, 266
570, 267
570, 268
571, 269
571, 270
572, 271
573, 272
573, 273
574, 274
575, 275
576, 275
576, 276
576, 277
576, 278
576, 279
577, 280
577, 281
578, 282
579, 283
579, 284
580, 285
581, 286
581, 287
582, 288
583, 289
584, 289
584, 290
585, 291
586, 292
586, 293
587, 294
588, 295
589, 296
589, 297
590, 298
591, 299
591, 300
592, 301
593, 302
594, 303
595, 304
595, 305
595, 306
596, 307
596, 308
597, 309
597, 310
597, 311
597, 312
597, 313
598, 314
598, 315
599, 316
599, 317
600, 318
600, 319
601, 320
601, 321
602, 322
603, 323
604, 324
604, 325
605, 326
605, 327
606, 328
607, 329
608, 330
609, 331
610, 332
610, 333
610, 334
611, 335
611, 336
612, 337
613, 338
614, 338
614, 339
614, 340
615, 341
616, 342
617, 343
617, 344
618, 345
618, 346
619, 347
620, 348
620, 349
621, 350
622, 351
623, 352
624, 353
624, 354
625, 355
625, 356
626, 357
627, 358
628, 359
628, 360
628, 361
629, 362
630, 362
630, 363
630, 364
631, 365
632, 366
632, 367
633, 368
634, 369
634, 370
635, 371
636, 372
636, 373
637, 374
637, 375
638, 376
639, 377
640, 377
640, 378
640, 379
641, 380
642, 381
642, 382
643, 383
644, 384
644, 385
645, 386
646, 386
646, 387
647, 388
647, 389
648, 390
649, 391
650, 391
650, 392
650, 393
650, 394
651, 395
651, 396
652, 397
653, 398
654, 399
654, 400
655, 401
656, 401
656, 402
656, 403
656, 404
657, 405
658, 406
658, 407
659, 408
660, 409
660, 410
661, 411
662, 412
663, 413
663, 414
663, 415
664, 416
665, 417
666, 418
666, 419
667, 420
668, 421
668, 422
669, 423
669, 424
669, 425
670, 426
671, 426
671, 427
671, 428
672, 429
673, 430
674, 431
674, 432
674, 433
675, 434
676, 435
676, 436
677, 437
678, 438
678, 439
679, 440
680, 440
680, 441
681, 442
682, 443
683, 444
683, 445
684, 446
684, 447
685, 448
685, 449
686, 450
686, 451
687, 452
688, 453
689, 454
690, 454
691, 455
692, 456
693, 456
694, 457
695, 457
696, 457
697, 458
698, 458
699, 458
700, 458
701, 458
702, 458
703, 458
704, 458
705, 458
706, 458
707, 458
708, 458
709, 458
710, 458
711, 458
712, 458
713, 458
714, 458
715, 458
716, 458
717, 458
718, 458
719, 458
720, 458
721, 458
722, 458
723, 458
724, 457
725, 457
726, 457
727, 457
728, 458
729, 458
730, 458
731, 458
732, 457
733, 457
734, 457
735, 457
736, 457
737, 457
738, 457
739, 457
740, 457
741, 457
742, 457
743, 457
744, 457
745, 457
746, 457
747, 457
748, 457
749, 457
750, 457
751, 457
752, 457
753, 457
754, 457
755, 457
756, 457
757, 457
758, 457
759, 456
760, 456
761, 456
762, 457
763, 457
764, 457
765, 456
766, 456
767, 456
768, 456
769, 456
770, 456
771, 456
772, 456
773, 456
774, 456
775, 456
776, 457
777, 457
778, 457
779, 457
780, 456
781, 456
782, 456
783, 456
784, 456
785, 456
786, 456
787, 456
788, 456
789, 456
790, 456
791, 456
792, 456
793, 456
794, 456
795, 456
796, 456
797, 456
798, 456
799, 456
800, 456
801, 456
802, 456
803, 456
804, 456
805, 456
806, 456
807, 456
808, 456
809, 456
810, 456
811, 456
812, 456
813, 456
814, 456
815, 456
816, 456
817, 456
818, 456
819, 456
820, 456
821, 456
822, 456
823, 456
824, 456
825, 456
826, 456
827, 456
828, 456
829, 456
830, 456
831, 456
832, 456
833, 456
834, 456
835, 456
836, 456
837, 456
838, 456
839, 456
840, 456
841, 456
842, 456
843, 456
844, 456
845, 456
846, 456
847, 456
848, 456
849, 456
850, 456
851, 456
852, 456
853, 456
854, 456
855, 456
856, 456
857, 456
858, 456
859, 456
860, 456
861, 456
862, 456
863, 456
864, 456
865, 456
866, 456
867, 456
868, 456
869, 456
870, 456
871, 456
872, 456
873, 456
874, 456
875, 456
876, 456
877, 456
878, 456
879, 456
880, 456
881, 456
882, 456
883, 456
884, 456
885, 456
886, 456
887, 456
888, 456
889, 456
890, 456
891, 456
892, 456
893, 456
894, 456
895, 456
896, 456
897, 456
898, 456
899, 456
900, 456
901, 456
902, 456
903, 456
904, 456
905, 456
906, 456
907, 456
908, 456
909, 456
910, 456
911, 456
912, 456
913, 456
914, 456
915, 456
916, 456
917, 456
918, 456
919, 456
920, 456
921, 456
922, 456
923, 456
924, 456
925, 456
926, 456
927, 456
928, 456
929, 456
930, 456
931, 456
932, 456
933, 456
934, 457
935, 457
936, 457
937, 457
938, 458
939, 458
939, 459
939, 460
938, 461
937, 461
936, 462
935, 463
934, 463
933, 464
932, 465
931, 465
930, 466
929, 466
928, 467
927, 468
926, 469
925, 470
924, 470
923, 471
922, 472
921, 473
920, 473
919, 474
918, 475
917, 475
916, 476
915, 477
914, 477
913, 478
913, 479
912, 479
911, 480
910, 480
909, 481
908, 481
907, 482
906, 483
905, 483
904, 484
903, 485
902, 485
901, 486
901, 487
900, 487
899, 487
898, 488
897, 489
896, 489
895, 490
895, 491
894, 491
893, 491
892, 492
891, 493
890, 493
889, 494
889, 495
888, 495
887, 495
886, 496
885, 497
884, 497
883, 498
882, 499
881, 499
880, 500
879, 501
878, 501
877, 501
876, 502
875, 503
874, 504
873, 504
872, 505
871, 506
870, 506
869, 507
868, 507
867, 508
866, 509
865, 509
864, 510
863, 511
862, 511
861, 512
860, 513
859, 513
858, 514
857, 514
856, 515
855, 516
854, 516
853, 517
852, 517
851, 518
851, 519
850, 519
849, 520
848, 520
847, 521
846, 521
845, 522
844, 523
843, 523
842, 524
841, 525
840, 525
839, 525
838, 526
837, 527
836, 528
835, 529
834, 530
833, 530
832, 531
831, 531
830, 532
829, 532
828, 533
827, 534
826, 535
825, 535
824, 536
823, 536
822, 537
821, 538
820, 538
819, 539
818, 539
817, 540
816, 541
815, 542
814, 542
813, 542
812, 543
811, 544
810, 545
809, 545
808, 546
807, 547
806, 548
805, 548
804, 549
803, 549
802, 550
801, 551
800, 551
799, 552
798, 552
797, 552
796, 553
795, 554
794, 555
793, 555
792, 556
791, 557
790, 557
789, 558
788, 559
787, 559
786, 560
785, 560
784, 561
784, 562
783, 562
782, 563
781, 563
780, 564
779, 565
779, 566
779, 567
780, 568
781, 568
782, 568
783, 569
784, 569
785, 569
785, 570
785, 571
785, 572
784, 573
784, 574
783, 575
783, 576
783, 577
782, 578
781, 579
781, 580
781, 581
782, 582
782, 583
782, 584
783, 585
783, 586
784, 587
784, 588
784, 589
784, 590
785, 591
786, 592
786, 593
786, 594
787, 595
787, 596
788, 597
788, 598
788, 599
789, 600
789, 601
790, 602
790, 603
790, 604
791, 605
791, 606
792, 607
792, 608
792, 609
793, 610
793, 611
794, 612
794, 613
794, 614
795, 615
796, 616
796, 617
796, 618
796, 619
797, 620
797, 621
797, 622
798, 623
798, 624
799, 625
799, 626
799, 627
800, 628
800, 629
801, 630
801, 631
802, 632
802, 633
802, 634
803, 635
804, 636
804, 637
804, 638
805, 639
805, 640
805, 641
806, 642
806, 643
806, 644
807, 645
807, 646
808, 647
808, 648
808, 649
808, 650
809, 651
810, 652
810, 653
810, 654
811, 655
811, 656
811, 657
812, 658
812, 659
812, 660
813, 661
814, 662
814, 663
814, 664
815, 665
815, 666
815, 667
815, 668
816, 669
816, 670
817, 671
817, 672
817, 673
818, 674
818, 675
819, 676
820, 677
820, 678
820, 679
820, 680
821, 681
821, 682
822, 683
823, 684
823, 685
823, 686
823, 687
823, 688
824, 689
824, 690
824, 691
825, 692
825, 693
826, 694
826, 695
826, 696
827, 697
827, 698
828, 699
828, 700
828, 701
829, 702
829, 703
830, 704
830, 705
831, 706
831, 707
831, 708
832, 709
832, 710
832, 711
833, 712
833, 713
834, 714
834, 715
835, 716
835, 717
835, 718
836, 719
836, 720
836, 721
837, 722
837, 723
838, 724
838, 725
838, 726
839, 727
839, 728
839, 729
840, 730
840, 731
840, 732
841, 733
841, 734
842, 735
842, 736
842, 737
843, 738
843, 739
843, 740
844, 741
844, 742
844, 743
845, 744
845, 745
845, 746
845, 747
846, 748
846, 749
847, 750
847, 751
847, 752
848, 753
848, 754
849, 755
849, 756
850, 757
850, 758
850, 759
851, 760
851, 761
851, 762
851, 763
852, 764
852, 765
853, 766
853, 767
853, 768
854, 769
854, 770
854, 771
855, 772
855, 773
855, 774
856, 775
856, 776
856, 777
856, 778
857, 779
857, 780
858, 781
858, 782
859, 783
859, 784
859, 785
859, 786
860, 787
860, 788
861, 789
861, 790
861, 791
862, 792
862, 793
863, 794
863, 795
864, 796
864, 797
864, 798
865, 799
865, 800
865, 801
866, 802
866, 803
866, 804
867, 805
867, 806
868, 807
868, 808
868, 809
869, 810
869, 811
869, 812
869, 813
870, 814
870, 815
871, 816
871, 817
872, 818
872, 819
872, 820
873, 821
873, 822
873, 823
874, 824
874, 825
874, 826
873, 827
872, 828
871, 828
870, 828
869, 828
868, 827
867, 827
866, 827
865, 826
864, 826
863, 826
862, 826
861, 825
860, 825
859, 824
858, 824
857, 824
856, 823
855, 823
854, 822
853, 821
852, 821
851, 821
850, 821
849, 820
848, 820
847, 819
846, 819
845, 819
844, 818
843, 818
842, 817
841, 817
840, 817
839, 817
838, 816
837, 816
836, 815
835, 815
834, 814
833, 814
832, 813
831, 813
830, 813
829, 812
828, 812
827, 811
826, 811
825, 811
824, 810
823, 810
822, 810
821, 809
820, 808
819, 808
818, 808
817, 808
816, 807
815, 807
814, 807
813, 807
812, 806
811, 805
810, 805
809, 804
808, 803
807, 803
806, 803
805, 802
804, 802
803, 802
802, 802
801, 802
800, 802
799, 801
798, 801
797, 800
796, 800
795, 799
794, 799
793, 798
792, 798
791, 798
790, 798
789, 797
788, 796
787, 796
786, 796
785, 796
784, 795
783, 795
782, 794
781, 793
780, 793
779, 793
778, 792
777, 792
776, 792
775, 792
774, 792
773, 791
772, 791
771, 791
770, 790
769, 790
768, 789
767, 789
766, 789
765, 788
764, 788
763, 787
762, 786
761, 786
760, 786
759, 785
758, 784
757, 784
756, 784
755, 784
754, 783
753, 783
752, 782
751, 781
750, 781
749, 780
748, 780
747, 780
746, 779
745, 779
744, 778
743, 778
742, 778
741, 777
740, 776
739, 776
738, 776
737, 775
736, 775
735, 774
734, 774
733, 774
732, 773
731, 772
730, 772
729, 772
728, 772
727, 771
726, 770
725, 770
724, 769
723, 769
722, 769
721, 768
720, 768
719, 768
718, 767
717, 767
716, 766
715, 766
714, 765
713, 765
712, 764
711, 764
710, 763
709, 763
708, 763
707, 762
706, 762
705, 761
704, 761
703, 761
702, 760
701, 760
700, 759
699, 758
698, 758
697, 758
696, 758
695, 757
694, 757
693, 756
692, 755
691, 755
690, 755
689, 755
688, 755
687, 754
686, 753
685, 752
684, 752
683, 752
682, 752
681, 751
680, 750
679, 750
678, 750
677, 750
676, 749
675, 749
674, 748
673, 748
672, 748
671, 747
670, 746
669, 746
668, 745
667, 745
666, 745
665, 744
664, 744
663, 744
662, 743
661, 743
660, 743
659, 742
658, 742
657, 741
656, 740
655, 740
654, 740
653, 739
652, 739
651, 739
650, 738
649, 738
648, 737
647, 736
646, 736
645, 735
644, 735
643, 735
642, 735
641, 734
640, 734
639, 734
638, 734
637, 733
636, 732
635, 731
634, 731
633, 730
632, 729
631, 729
630, 729
629, 729
628, 728
627, 728
626, 728
625, 728
624, 727
623, 727
622, 726
621, 726
620, 725
619, 725
618, 724
617, 724
616, 723
615, 723
614, 723
613, 722
612, 722
611, 722
610, 722
609, 721
608, 720
607, 720
606, 720
605, 720
604, 720
603, 719
602, 718
601, 717
600, 717
599, 717
598, 717
597, 716
596, 716
595, 716
594, 715
593, 715
592, 714
591, 714
590, 713
589, 713
588, 713
587, 712
586, 712
585, 711
584, 711
583, 710
582, 710
581, 710
580, 710
579, 709
578, 709
578, 708
577, 707
576, 707
575, 707
574, 707
573, 707
572, 707
571, 707
570, 707
569, 707
568, 708
567, 708
566, 708
565, 708
564, 709
563, 710
562, 710
561, 711
560, 711
559, 711
558, 711
557, 712
557, 713
557, 714
556, 714
555, 714
554, 714
553, 715
552, 714
551, 714
550, 714
549, 715
549, 716
549, 717
549, 718
548, 718
547, 719
546, 720
545, 720
544, 721
543, 722
542, 722
541, 722
540, 723
539, 724
538, 725
537, 726
536, 726
535, 726
534, 727
533, 727
532, 728
531, 728
530, 729
529, 730
528, 731
527, 732
526, 732
525, 733
524, 734
523, 734
522, 735
521, 735
520, 735
519, 736
518, 736
517, 737
516, 738
515, 739
515, 740
514, 741
513, 741
512, 742
511, 743
510, 743
509, 743
508, 743
507, 744
507, 745
507, 746
506, 747
505, 747
504, 748
503, 749
502, 749
501, 750
500, 751
499, 751
498, 751
497, 751
496, 752
496, 753
495, 753
494, 754
493, 754
492, 754
491, 754
490, 755
489, 756
488, 757
487, 758
487, 759
486, 759
485, 759
484, 760
483, 761
482, 762
482, 763
481, 763
480, 764
480, 765
479, 765
478, 765
477, 766
476, 766
475, 767
474, 767
473, 768
472, 769
471, 769
470, 770
469, 771
468, 771
467, 771
466, 772
465, 773
464, 773
463, 774
463, 775
462, 776
461, 776
460, 777
459, 778
458, 778
457, 779
456, 780
455, 780
454, 781
453, 781
452, 781
451, 782
450, 783
450, 784
449, 784
448, 785
447, 786
447, 787
447, 788
446, 789
445, 790
444, 791
443, 791
442, 791
441, 791
440, 791
439, 792
439, 793
438, 793
437, 793
436, 794
435, 795
435, 796
434, 796
433, 796
432, 797
432, 798
432, 799
431, 799
430, 799
429, 799
428, 799
427, 800
427, 801
427, 802
426, 802
425, 802
424, 802
423, 802
422, 802
421, 803
420, 804
419, 805
418, 805
417, 805
416, 806
415, 807
415, 808
414, 809
413, 809
412, 810
411, 810
410, 811
409, 812
408, 813
407, 813
406, 813
405, 813
404, 813
403, 814
403, 815
402, 815
401, 816
401, 817
400, 817
399, 818
398, 818
397, 819
397, 820
397, 821
396, 822
395, 822
394, 823
393, 823
392, 823
391, 824
390, 824
389, 824
388, 825
387, 825
386, 826
385, 827
384, 827
383, 828
382, 829
381, 830
380, 831
379, 831
378, 832
377, 832
376, 833
375, 833
374, 834
373, 835
372, 835
371, 835
370, 835
369, 836
368, 837
367, 837
366, 837
365, 837
364, 838
363, 839
362, 840
362, 841
361, 841
360, 842
359, 843
358, 843
357, 844
356, 845
355, 846
354, 846
353, 846
352, 846
351, 847
351, 848
350, 849
349, 849
348, 849
347, 850
346, 851
345, 851
344, 852
343, 853
342, 854
341, 854
340, 855
339, 856
338, 856
337, 857
336, 858
335, 858
334, 858
333, 858
332, 859
332, 860
331, 861
330, 862
329, 863
328, 863
327, 863
326, 864
326, 865
325, 866
324, 866
323, 866
322, 866
321, 866
320, 867
320, 868
319, 868
318, 868
317, 869
316, 869
315, 870
314, 871
313, 871
312, 872
312, 873
311, 873
310, 874
309, 874
308, 875
307, 876
306, 877
305, 877
304, 877
303, 878
302, 879
301, 879
300, 879
299, 880
298, 881
297, 881
296, 882
295, 882
294, 883
293, 883
292, 884
291, 885
290, 885
289, 885
288, 885
287, 886
287, 887
286, 887
285, 888
284, 888
283, 889
282, 890
281, 891
280, 892
279, 892
278, 893
277, 893
276, 894
275, 895
274, 895
273, 896
272, 896
271, 897
270, 898
269, 899
268, 899
267, 900
266, 901
265, 901
264, 902
263, 903
262, 903
261, 904
260, 905
259, 905
258, 906
257, 907
256, 907
255, 908
254, 909
253, 909
252, 910
251, 911
250, 911
250, 910
249, 909
248, 908
249, 907
249, 906
249, 905
249, 904
250, 903
250, 902
250, 901
251, 900
251, 899
251, 898
251, 897
251, 896
251, 895
251, 894
252, 893
252, 892
253, 891
253, 890
253, 889
253, 888
254, 887
254, 886
254, 885
254, 884
254, 883
255, 882
255, 881
255, 880
256, 879
256, 878
256, 877
257, 876
257, 875
257, 874
258, 873
258, 872
258, 871
259, 870
259, 869
259, 868
259, 867
260, 866
260, 865
260, 864
260, 863
261, 862
261, 861
262, 860
262, 859
262, 858
262, 857
262, 856
262, 855
263, 854
263, 853
264, 852
264, 851
264, 850
265, 849
265, 848
265, 847
265, 846
265, 845
265, 844
266, 843
266, 842
266, 841
267, 840
267, 839
267, 838
268, 837
268, 836
268, 835
268, 834
268, 833
268, 832
269, 831
269, 830
269, 829
270, 828
270, 827
270, 826
271, 825
271, 824
271, 823
271, 822
272, 821
272, 820
273, 819
273, 818
273, 817
274, 816
274, 815
274, 814
274, 813
274, 812
275, 811
275, 810
276, 809
276, 808
276, 807
276, 806
276, 805
276, 804
276, 803
276, 802
277, 801
277, 800
278, 799
278, 798
278, 797
278, 796
278, 795
279, 794
279, 793
279, 792
279, 791
280, 790
281, 789
281, 788
281, 787
281, 786
282, 785
282, 784
282, 783
283, 782
283, 781
283, 780
284, 779
284, 778
284, 777
284, 776
284, 775
285, 774
285, 773
285, 772
285, 771
285, 770
286, 769
286, 768
287, 767
287, 766
287, 765
287, 764
288, 763
289, 762
289, 761
289, 760
289, 759
289, 758
290, 757
290, 756
291, 755
291, 754
291, 753
292, 752
292, 751
292, 750
292, 749
292, 748
292, 747
292, 746
293, 745
293, 744
294, 743
294, 742
294, 741
295, 740
295, 739
295, 738
296, 737
296, 736
296, 735
296, 734
296, 733
297, 732
297, 731
297, 730
298, 729
298, 728
298, 727
298, 726
299, 725
299, 724
300, 723
300, 722
300, 721
301, 720
301, 719
301, 718
301, 717
302, 716
302, 715
302, 714
302, 713
303, 712
303, 711
303, 710
303, 709
303, 708
303, 707
304, 706
304, 705
304, 704
304, 703
305, 702
306, 701
306, 700
306, 699
306, 698
306, 697
307, 696
307, 695
307, 694
306, 693
307, 692
308, 691
308, 690
308, 689
309, 688
309, 687
309, 686
310, 685
310, 684
310, 683
310, 682
311, 681
311, 680
311, 679
311, 678
312, 677
312, 676
313, 675
313, 674
313, 673
313, 672
313, 671
314, 670
314, 669
314, 668
315, 667
315, 666
315, 665
315, 664
316, 663
316, 662
316, 661
316, 660
316, 659
317, 658
317, 657
318, 656
318, 655
318, 654
319, 653
319, 652
319, 651
319, 650
319, 649
319, 648
320, 647
320, 646
321, 645
321, 644
321, 643
321, 642
322, 641
322, 640
322, 639
323, 638
323, 637
323, 636
324, 635
324, 634
325, 633
325, 632
325, 631
325, 630
325, 629
325, 628
326, 627
326, 626
327, 625
327, 624
327, 623
327, 622
327, 621
327, 620
327, 619
327, 618
327, 617
326, 616
325, 616
324, 616
323, 616
322, 616
321, 615
320, 615
319, 615
318, 614
317, 614
316, 614
315, 613
314, 613
313, 613
312, 612
311, 612
310, 612
309, 612
308, 612
307, 612
306, 611
305, 610
304, 610
303, 609
302, 609
301, 608
300, 608
299, 608
298, 608
297, 608
296, 608
295, 607
294, 606
293, 606
292, 605
291, 605
290, 605
290, 604
289, 603
288, 603
287, 603
286, 603
285, 603
284, 603
283, 602
282, 602
281, 602
280, 601
279, 601
278, 600
277, 600
276, 600
275, 599
274, 599
273, 598
272, 598
271, 597
270, 597
269, 597
268, 597
267, 596
266, 596
265, 596
264, 595
263, 594
262, 594
261, 594
260, 594
259, 593
258, 593
257, 592
256, 592
255, 592
254, 591
253, 591
252, 591
251, 591
250, 590
249, 590
248, 589
247, 589
246, 588
245, 588
244, 588
243, 588
242, 587
241, 587
240, 587
239, 586
238, 586
237, 585
236, 584
235, 584
234, 584
233, 584
232, 584
231, 583
230, 583
229, 582
228, 582
227, 582
226, 582
225, 581
224, 581
223, 580
222, 580
221, 579
220, 579
219, 578
218, 578
217, 578
216, 577
215, 577
214, 577
213, 576
212, 576
211, 576
210, 575
209, 575
208, 574
207, 574
206, 574
205, 574
204, 573
203, 572
202, 572
201, 572
200, 571
199, 571
198, 570
197, 570
196, 570
195, 569
194, 569
193, 569
192, 569
191, 568
190, 568
189, 567
188, 567
187, 566
186, 566
185, 566
184, 566
183, 566
182, 565
181, 564
180, 563
179, 563
178, 563
177, 563
176, 562
175, 562
174, 561
173, 561
172, 560
171, 560
170, 560
169, 560
168, 559
167, 559
166, 558
165, 558
164, 558
163, 557
162, 557
161, 556
160, 556
159, 555
158, 555
157, 555
156, 554
155, 553
154, 553
153, 553
152, 552
151, 552
150, 551
149, 551
148, 551
147, 550
146, 549
145, 549
144, 549
143, 549
142, 548
141, 548
140, 547
139, 547
138, 546
137, 546
136, 545
135, 545
134, 545
133, 544
132, 544
131, 544
130, 543
129, 543
128, 543
127, 543
126, 543
125, 542
124, 541
123, 541
122, 541
121, 541
120, 540
119, 539
118, 539
117, 538
116, 538
115, 538
114, 538
113, 537
112, 537
111, 536
110, 536
109, 535
108, 535
107, 535
106, 534
105, 533
104, 532
104, 531
