239, 443
239, 442
240, 441
240, 440
241, 439
241, 438
242, 437
242, 436
242, 435
242, 434
243, 433
243, 432
244, 432
245, 431
246, 430
246, 429
247, 429
248, 428
248, 427
249, 426
250, 425
250, 424
251, 423
252, 422
253, 421
254, 420
255, 419
255, 418
256, 417
257, 416
258, 415
258, 414
259, 413
260, 412
261, 411
262, 410
262, 409
263, 408
264, 407
265, 406
265, 405
266, 404
267, 403
268, 402
269, 401
269, 400
270, 400
271, 399
271, 398
272, 397
272, 396
273, 395
274, 394
275, 393
275, 392
276, 391
277, 390
278, 389
279, 388
279, 387
280, 386
281, 385
282, 384
283, 383
284, 382
284, 381
285, 380
286, 379
286, 378
287, 377
288, 376
289, 375
290, 374
290, 373
291, 372
292, 371
293, 370
294, 369
294, 368
295, 367
296, 366
297, 365
297, 364
298, 363
299, 362
300, 361
300, 360
301, 359
302, 358
303, 357
303, 356
304, 355
305, 354
305, 353
306, 352
307, 351
308, 350
309, 349
309, 348
310, 347
311, 346
312, 345
312, 344
313, 343
314, 342
315, 341
315, 340
316, 339
316, 338
317, 337
318, 336
319, 335
320, 334
320, 333
320, 332
321, 331
321, 330
321, 329
321, 328
320, 327
320, 326
320, 325
320, 324
319, 323
319, 322
318, 321
318, 320
318, 319
318, 318
317, 317
317, 316
316, 315
316, 314
316, 313
316, 312
315, 311
315, 310
314, 309
314, 308
313, 307
313, 306
313, 305
312, 304
312, 303
312, 302
312, 301
311, 300
311, 299
311, 298
311, 297
311, 296
310, 295
310, 294
310, 293
310, 292
309, 291
309, 290
308, 289
308, 288
308, 287
307, 286
307, 285
306, 284
306, 283
306, 282
306, 281
305, 280
305, 279
305, 278
304, 277
304, 276
304, 275
304, 274
303, 273
303, 272
302, 271
302, 270
302, 269
301, 268
301, 267
301, 266
300, 265
300, 264
300, 263
299, 262
299, 261
299, 260
299, 259
298, 258
298, 257
298, 256
297, 255
296, 255
296, 254
296, 253
296, 252
296, 251
296, 250
295, 249
295, 248
294, 247
294, 246
294, 245
294, 244
293, 243
293, 242
293, 241
292, 240
292, 239
292, 238
291, 237
291, 236
291, 235
290, 234
290, 233
290, 232
289, 231
289, 230
288, 229
288, 228
288, 227
287, 226
287, 225
287, 224
286, 223
286, 222
286, 221
286, 220
286, 219
285, 218
285, 217
284, 216
284, 215
284, 214
284, 213
283, 212
283, 211
283, 210
282, 209
282, 208
282, 207
281, 206
281, 205
281, 204
280, 203
280, 202
280, 201
279, 200
279, 199
279, 198
278, 197
278, 196
278, 195
277, 194
277, 193
276, 192
276, 191
275, 190
275, 189
274, 188
274, 187
274, 186
273, 185
273, 184
272, 183
272, 182
272, 181
271, 180
271, 179
271, 178
272, 177
272, 176
273, 176
274, 177
275, 178
276, 179
277, 180
278, 181
279, 181
280, 182
281, 183
282, 184
283, 184
284, 185
285, 186
286, 187
287, 188
288, 188
288, 189
289, 190
290, 190
291, 191
292, 192
293, 193
294, 194
295, 194
295, 195
296, 196
297, 196
298, 197
299, 198
300, 199
301, 200
302, 200
303, 201
304, 202
305, 203
306, 204
307, 204
308, 205
309, 206
310, 207
311, 208
312, 208
313, 209
314, 210
315, 211
316, 212
317, 213
318, 213
319, 214
320, 215
321, 216
322, 217
323, 218
324, 218
325, 219
326, 220
327, 221
328, 222
329, 223
330, 224
331, 225
332, 226
333, 226
334, 227
335, 228
336, 228
336, 229
337, 230
338, 230
339, 231
340, 232
341, 232
342, 233
343, 234
344, 235
345, 236
346, 237
347, 238
348, 238
349, 239
350, 240
351, 241
352, 242
353, 243
354, 244
355, 244
356, 245
357, 246
358, 247
359, 248
360, 249
361, 250
362, 251
363, 252
364, 252
365, 253
366, 254
367, 255
368, 256
369, 257
370, 258
371, 259
372, 260
373, 260
374, 261
375, 262
376, 263
377, 263
378, 263
379, 263
380, 263
381, 263
382, 262
382, 261
382, 260
383, 259
383, 258
384, 257
385, 257
386, 256
387, 256
388, 256
389, 256
390, 255
391, 254
391, 253
391, 252
391, 251
392, 250
393, 251
394, 252
395, 252
396, 252
397, 252
398, 252
399, 251
400, 250
401, 249
402, 248
402, 247
402, 246
403, 245
404, 244
405, 243
406, 242
406, 241
406, 240
407, 240
408, 239
409, 238
409, 237
410, 236
411, 235
412, 234
413, 233
414, 232
415, 231
415, 230
416, 229
417, 228
418, 227
418, 226
419, 225
420, 224
421, 223
421, 222
422, 221
423, 220
424, 219
424, 218
425, 217
426, 216
427, 215
427, 214
428, 213
429, 212
430, 211
430, 210
431, 209
432, 208
432, 207
433, 206
434, 205
435, 204
435, 203
436, 202
437, 201
438, 200
439, 199
440, 198
440, 197
441, 196
442, 195
443, 194
443, 193
444, 192
445, 191
445, 190
446, 189
447, 188
448, 187
448, 186
449, 185
450, 184
450, 183
451, 182
451, 181
452, 180
453, 179
454, 178
455, 177
455, 176
456, 175
456, 174
457, 173
458, 172
459, 171
459, 170
460, 169
461, 168
462, 167
462, 166
463, 165
463, 164
464, 163
464, 162
465, 162
466, 161
466, 160
467, 159
467, 158
468, 157
469, 156
470, 155
470, 154
471, 153
471, 152
472, 151
473, 150
473, 149
474, 148
475, 147
476, 146
476, 145
477, 144
478, 143
479, 143
480, 143
480, 144
480, 145
480, 146
481, 147
481, 148
481, 149
481, 150
481, 151
480, 152
480, 153
480, 154
480, 155
480, 156
480, 157
480, 158
480, 159
480, 160
480, 161
480, 162
480, 163
480, 164
480, 165
481, 166
480, 167
480, 168
480, 169
480, 170
481, 171
481, 172
480, 173
480, 174
480, 175
480, 176
481, 177
481, 178
480, 179
480, 180
480, 181
480, 182
481, 183
481, 184
481, 185
480, 186
480, 187
480, 188
480, 189
480, 190
480, 191
480, 192
480, 193
480, 194
480, 195
481, 196
481, 197
481, 198
481, 199
481, 200
481, 201
481, 202
481, 203
481, 204
481, 205
480, 206
480, 207
480, 208
481, 209
481, 210
481, 211
481, 212
481, 213
481, 214
481, 215
481, 216
481, 217
481, 218
481, 219
481, 220
481, 221
481, 222
481, 223
481, 224
481, 225
481, 226
481, 227
481, 228
481, 229
481, 230
481, 231
481, 232
481, 233
481, 234
481, 235
481, 236
481, 237
481, 238
481, 239
481, 240
481, 241
481, 242
481, 243
481, 244
481, 245
481, 246
481, 247
481, 248
481, 249
481, 250
481, 251
481, 252
481, 253
481, 254
481, 255
481, 256
481, 257
481, 258
481, 259
481, 260
481, 261
481, 262
481, 263
481, 264
481, 265
481, 266
481, 267
481, 268
481, 269
481, 270
481, 271
481, 272
481, 273
481, 274
482, 275
483, 276
484, 276
485, 277
486, 277
487, 277
488, 277
489, 277
490, 277
491, 277
492, 277
493, 277
494, 277
495, 277
496, 277
497, 277
498, 277
499, 277
500, 277
501, 277
502, 277
503, 277
504, 277
505, 277
506, 277
507, 277
508, 276
509, 276
510, 276
511, 276
512, 276
513, 276
514, 276
515, 276
516, 276
517, 277
518, 277
519, 277
520, 277
521, 277
522, 277
523, 276
524, 276
525, 276
526, 276
527, 276
528, 276
529, 276
530, 276
531, 276
532, 276
533, 276
534, 276
535, 276
536, 276
537, 276
538, 276
539, 276
540, 276
541, 276
542, 276
543, 276
544, 276
545, 276
546, 276
547, 276
548, 276
549, 276
550, 276
551, 276
552, 276
553, 276
554, 276
555, 276
556, 276
557, 276
558, 276
559, 276
560, 276
561, 276
562, 276
563, 276
564, 275
565, 275
566, 275
567, 275
568, 275
569, 275
570, 275
571, 275
572, 275
573, 275
574, 275
575, 275
576, 275
577, 275
578, 275
579, 275
580, 275
581, 275
582, 275
583, 275
584, 275
585, 275
586, 275
587, 275
588, 275
589, 275
590, 275
591, 275
592, 275
593, 275
594, 275
595, 275
596, 275
597, 275
598, 275
599, 275
600, 275
601, 275
602, 275
603, 275
604, 276
605, 276
606, 276
607, 276
608, 276
609, 276
610, 276
611, 276
612, 276
613, 276
614, 276
615, 277
616, 278
615, 279
614, 279
613, 280
612, 281
611, 281
610, 282
609, 283
608, 283
607, 284
607, 285
606, 285
605, 285
604, 286
603, 287
602, 287
601, 288
600, 288
599, 289
598, 290
597, 290
596, 291
595, 291
594, 292
593, 292
592, 293
591, 294
590, 294
589, 295
588, 295
587, 296
586, 297
585, 297
584, 298
583, 299
582, 299
581, 300
580, 301
579, 301
578, 302
577, 302
576, 303
575, 304
574, 304
573, 304
572, 305
571, 306
570, 306
569, 307
568, 308
567, 308
566, 309
565, 309
564, 310
563, 311
562, 311
561, 312
560, 312
559, 313
558, 314
557, 314
556, 315
555, 315
554, 316
553, 317
552, 317
551, 318
550, 319
549, 319
548, 320
547, 321
546, 321
545, 322
544, 322
543, 323
542, 324
541, 324
540, 325
539, 325
538, 326
537, 327
536, 327
535, 328
534, 329
533, 329
532, 330
531, 330
530, 331
529, 332
528, 332
527, 333
526, 334
525, 334
524, 335
523, 335
522, 336
521, 337
520, 337
519, 338
518, 338
517, 339
516, 340
515, 340
514, 341
513, 342
512, 342
511, 343
510, 344
509, 344
508, 345
507, 345
506, 346
505, 347
504, 347
503, 348
502, 349
501, 350
501, 351
501, 352
501, 353
500, 354
500, 355
499, 356
499, 357
499, 358
499, 359
498, 360
498, 361
498, 362
498, 363
498, 364
498, 365
499, 366
499, 367
499, 368
499, 369
499, 370
500, 371
500, 372
500, 373
501, 374
501, 375
502, 376
502, 377
502, 378
502, 379
502, 380
503, 381
503, 382
503, 383
503, 384
504, 385
504, 386
504, 387
505, 388
505, 389
505, 390
506, 391
506, 392
507, 393
507, 394
507, 395
508, 396
508, 397
508, 398
509, 399
509, 400
510, 401
510, 402
510, 403
511, 404
512, 405
512, 406
512, 407
512, 408
513, 409
513, 410
513, 411
514, 412
514, 413
515, 414
515, 415
515, 416
516, 417
516, 418
517, 419
518, 420
518, 421
518, 422
518, 423
519, 424
519, 425
520, 426
520, 427
520, 428
521, 429
521, 430
522, 431
522, 432
523, 433
523, 434
523, 435
524, 436
524, 437
524, 438
525, 439
526, 440
526, 441
526, 442
527, 443
527, 444
528, 445
528, 446
529, 447
529, 448
529, 449
530, 450
530, 451
530, 452
531, 453
531, 454
532, 455
532, 456
532, 457
533, 458
533, 459
533, 460
534, 461
534, 462
535, 463
535, 464
536, 465
536, 466
536, 467
537, 468
537, 469
538, 470
538, 471
538, 472
538, 473
539, 474
540, 475
540, 476
540, 477
541, 478
541, 479
541, 480
542, 481
542, 482
542, 483
543, 484
544, 485
544, 486
545, 487
545, 488
545, 489
546, 490
546, 491
546, 492
547, 493
546, 494
545, 494
544, 494
543, 494
542, 494
541, 493
540, 493
539, 492
538, 491
537, 491
536, 490
535, 490
534, 489
533, 488
532, 488
531, 487
530, 487
529, 486
528, 485
527, 485
526, 484
525, 484
524, 484
523, 484
522, 484
522, 483
522, 482
521, 481
520, 481
519, 480
518, 480
517, 479
517, 478
516, 477
515, 477
514, 477
513, 478
513, 477
512, 476
511, 476
510, 476
509, 475
508, 475
507, 474
506, 474
506, 473
506, 472
505, 471
504, 471
503, 471
502, 470
501, 470
500, 469
499, 469
498, 469
497, 468
496, 467
495, 467
494, 466
493, 466
492, 465
491, 465
490, 464
489, 464
488, 463
487, 463
486, 462
485, 461
484, 460
483, 460
482, 460
481, 459
480, 458
479, 458
478, 457
477, 456
476, 456
475, 456
474, 455
473, 454
472, 453
471, 453
470, 452
469, 452
468, 451
467, 450
466, 450
465, 449
464, 449
463, 448
462, 448
461, 447
460, 446
459, 446
458, 445
457, 444
456, 444
455, 443
454, 443
453, 442
452, 442
451, 441
450, 440
449, 440
448, 440
447, 440
446, 440
445, 441
444, 441
443, 442
443, 443
443, 444
442, 445
442, 446
441, 447
441, 448
440, 449
440, 450
440, 451
439, 452
439, 453
438, 454
438, 455
438, 456
437, 457
437, 458
436, 459
436, 460
436, 461
435, 462
435, 463
435, 464
434, 465
434, 466
434, 467
434, 468
433, 469
432, 470
432, 471
431, 472
431, 473
431, 474
430, 475
430, 476
429, 477
429, 478
429, 479
428, 480
428, 481
428, 482
428, 483
428, 484
427, 485
426, 486
426, 487
426, 488
426, 489
425, 490
424, 491
424, 492
424, 493
423, 494
423, 495
422, 496
422, 497
422, 498
422, 499
421, 500
421, 501
420, 502
420, 503
419, 504
419, 505
418, 506
417, 507
417, 508
417, 509
417, 510
416, 511
416, 512
416, 513
415, 514
415, 515
415, 516
414, 517
414, 518
414, 519
413, 520
413, 521
412, 522
412, 523
411, 524
411, 525
410, 526
410, 527
409, 528
409, 529
408, 530
408, 531
408, 532
408, 533
407, 534
406, 535
406, 536
406, 537
406, 538
405, 539
405, 540
404, 541
404, 542
404, 543
404, 544
404, 545
403, 545
402, 546
401, 547
401, 548
401, 549
400, 550
400, 551
399, 552
399, 553
399, 554
398, 555
398, 556
397, 557
397, 558
397, 559
396, 560
396, 561
395, 562
395, 563
395, 564
394, 565
394, 566
394, 567
394, 568
394, 569
393, 570
392, 570
391, 570
390, 569
389, 568
389, 567
388, 566
388, 565
388, 564
388, 563
387, 562
386, 561
386, 560
386, 559
386, 558
385, 557
385, 556
385, 555
385, 554
385, 553
385, 552
384, 551
384, 550
384, 549
384, 548
384, 547
383, 546
383, 545
383, 544
383, 543
382, 542
382, 541
382, 540
382, 539
382, 538
381, 537
380, 536
380, 535
380, 534
380, 533
379, 532
379, 531
379, 530
378, 529
378, 528
378, 527
378, 526
377, 525
377, 524
377, 523
377, 522
377, 521
377, 520
376, 519
376, 518
376, 517
376, 516
375, 515
375, 514
375, 513
375, 512
374, 511
374, 510
374, 509
374, 508
373, 507
373, 506
373, 505
373, 504
372, 503
372, 502
372, 501
371, 500
371, 499
371, 498
371, 497
371, 496
370, 495
370, 494
370, 493
369, 492
369, 491
368, 490
368, 489
368, 488
368, 487
367, 486
367, 485
367, 484
367, 483
367, 482
366, 481
366, 480
366, 479
366, 478
365, 477
365, 476
365, 475
365, 474
364, 473
364, 472
364, 471
364, 470
363, 469
363, 468
362, 467
362, 466
362, 465
361, 464
361, 463
361, 462
361, 461
361, 460
360, 459
360, 458
360, 457
360, 456
360, 455
360, 454
359, 453
359, 452
359, 451
358, 450
358, 449
358, 448
358, 447
358, 446
357, 445
357, 444
357, 443
356, 442
356, 441
356, 440
355, 439
355, 438
355, 437
354, 436
354, 435
354, 434
354, 433
354, 432
353, 431
352, 430
352, 429
352, 428
352, 427
352, 426
352, 425
351, 424
350, 423
349, 423
348, 423
347, 423
346, 423
345, 423
344, 424
343, 424
342, 424
341, 424
340, 424
339, 424
338, 424
337, 424
336, 424
335, 425
334, 425
333, 425
332, 425
331, 425
330, 425
329, 426
328, 426
327, 426
326, 426
325, 427
324, 427
323, 427
322, 427
321, 427
320, 427
319, 428
318, 428
317, 428
316, 428
315, 429
314, 429
313, 429
312, 430
311, 430
310, 430
309, 430
308, 430
307, 430
306, 430
305, 431
304, 431
303, 432
302, 432
301, 432
300, 432
299, 432
298, 432
297, 432
296, 433
295, 433
294, 433
293, 433
292, 433
291, 433
290, 433
289, 434
288, 435
287, 435
286, 436
285, 436
284, 436
283, 436
282, 436
281, 436
280, 436
279, 436
278, 437
277, 437
276, 437
275, 437
274, 437
273, 437
272, 438
271, 438
270, 438
269, 438
268, 439
267, 439
266, 439
265, 439
264, 440
263, 440
262, 440
261, 440
260, 440
259, 441
258, 441
257, 441
256, 442
255, 442
254, 442
253, 442
252, 443
251, 443
250, 443
249, 443
248, 444
247, 444
246, 444
245, 444
244, 444
243, 444
242, 444
241, 444
240, 444
239, 444
238, 444
