68, 655
68, 654
68, 653
68, 652
68, 651
68, 650
68, 649
68, 648
68, 647
68, 646
68, 645
68, 644
68, 643
68, 642
68, 641
68, 640
68, 639
68, 638
68, 637
68, 636
69, 635
69, 634
69, 633
69, 632
69, 631
69, 630
69, 629
69, 628
69, 627
69, 626
69, 625
70, 624
70, 623
70, 622
70, 621
70, 620
70, 619
70, 618
70, 617
70, 616
70, 615
71, 614
71, 613
71, 612
71, 611
71, 610
71, 609
71, 608
71, 607
71, 606
72, 605
72, 604
72, 603
72, 602
72, 601
72, 600
72, 599
72, 598
73, 597
73, 596
73, 595
73, 594
73, 593
73, 592
73, 591
73, 590
74, 589
74, 588
74, 587
74, 586
74, 585
74, 584
74, 583
74, 582
74, 581
75, 580
75, 579
75, 578
75, 577
75, 576
75, 575
75, 574
76, 573
76, 572
76, 571
76, 570
76, 569
76, 568
76, 567
76, 566
77, 565
77, 564
77, 563
77, 562
77, 561
77, 560
77, 559
77, 558
78, 557
78, 556
78, 555
78, 554
78, 553
78, 552
78, 551
78, 550
79, 549
79, 548
79, 547
79, 546
79, 545
79, 544
79, 543
80, 542
80, 541
80, 540
80, 539
80, 538
80, 537
80, 536
80, 535
81, 534
81, 533
81, 532
81, 531
81, 530
81, 529
82, 528
82, 527
82, 526
82, 525
82, 524
82, 523
82, 522
82, 521
83, 520
83, 519
83, 518
83, 517
83, 516
83, 515
84, 514
84, 513
84, 512
84, 511
84, 510
84, 509
84, 508
84, 507
84, 506
85, 505
85, 504
85, 503
85, 502
85, 501
85, 500
85, 499
86, 498
86, 497
86, 496
86, 495
86, 494
86, 493
86, 492
87, 491
87, 490
87, 489
87, 488
87, 487
87, 486
87, 485
88, 484
88, 483
88, 482
88, 481
88, 480
88, 479
88, 478
89, 477
89, 476
89, 475
89, 474
89, 473
89, 472
89, 471
89, 470
90, 469
90, 468
90, 467
90, 466
90, 465
90, 464
90, 463
90, 462
91, 461
91, 460
91, 459
91, 458
91, 457
91, 456
91, 455
91, 454
91, 453
91, 452
91, 451
91, 450
92, 449
92, 448
92, 447
92, 446
92, 445
92, 444
92, 443
92, 442
92, 441
92, 440
92, 439
92, 438
92, 437
92, 436
92, 435
92, 434
92, 433
92, 432
92, 431
92, 430
92, 429
92, 428
92, 427
92, 426
92, 425
92, 424
92, 423
92, 422
92, 421
92, 420
92, 419
92, 418
92, 417
92, 416
92, 415
92, 414
92, 413
92, 412
92, 411
92, 410
92, 409
92, 408
92, 407
92, 406
92, 405
92, 404
92, 403
92, 402
92, 401
92, 400
92, 399
92, 398
92, 397
92, 396
92, 395
92, 394
92, 393
92, 392
92, 391
93, 390
93, 389
93, 388
93, 387
93, 386
93, 385
93, 384
93, 383
93, 382
93, 381
93, 380
93, 379
93, 378
93, 377
93, 376
93, 375
93, 374
93, 373
93, 372
93, 371
93, 370
93, 369
93, 368
93, 367
94, 366
94, 365
94, 364
94, 363
94, 362
94, 361
94, 360
94, 359
95, 358
95, 357
95, 356
95, 355
96, 354
96, 353
96, 352
97, 351
98, 350
99, 349
100, 348
101, 347
102, 346
103, 345
104, 344
104, 343
104, 342
104, 341
105, 340
105, 339
106, 338
106, 337
107, 336
107, 335
107, 334
107, 333
107, 332
108, 331
108, 330
108, 329
109, 328
109, 327
109, 326
109, 325
110, 324
110, 323
110, 322
110, 321
110, 320
111, 319
111, 318
111, 317
111, 316
112, 315
112, 314
113, 313
113, 312
113, 311
113, 310
113, 309
113, 308
113, 307
113, 306
114, 305
114, 304
114, 303
114, 302
115, 301
115, 300
115, 299
115, 298
114, 297
115, 296
115, 295
116, 294
116, 293
117, 292
117, 291
117, 290
117, 289
117, 288
117, 287
117, 286
117, 285
116, 284
117, 283
117, 282
117, 281
117, 280
117, 279
117, 278
118, 277
119, 276
119, 275
120, 275
121, 274
121, 273
121, 272
121, 271
121, 270
120, 269
120, 268
120, 267
120, 266
121, 265
121, 264
121, 263
121, 262
121, 261
121, 260
122, 259
122, 258
122, 257
122, 258
123, 259
124, 259
124, 260
125, 261
126, 262
126, 263
127, 264
128, 265
128, 266
129, 267
130, 267
130, 268
131, 269
132, 269
133, 269
134, 268
134, 267
134, 266
134, 265
133, 264
133, 263
132, 262
132, 261
131, 260
131, 259
130, 258
129, 257
129, 256
129, 255
128, 254
128, 253
127, 252
126, 251
126, 250
126, 249
125, 248
124, 247
124, 246
124, 245
123, 244
123, 243
122, 242
122, 241
122, 240
122, 239
122, 238
122, 237
122, 236
122, 235
121, 234
120, 233
121, 232
121, 231
121, 230
120, 229
120, 228
120, 227
120, 226
120, 225
120, 224
119, 223
118, 222
118, 221
118, 220
118, 219
118, 218
118, 217
118, 216
118, 215
118, 214
118, 213
119, 212
119, 211
119, 210
119, 209
119, 208
119, 207
119, 206
119, 205
119, 204
119, 203
119, 202
118, 201
118, 200
119, 199
119, 198
119, 197
119, 196
120, 195
120, 194
120, 193
120, 192
121, 191
121, 190
121, 189
121, 188
121, 187
121, 186
121, 185
121, 184
122, 183
123, 182
123, 181
123, 180
123, 179
123, 178
124, 177
124, 176
125, 175
125, 174
126, 173
127, 172
127, 171
127, 170
127, 169
128, 168
129, 167
129, 166
129, 165
130, 164
131, 163
131, 162
132, 161
132, 160
133, 159
133, 158
134, 157
135, 156
135, 155
136, 154
136, 153
137, 152
138, 151
139, 150
139, 149
140, 148
140, 147
141, 146
142, 145
143, 144
144, 144
145, 143
145, 142
146, 142
147, 141
147, 140
147, 139
148, 138
149, 138
150, 138
151, 137
152, 136
153, 135
153, 134
154, 133
155, 133
156, 133
157, 132
157, 131
158, 130
159, 130
160, 129
161, 129
162, 128
163, 128
164, 128
165, 128
166, 128
167, 128
168, 128
169, 128
170, 127
171, 127
172, 128
173, 128
174, 128
175, 128
176, 128
177, 128
178, 128
179, 128
180, 127
181, 127
182, 128
183, 128
184, 128
185, 128
186, 128
187, 128
188, 128
189, 129
190, 129
191, 129
192, 129
193, 129
194, 129
195, 128
195, 129
195, 130
196, 131
197, 132
198, 132
199, 132
200, 133
200, 134
201, 135
202, 136
203, 136
204, 137
205, 138
205, 139
206, 140
207, 141
208, 142
209, 143
210, 144
210, 145
211, 146
212, 147
213, 148
213, 149
214, 150
215, 151
215, 152
216, 153
216, 154
217, 155
217, 156
218, 157
218, 158
219, 159
219, 160
219, 161
220, 162
220, 163
221, 164
222, 165
223, 166
223, 167
223, 168
223, 169
224, 170
224, 171
224, 172
224, 173
225, 174
225, 175
225, 176
226, 177
226, 178
226, 179
227, 180
227, 181
227, 182
228, 183
228, 184
228, 185
228, 186
229, 187
229, 188
229, 189
229, 190
230, 191
230, 192
230, 193
230, 194
230, 195
230, 196
230, 197
230, 198
230, 199
230, 200
230, 201
230, 202
230, 203
230, 204
230, 205
230, 206
230, 207
230, 208
230, 209
229, 210
229, 211
229, 212
229, 213
229, 214
230, 215
230, 216
230, 217
230, 218
230, 219
230, 220
231, 221
231, 222
230, 222
229, 222
228, 223
228, 224
228, 225
228, 226
229, 227
229, 228
228, 229
228, 230
228, 231
228, 232
228, 233
227, 234
227, 235
226, 236
226, 237
226, 238
226, 239
226, 240
225, 241
225, 242
224, 243
224, 244
223, 244
222, 244
221, 245
221, 246
221, 247
222, 248
222, 249
222, 250
222, 251
221, 252
221, 253
221, 254
221, 255
221, 256
221, 257
221, 258
221, 259
221, 260
221, 261
221, 262
221, 263
221, 264
221, 265
221, 266
221, 267
221, 268
222, 269
222, 270
222, 271
222, 272
222, 273
222, 274
222, 275
223, 276
223, 277
223, 278
223, 279
224, 280
225, 280
226, 280
226, 281
226, 282
226, 283
226, 284
226, 285
226, 286
226, 287
226, 288
225, 289
224, 290
224, 291
224, 292
224, 293
224, 294
223, 295
223, 296
223, 297
224, 298
224, 299
224, 300
224, 301
225, 302
225, 303
225, 304
225, 305
226, 306
226, 307
226, 308
226, 309
226, 310
226, 311
226, 312
226, 313
226, 314
227, 315
228, 316
229, 317
229, 318
229, 319
230, 320
231, 321
230, 322
229, 323
229, 324
229, 325
230, 326
230, 327
231, 328
231, 329
231, 330
232, 331
232, 332
232, 333
232, 334
232, 335
232, 336
232, 337
232, 338
232, 339
233, 340
234, 341
235, 342
236, 343
236, 344
237, 345
238, 346
239, 347
239, 348
240, 349
241, 350
242, 351
242, 352
243, 353
243, 354
243, 355
243, 356
243, 357
243, 358
244, 359
244, 360
244, 361
244, 362
244, 363
244, 364
244, 365
244, 366
244, 367
244, 368
244, 369
244, 370
244, 371
244, 372
244, 373
244, 374
244, 375
244, 376
244, 377
244, 378
244, 379
244, 380
244, 381
244, 382
243, 383
243, 384
243, 385
243, 386
243, 387
243, 388
243, 389
243, 390
243, 391
243, 392
243, 393
243, 394
243, 395
243, 396
243, 397
243, 398
243, 399
243, 400
243, 401
243, 402
243, 403
243, 404
243, 405
243, 406
243, 407
243, 408
243, 409
243, 410
242, 411
242, 412
242, 413
242, 414
242, 415
242, 416
242, 417
242, 418
242, 419
242, 420
242, 421
242, 422
242, 423
242, 424
242, 425
242, 426
242, 427
242, 428
242, 429
242, 430
242, 431
241, 432
241, 433
241, 434
241, 435
241, 436
241, 437
241, 438
241, 439
241, 440
241, 441
241, 442
241, 443
241, 444
241, 445
241, 446
241, 447
241, 448
241, 449
241, 450
241, 451
241, 452
241, 453
241, 454
241, 455
241, 456
241, 457
241, 458
241, 459
241, 460
241, 461
241, 462
241, 463
242, 464
242, 465
242, 466
242, 467
242, 468
242, 469
242, 470
242, 471
242, 472
242, 473
242, 474
243, 475
243, 476
243, 477
243, 478
243, 479
243, 480
243, 481
243, 482
243, 483
243, 484
243, 485
243, 486
243, 487
243, 488
243, 489
243, 490
244, 491
244, 492
244, 493
244, 494
244, 495
244, 496
244, 497
244, 498
244, 499
244, 500
245, 501
245, 502
245, 503
245, 504
245, 505
245, 506
245, 507
245, 508
245, 509
245, 510
245, 511
245, 512
245, 513
245, 514
245, 515
246, 516
246, 517
246, 518
246, 519
246, 520
246, 521
246, 522
246, 523
246, 524
246, 525
247, 526
247, 527
247, 528
247, 529
247, 530
247, 531
247, 532
247, 533
247, 534
247, 535
247, 536
247, 537
248, 538
248, 539
248, 540
248, 541
248, 542
248, 543
248, 544
248, 545
248, 546
248, 547
248, 548
249, 549
249, 550
249, 551
249, 552
249, 553
249, 554
249, 555
249, 556
249, 557
249, 558
249, 559
249, 560
249, 561
249, 562
250, 563
250, 564
250, 565
250, 566
250, 567
250, 568
250, 569
250, 570
250, 571
250, 572
250, 573
251, 574
251, 575
251, 576
251, 577
251, 578
251, 579
251, 580
251, 581
251, 582
251, 583
251, 584
251, 585
251, 586
252, 587
252, 588
252, 589
252, 590
252, 591
252, 592
252, 593
252, 594
252, 595
252, 596
252, 597
252, 598
253, 599
253, 600
253, 601
253, 602
253, 603
253, 604
253, 605
253, 606
253, 607
253, 608
253, 609
253, 610
253, 611
253, 612
253, 613
253, 614
253, 615
254, 616
254, 617
254, 618
254, 619
254, 620
254, 621
254, 622
254, 623
254, 624
254, 625
254, 626
254, 627
254, 628
255, 629
255, 630
255, 631
255, 632
255, 633
255, 634
255, 635
255, 636
255, 637
255, 638
255, 639
255, 640
255, 641
255, 642
255, 643
255, 644
255, 645
255, 646
255, 647
255, 648
255, 649
255, 650
255, 651
255, 652
255, 653
255, 654
255, 655
255, 656
255, 657
255, 658
255, 659
255, 660
255, 661
255, 662
255, 663
255, 664
255, 665
255, 666
255, 667
255, 668
255, 669
255, 670
255, 671
255, 672
255, 673
255, 674
255, 675
255, 676
255, 677
255, 678
255, 679
255, 680
255, 681
254, 682
254, 683
254, 684
254, 685
254, 686
254, 687
254, 688
254, 689
254, 690
254, 691
254, 692
254, 693
254, 694
254, 695
254, 696
253, 697
253, 698
253, 699
253, 700
253, 701
253, 702
253, 703
253, 704
253, 705
253, 706
253, 707
253, 708
253, 709
253, 710
252, 711
252, 712
252, 713
252, 714
252, 715
252, 716
252, 717
252, 718
251, 719
251, 720
251, 721
251, 722
251, 723
251, 724
251, 725
251, 726
251, 727
251, 728
251, 729
251, 730
251, 731
250, 732
250, 733
250, 734
250, 735
250, 736
250, 737
249, 738
249, 739
249, 740
249, 741
249, 742
249, 743
249, 744
249, 745
249, 746
249, 747
248, 748
248, 749
248, 750
248, 751
248, 752
247, 753
247, 754
247, 755
247, 756
247, 757
247, 758
247, 759
247, 760
246, 761
246, 762
246, 763
246, 764
245, 765
245, 766
245, 767
245, 768
245, 769
244, 770
244, 771
244, 772
244, 773
243, 774
243, 775
243, 776
243, 777
242, 778
242, 779
242, 780
241, 781
241, 782
241, 783
240, 784
240, 785
239, 786
239, 787
238, 788
237, 789
237, 790
236, 791
235, 792
235, 793
234, 794
233, 795
232, 796
231, 797
230, 798
229, 799
228, 800
227, 801
226, 802
225, 803
224, 804
223, 804
222, 805
221, 805
220, 805
219, 805
218, 805
217, 804
216, 804
215, 803
214, 802
213, 801
212, 800
212, 799
211, 798
210, 797
209, 796
209, 795
208, 794
207, 793
207, 792
206, 791
205, 790
205, 789
204, 788
204, 787
203, 786
203, 785
203, 784
202, 783
202, 782
202, 781
202, 780
201, 779
201, 778
201, 777
201, 776
201, 775
201, 774
201, 773
201, 772
201, 771
201, 770
201, 769
201, 768
201, 767
201, 766
201, 765
201, 764
201, 763
201, 762
201, 761
201, 760
201, 759
201, 758
201, 757
202, 756
202, 755
202, 754
202, 753
202, 752
202, 751
202, 750
202, 749
202, 748
203, 747
203, 746
203, 745
203, 744
203, 743
203, 742
203, 741
204, 740
204, 739
204, 738
204, 737
204, 736
204, 735
204, 734
204, 733
204, 732
204, 731
204, 730
204, 729
205, 728
205, 727
205, 726
205, 725
205, 724
205, 723
205, 722
205, 721
205, 720
205, 719
205, 718
206, 717
206, 716
206, 715
206, 714
206, 713
206, 712
206, 711
206, 710
206, 709
206, 708
206, 707
206, 706
206, 705
206, 704
206, 703
207, 702
207, 701
207, 700
207, 699
207, 698
207, 697
207, 696
207, 695
207, 694
207, 693
207, 692
207, 691
207, 690
207, 689
207, 688
207, 687
207, 686
207, 685
207, 684
207, 683
208, 682
208, 681
208, 680
208, 679
208, 678
208, 677
208, 676
208, 675
208, 674
208, 673
208, 672
208, 671
208, 670
208, 669
208, 668
208, 667
208, 666
208, 665
208, 664
208, 663
208, 662
208, 661
208, 660
208, 659
208, 658
208, 657
208, 656
208, 655
208, 654
208, 653
208, 652
208, 651
207, 650
207, 649
207, 648
207, 647
207, 646
207, 645
207, 644
207, 643
207, 642
207, 641
207, 640
207, 639
207, 638
207, 637
207, 636
207, 635
207, 634
207, 633
207, 632
207, 631
207, 630
207, 629
207, 628
207, 627
206, 626
206, 625
206, 624
206, 623
206, 622
206, 621
206, 620
206, 619
206, 618
206, 617
206, 616
206, 615
206, 614
206, 613
206, 612
206, 611
206, 610
205, 609
205, 608
205, 607
205, 606
205, 605
205, 604
205, 603
205, 602
205, 601
205, 600
205, 599
205, 598
205, 597
204, 596
204, 595
204, 594
204, 593
204, 592
204, 591
204, 590
204, 589
204, 588
204, 587
204, 586
203, 585
203, 584
203, 583
203, 582
203, 581
203, 580
203, 579
203, 578
203, 577
203, 576
203, 575
203, 574
203, 573
203, 572
202, 571
202, 570
202, 569
202, 568
202, 567
202, 566
202, 565
202, 564
202, 563
202, 562
202, 561
202, 560
202, 559
202, 558
202, 557
201, 556
201, 555
201, 554
201, 553
201, 552
201, 551
201, 550
201, 549
201, 548
201, 547
201, 546
201, 545
201, 544
200, 543
200, 542
200, 541
200, 540
200, 539
200, 538
200, 537
200, 536
200, 535
200, 534
200, 533
200, 532
200, 531
200, 530
200, 529
200, 528
200, 527
200, 526
199, 525
199, 524
199, 523
199, 522
199, 521
199, 520
199, 519
199, 518
199, 517
199, 516
199, 515
198, 514
198, 513
198, 512
198, 511
198, 510
198, 509
198, 508
198, 507
198, 506
198, 505
198, 504
198, 503
198, 502
198, 501
198, 500
198, 499
198, 498
198, 497
197, 496
197, 495
197, 494
197, 493
197, 492
197, 491
197, 490
197, 489
197, 488
197, 487
197, 486
197, 485
197, 484
197, 483
196, 482
196, 481
196, 480
196, 479
196, 478
196, 477
196, 476
196, 475
196, 474
196, 473
196, 472
196, 471
196, 470
196, 469
196, 468
196, 467
196, 466
196, 465
196, 464
196, 463
195, 462
195, 461
195, 460
195, 459
195, 458
195, 457
195, 456
195, 455
195, 454
195, 453
195, 452
195, 451
195, 450
195, 449
195, 448
195, 447
195, 446
195, 445
195, 444
195, 443
195, 442
195, 441
195, 440
195, 439
195, 438
195, 437
195, 436
195, 435
195, 434
195, 433
195, 432
195, 431
195, 430
195, 429
195, 428
195, 427
195, 426
195, 425
195, 424
195, 423
195, 422
195, 421
196, 420
196, 419
196, 418
196, 417
196, 416
196, 415
196, 414
196, 413
196, 412
196, 411
196, 410
196, 409
196, 408
196, 407
196, 406
196, 405
196, 404
196, 403
196, 402
196, 401
196, 400
196, 399
196, 398
196, 397
196, 396
196, 395
196, 394
196, 393
196, 392
196, 391
196, 390
196, 389
196, 388
196, 387
197, 386
197, 385
197, 384
197, 383
197, 382
197, 381
197, 380
197, 379
197, 378
197, 377
197, 376
197, 375
197, 374
197, 373
197, 372
197, 371
197, 370
197, 369
197, 368
197, 367
197, 366
197, 365
197, 364
197, 363
197, 362
197, 361
197, 360
197, 359
197, 358
197, 357
197, 356
197, 355
197, 354
197, 353
197, 352
197, 351
197, 350
197, 349
196, 348
197, 347
197, 346
197, 345
197, 344
198, 343
198, 342
198, 341
198, 340
198, 339
198, 338
198, 337
197, 336
196, 336
195, 336
194, 336
193, 336
192, 336
191, 336
190, 336
189, 337
188, 337
187, 337
186, 336
185, 336
184, 336
183, 336
182, 336
181, 336
180, 336
179, 336
178, 336
177, 336
176, 335
175, 335
174, 335
173, 335
172, 335
171, 335
170, 335
169, 335
168, 335
167, 335
166, 335
165, 335
164, 335
163, 335
162, 335
161, 335
160, 335
159, 335
158, 335
157, 335
156, 335
155, 334
154, 334
153, 334
152, 334
151, 334
150, 334
149, 334
148, 334
147, 334
146, 335
145, 336
145, 337
145, 338
144, 339
143, 340
143, 341
142, 342
142, 343
142, 344
141, 345
141, 346
140, 347
140, 348
140, 349
141, 350
141, 351
141, 352
141, 353
141, 354
142, 355
142, 356
142, 357
142, 358
142, 359
142, 360
142, 361
141, 362
141, 363
141, 364
141, 365
141, 366
141, 367
141, 368
141, 369
141, 370
141, 371
141, 372
141, 373
141, 374
141, 375
140, 376
140, 377
140, 378
140, 379
140, 380
140, 381
140, 382
140, 383
140, 384
140, 385
140, 386
140, 387
140, 388
140, 389
140, 390
140, 391
140, 392
140, 393
140, 394
140, 395
140, 396
140, 397
140, 398
140, 399
140, 400
140, 401
140, 402
140, 403
140, 404
140, 405
140, 406
140, 407
139, 408
139, 409
139, 410
139, 411
139, 412
139, 413
139, 414
139, 415
139, 416
139, 417
139, 418
139, 419
139, 420
139, 421
139, 422
139, 423
139, 424
139, 425
139, 426
139, 427
139, 428
139, 429
139, 430
139, 431
139, 432
139, 433
139, 434
139, 435
139, 436
139, 437
139, 438
139, 439
139, 440
139, 441
139, 442
139, 443
139, 444
138, 445
138, 446
138, 447
138, 448
138, 449
138, 450
138, 451
138, 452
138, 453
138, 454
138, 455
138, 456
138, 457
138, 458
137, 459
137, 460
137, 461
137, 462
137, 463
137, 464
137, 465
137, 466
137, 467
137, 468
136, 469
136, 470
136, 471
136, 472
136, 473
136, 474
136, 475
136, 476
136, 477
136, 478
135, 479
135, 480
135, 481
135, 482
135, 483
135, 484
135, 485
135, 486
134, 487
134, 488
134, 489
134, 490
134, 491
134, 492
134, 493
133, 494
133, 495
133, 496
133, 497
133, 498
133, 499
133, 500
133, 501
133, 502
132, 503
132, 504
132, 505
132, 506
132, 507
132, 508
132, 509
132, 510
131, 511
131, 512
131, 513
131, 514
131, 515
131, 516
131, 517
131, 518
130, 519
130, 520
130, 521
130, 522
130, 523
130, 524
130, 525
130, 526
129, 527
129, 528
129, 529
129, 530
129, 531
129, 532
129, 533
129, 534
129, 535
128, 536
128, 537
128, 538
128, 539
128, 540
128, 541
128, 542
127, 543
127, 544
127, 545
127, 546
127, 547
127, 548
127, 549
127, 550
127, 551
127, 552
126, 553
126, 554
126, 555
126, 556
126, 557
126, 558
125, 559
125, 560
125, 561
125, 562
125, 563
125, 564
125, 565
125, 566
125, 567
124, 568
124, 569
124, 570
124, 571
124, 572
124, 573
124, 574
124, 575
124, 576
123, 577
123, 578
123, 579
123, 580
123, 581
123, 582
123, 583
123, 584
122, 585
122, 586
122, 587
122, 588
122, 589
122, 590
122, 591
122, 592
121, 593
121, 594
121, 595
121, 596
121, 597
121, 598
121, 599
121, 600
120, 601
120, 602
120, 603
120, 604
120, 605
120, 606
120, 607
120, 608
119, 609
119, 610
119, 611
119, 612
119, 613
119, 614
119, 615
119, 616
119, 617
118, 618
118, 619
118, 620
118, 621
118, 622
118, 623
118, 624
118, 625
118, 626
117, 627
117, 628
117, 629
117, 630
117, 631
117, 632
117, 633
117, 634
117, 635
117, 636
117, 637
117, 638
116, 639
116, 640
116, 641
116, 642
116, 643
116, 644
116, 645
116, 646
116, 647
116, 648
116, 649
115, 650
115, 651
115, 652
115, 653
115, 654
115, 655
115, 656
115, 657
115, 658
115, 659
115, 660
115, 661
115, 662
115, 663
115, 664
115, 665
115, 666
115, 667
115, 668
115, 669
115, 670
114, 671
114, 672
114, 673
114, 674
114, 675
114, 676
114, 677
114, 678
114, 679
114, 680
114, 681
114, 682
114, 683
114, 684
114, 685
114, 686
114, 687
114, 688
114, 689
114, 690
114, 691
114, 692
114, 693
114, 694
114, 695
114, 696
114, 697
114, 698
114, 699
114, 700
114, 701
114, 702
114, 703
114, 704
114, 705
114, 706
114, 707
114, 708
114, 709
114, 710
114, 711
114, 712
114, 713
114, 714
114, 715
114, 716
114, 717
114, 718
114, 719
114, 720
114, 721
114, 722
114, 723
114, 724
115, 725
115, 726
115, 727
115, 728
115, 729
115, 730
115, 731
115, 732
115, 733
115, 734
115, 735
115, 736
115, 737
115, 738
115, 739
115, 740
115, 741
115, 742
116, 743
116, 744
116, 745
116, 746
116, 747
116, 748
116, 749
116, 750
116, 751
116, 752
116, 753
116, 754
117, 755
117, 756
117, 757
117, 758
117, 759
117, 760
117, 761
117, 762
117, 763
117, 764
117, 765
117, 766
117, 767
117, 768
117, 769
117, 770
117, 771
118, 772
118, 773
118, 774
118, 775
117, 776
117, 777
117, 778
117, 779
117, 780
117, 781
117, 782
117, 783
117, 784
117, 785
116, 786
116, 787
116, 788
115, 789
115, 790
114, 791
114, 792
114, 793
113, 794
112, 795
112, 796
111, 797
110, 798
109, 799
109, 800
108, 801
107, 802
106, 803
105, 804
104, 805
103, 806
102, 807
101, 808
100, 808
99, 809
98, 809
97, 810
96, 810
95, 810
94, 810
93, 809
92, 809
91, 808
90, 807
89, 807
88, 806
88, 805
87, 804
86, 803
86, 802
85, 801
84, 800
83, 799
82, 798
81, 797
81, 796
80, 795
79, 794
79, 793
78, 792
78, 791
77, 790
77, 789
76, 788
76, 787
76, 786
75, 785
75, 784
75, 783
75, 782
74, 781
74, 780
74, 779
74, 778
73, 777
73, 776
73, 775
73, 774
73, 773
72, 772
72, 771
72, 770
72, 769
72, 768
72, 767
72, 766
72, 765
71, 764
71, 763
71, 762
71, 761
71, 760
71, 759
71, 758
70, 757
70, 756
70, 755
70, 754
70, 753
70, 752
70, 751
70, 750
70, 749
70, 748
69, 747
69, 746
69, 745
69, 744
69, 743
69, 742
69, 741
69, 740
69, 739
69, 738
69, 737
68, 736
68, 735
68, 734
68, 733
68, 732
68, 731
68, 730
68, 729
68, 728
68, 727
68, 726
68, 725
68, 724
68, 723
68, 722
68, 721
68, 720
68, 719
68, 718
68, 717
67, 716
67, 715
67, 714
67, 713
67, 712
67, 711
67, 710
67, 709
67, 708
67, 707
67, 706
67, 705
67, 704
67, 703
67, 702
67, 701
67, 700
67, 699
67, 698
67, 697
67, 696
67, 695
67, 694
67, 693
67, 692
67, 691
67, 690
67, 689
67, 688
67, 687
67, 686
67, 685
67, 684
67, 683
67, 682
67, 681
67, 680
67, 679
67, 678
67, 677
67, 676
67, 675
67, 674
67, 673
67, 672
67, 671
67, 670
67, 669
67, 668
67, 667
67, 666
67, 665
67, 664
67, 663
67, 662
67, 661
67, 660
67, 659
67, 658
67, 657
67, 656
