116, 617
116, 616
116, 615
116, 614
116, 613
116, 612
116, 611
117, 610
117, 609
117, 608
117, 607
117, 606
117, 605
117, 604
117, 603
118, 602
118, 601
118, 600
118, 599
118, 598
119, 597
119, 596
119, 595
119, 594
119, 593
119, 592
120, 591
120, 590
120, 589
121, 588
121, 587
121, 586
121, 585
122, 584
122, 583
122, 582
122, 581
123, 580
123, 579
123, 578
123, 577
124, 576
124, 575
124, 574
125, 573
125, 572
125, 571
126, 570
126, 569
126, 568
127, 567
127, 566
127, 565
128, 564
128, 563
129, 562
129, 561
129, 560
130, 559
130, 558
131, 557
131, 556
131, 555
132, 554
132, 553
133, 552
133, 551
134, 550
134, 549
135, 548
135, 547
136, 546
136, 545
137, 544
137, 543
138, 542
138, 541
139, 540
139, 539
139, 538
140, 537
141, 536
141, 535
142, 534
142, 533
143, 532
143, 531
144, 530
145, 529
145, 528
145, 527
146, 526
147, 525
147, 524
148, 523
149, 522
149, 521
150, 520
150, 519
151, 518
151, 517
152, 516
153, 515
153, 514
154, 513
154, 512
155, 511
156, 510
156, 509
157, 508
158, 507
159, 506
159, 505
160, 504
160, 503
161, 502
162, 501
162, 500
163, 499
164, 498
164, 497
165, 496
166, 495
167, 494
167, 493
168, 492
169, 491
169, 490
170, 489
171, 488
171, 487
172, 486
172, 485
173, 484
174, 483
175, 482
175, 481
176, 480
176, 479
177, 478
178, 477
178, 476
179, 475
180, 474
180, 473
181, 472
182, 471
182, 470
183, 469
184, 468
185, 467
185, 466
186, 465
186, 464
187, 463
188, 462
189, 461
189, 460
190, 459
191, 458
191, 457
192, 456
193, 455
193, 454
194, 453
194, 452
195, 451
196, 450
196, 449
197, 448
198, 447
198, 446
199, 445
200, 444
200, 443
201, 442
202, 441
202, 440
203, 439
203, 438
204, 437
205, 436
205, 435
206, 434
206, 433
207, 432
207, 431
208, 430
209, 429
209, 428
210, 427
211, 426
211, 425
212, 424
212, 423
213, 422
213, 421
214, 420
214, 419
215, 418
215, 417
216, 416
216, 415
217, 414
217, 413
218, 412
218, 411
219, 410
219, 409
219, 408
220, 407
220, 406
221, 405
221, 404
222, 403
222, 402
223, 401
223, 400
224, 399
224, 398
225, 397
225, 396
226, 395
226, 394
227, 393
227, 392
227, 391
228, 390
228, 389
229, 388
229, 387
230, 386
230, 385
230, 384
231, 383
231, 382
232, 381
232, 380
233, 379
234, 378
235, 377
236, 376
236, 375
236, 374
236, 373
237, 372
237, 371
237, 370
237, 369
237, 368
237, 367
238, 366
238, 365
238, 364
238, 363
238, 362
239, 361
239, 360
239, 359
239, 358
240, 357
240, 356
240, 355
240, 354
241, 353
241, 352
241, 351
241, 350
241, 349
241, 348
241, 347
241, 346
241, 345
242, 344
242, 343
242, 342
242, 341
242, 340
242, 339
242, 338
243, 337
243, 336
243, 335
243, 334
243, 333
243, 332
243, 331
243, 330
244, 329
244, 328
244, 327
244, 326
244, 325
244, 324
245, 323
245, 322
245, 321
245, 320
245, 319
245, 318
245, 317
246, 316
246, 315
246, 314
246, 313
247, 312
247, 311
247, 310
248, 309
248, 308
249, 307
250, 306
250, 305
251, 304
251, 303
252, 302
252, 301
253, 300
254, 299
254, 298
254, 297
255, 296
255, 295
256, 294
256, 293
257, 292
257, 291
257, 290
258, 289
258, 288
259, 287
259, 286
259, 285
259, 284
260, 283
260, 282
261, 281
261, 280
261, 279
261, 278
262, 277
262, 276
263, 275
263, 274
263, 273
263, 272
263, 271
264, 270
264, 269
265, 268
265, 267
265, 266
265, 265
265, 264
266, 263
266, 262
266, 261
267, 260
267, 259
267, 258
267, 257
267, 256
268, 255
268, 254
268, 253
269, 252
269, 251
269, 250
269, 249
269, 248
270, 247
270, 246
271, 245
272, 245
273, 245
274, 244
274, 243
274, 242
274, 241
274, 240
274, 239
275, 238
275, 237
275, 236
275, 235
276, 234
276, 233
276, 232
276, 231
276, 230
276, 229
276, 228
276, 227
276, 226
276, 225
276, 224
276, 223
276, 222
276, 221
276, 220
276, 219
276, 218
275, 217
274, 216
274, 215
274, 214
274, 213
274, 212
273, 211
273, 210
273, 209
273, 208
272, 207
272, 206
271, 205
271, 204
270, 203
270, 202
269, 201
269, 200
268, 199
268, 198
267, 197
266, 196
266, 195
265, 194
264, 193
264, 192
263, 191
263, 190
263, 189
264, 188
265, 189
266, 189
267, 190
268, 190
268, 191
269, 192
270, 192
270, 193
271, 194
272, 195
273, 195
273, 196
273, 197
274, 198
275, 199
276, 199
277, 200
278, 201
279, 202
279, 203
280, 204
281, 204
281, 205
281, 206
282, 207
283, 208
283, 209
284, 210
285, 211
285, 212
286, 213
287, 214
287, 215
287, 216
287, 217
287, 218
288, 219
288, 220
288, 221
288, 222
288, 223
288, 224
289, 225
289, 226
289, 227
289, 228
289, 229
289, 230
289, 231
289, 232
290, 233
290, 234
290, 235
290, 236
290, 237
290, 238
290, 239
290, 240
291, 241
291, 242
291, 243
291, 244
291, 245
291, 246
291, 247
291, 248
292, 249
291, 250
291, 251
291, 252
292, 253
292, 254
292, 255
292, 256
292, 257
292, 258
292, 259
292, 260
292, 261
292, 262
292, 263
292, 264
292, 265
292, 266
292, 267
292, 268
292, 269
292, 270
292, 271
292, 272
292, 273
292, 274
292, 275
292, 276
292, 277
292, 278
292, 279
292, 280
292, 281
293, 282
293, 283
293, 284
293, 285
293, 286
293, 287
293, 288
293, 289
293, 290
293, 291
293, 292
294, 293
294, 294
294, 295
294, 296
294, 297
294, 298
294, 299
294, 300
295, 301
295, 302
295, 303
295, 304
296, 305
296, 306
296, 307
296, 308
297, 309
297, 310
297, 311
298, 312
298, 313
299, 314
299, 315
299, 316
299, 317
299, 318
299, 319
299, 320
299, 321
298, 322
298, 323
298, 324
298, 325
298, 326
299, 327
298, 328
298, 329
298, 330
298, 331
298, 332
298, 333
298, 334
298, 335
298, 336
298, 337
298, 338
298, 339
298, 340
298, 341
298, 342
297, 343
297, 344
297, 345
297, 346
297, 347
297, 348
297, 349
296, 350
296, 351
296, 352
296, 353
296, 354
296, 355
296, 356
296, 357
296, 358
296, 359
296, 360
295, 361
295, 362
295, 363
295, 364
295, 365
295, 366
295, 367
295, 368
295, 369
294, 370
294, 371
294, 372
294, 373
294, 374
294, 375
294, 376
294, 377
294, 378
294, 379
294, 380
294, 381
294, 382
294, 383
294, 384
295, 385
296, 385
296, 386
297, 387
298, 388
298, 389
298, 390
298, 391
298, 392
299, 393
299, 394
299, 395
299, 396
300, 397
300, 398
300, 399
300, 400
300, 401
301, 402
301, 403
302, 404
302, 405
302, 406
302, 407
302, 408
303, 409
303, 410
303, 411
304, 412
304, 413
304, 414
304, 415
304, 416
305, 417
305, 418
305, 419
305, 420
306, 421
306, 422
306, 423
306, 424
306, 425
307, 426
307, 427
307, 428
307, 429
308, 430
308, 431
308, 432
308, 433
308, 434
309, 435
309, 436
309, 437
310, 438
310, 439
310, 440
310, 441
310, 442
311, 443
311, 444
311, 445
312, 446
312, 447
312, 448
312, 449
313, 450
313, 451
313, 452
313, 453
314, 454
314, 455
314, 456
315, 457
315, 458
315, 459
316, 460
316, 461
316, 462
316, 463
317, 464
317, 465
318, 466
318, 467
318, 468
318, 469
319, 470
319, 471
320, 472
320, 473
320, 474
321, 475
321, 476
321, 477
322, 478
322, 479
322, 480
323, 481
323, 482
324, 483
324, 484
324, 485
324, 486
325, 487
325, 488
326, 489
326, 490
326, 491
326, 492
327, 493
327, 494
328, 495
328, 496
328, 497
328, 498
329, 499
329, 500
330, 501
330, 502
330, 503
331, 504
331, 505
331, 506
332, 507
332, 508
332, 509
333, 510
333, 511
334, 512
334, 513
334, 514
334, 515
335, 516
335, 517
335, 518
336, 519
336, 520
336, 521
337, 522
337, 523
337, 524
338, 525
338, 526
338, 527
339, 528
339, 529
340, 530
340, 531
340, 532
340, 533
341, 534
341, 535
342, 536
342, 537
342, 538
342, 539
342, 540
343, 541
343, 542
344, 543
344, 544
344, 545
344, 546
344, 547
345, 548
345, 549
346, 550
346, 551
346, 552
346, 553
346, 554
347, 555
347, 556
347, 557
348, 558
348, 559
348, 560
348, 561
348, 562
349, 563
349, 564
349, 565
350, 566
350, 567
350, 568
350, 569
350, 570
350, 571
350, 572
351, 573
351, 574
351, 575
352, 576
352, 577
352, 578
352, 579
352, 580
352, 581
352, 582
352, 583
352, 584
352, 585
353, 586
353, 587
353, 588
353, 589
353, 590
353, 591
353, 592
353, 593
353, 594
353, 595
354, 596
354, 597
354, 598
354, 599
354, 600
354, 601
354, 602
354, 603
354, 604
354, 605
354, 606
354, 607
354, 608
354, 609
354, 610
354, 611
354, 612
354, 613
354, 614
354, 615
354, 616
354, 617
354, 618
354, 619
354, 620
354, 621
353, 622
353, 623
353, 624
353, 625
353, 626
353, 627
353, 628
352, 629
352, 630
352, 631
352, 632
352, 633
352, 634
352, 635
352, 636
352, 637
352, 638
351, 639
351, 640
351, 641
351, 642
351, 643
350, 644
350, 645
350, 646
350, 647
350, 648
350, 649
349, 650
349, 651
349, 652
348, 653
348, 654
348, 655
348, 656
347, 657
347, 658
347, 659
346, 660
346, 661
346, 662
346, 663
346, 664
345, 665
345, 666
345, 667
344, 668
344, 669
344, 670
343, 671
343, 672
343, 673
342, 674
342, 675
341, 676
341, 677
341, 678
340, 679
340, 680
340, 681
339, 682
339, 683
338, 684
338, 685
338, 686
337, 687
337, 688
336, 689
336, 690
335, 691
335, 692
334, 693
334, 694
333, 695
333, 696
332, 697
332, 698
331, 699
331, 700
330, 701
330, 702
329, 703
329, 704
328, 705
327, 706
327, 707
326, 708
326, 709
325, 710
325, 711
324, 712
324, 713
323, 714
323, 715
322, 716
322, 717
321, 718
320, 719
320, 720
320, 721
320, 722
319, 723
319, 724
318, 725
317, 726
317, 727
316, 727
315, 728
314, 729
313, 729
312, 729
311, 730
310, 730
309, 730
308, 730
307, 730
306, 730
305, 730
304, 730
303, 729
302, 729
301, 729
300, 728
299, 727
298, 727
298, 726
297, 725
297, 724
297, 723
296, 722
296, 721
295, 720
295, 719
295, 718
295, 717
295, 716
295, 715
295, 714
295, 713
295, 712
296, 711
296, 710
296, 709
296, 708
296, 707
297, 706
297, 705
297, 704
298, 703
298, 702
298, 701
299, 700
299, 699
299, 698
300, 697
300, 696
301, 695
301, 694
301, 693
302, 692
302, 691
303, 690
303, 689
304, 688
304, 687
305, 686
305, 685
305, 684
306, 683
306, 682
307, 681
307, 680
307, 679
308, 678
308, 677
309, 676
309, 675
309, 674
310, 673
310, 672
311, 671
311, 670
311, 669
312, 668
312, 667
312, 666
313, 665
313, 664
313, 663
314, 662
314, 661
314, 660
315, 659
315, 658
315, 657
316, 656
316, 655
316, 654
317, 653
317, 652
317, 651
317, 650
317, 649
318, 648
318, 647
318, 646
319, 645
319, 644
319, 643
319, 642
319, 641
319, 640
319, 639
320, 638
320, 637
320, 636
320, 635
320, 634
321, 633
321, 632
321, 631
321, 630
321, 629
321, 628
321, 627
321, 626
321, 625
321, 624
321, 623
321, 622
321, 621
322, 620
322, 619
322, 618
322, 617
322, 616
322, 615
322, 614
322, 613
322, 612
322, 611
322, 610
322, 609
322, 608
322, 607
322, 606
322, 605
322, 604
322, 603
322, 602
321, 601
321, 600
321, 599
321, 598
321, 597
321, 596
321, 595
321, 594
321, 593
321, 592
321, 591
321, 590
321, 589
321, 588
320, 587
320, 586
320, 585
320, 584
320, 583
320, 582
320, 581
319, 580
319, 579
319, 578
319, 577
319, 576
318, 575
318, 574
318, 573
318, 572
317, 571
317, 570
317, 569
317, 568
317, 567
316, 566
316, 565
316, 564
315, 563
315, 562
315, 561
315, 560
314, 559
314, 558
314, 557
313, 556
313, 555
313, 554
313, 553
312, 552
312, 551
312, 550
312, 549
311, 548
311, 547
311, 546
310, 545
310, 544
310, 543
309, 542
309, 541
309, 540
308, 539
308, 538
308, 537
307, 536
307, 535
307, 534
306, 533
306, 532
306, 531
305, 530
305, 529
304, 528
304, 527
304, 526
303, 525
303, 524
303, 523
302, 522
302, 521
302, 520
301, 519
301, 518
301, 517
300, 516
300, 515
300, 514
299, 513
299, 512
299, 511
298, 510
298, 509
298, 508
297, 507
297, 506
297, 505
297, 504
296, 503
296, 502
296, 501
295, 500
295, 499
295, 498
294, 497
294, 496
294, 495
293, 494
293, 493
293, 492
292, 491
292, 490
292, 489
292, 488
291, 487
291, 486
291, 485
290, 484
290, 483
290, 482
289, 481
289, 480
289, 479
288, 478
288, 477
288, 476
287, 475
287, 474
287, 473
287, 472
286, 471
286, 470
286, 469
285, 468
285, 467
285, 466
284, 465
284, 464
284, 463
283, 462
283, 461
283, 460
283, 459
282, 458
282, 457
282, 456
281, 455
281, 454
281, 453
281, 452
280, 451
280, 450
280, 449
280, 448
279, 447
279, 446
279, 445
278, 444
278, 443
278, 442
278, 441
277, 440
277, 439
277, 438
277, 437
276, 436
276, 435
276, 434
276, 433
275, 432
275, 431
275, 430
275, 429
274, 428
274, 427
274, 426
274, 425
273, 424
273, 423
273, 422
273, 421
272, 420
272, 419
272, 418
271, 417
271, 416
271, 415
271, 414
270, 413
269, 412
268, 412
267, 412
266, 413
266, 414
265, 415
265, 416
265, 417
264, 418
263, 419
262, 419
262, 418
261, 417
260, 416
260, 415
259, 414
258, 414
257, 414
256, 415
256, 416
255, 417
254, 418
254, 419
253, 420
253, 421
252, 422
252, 423
251, 424
250, 425
250, 426
249, 427
249, 428
248, 429
248, 430
247, 431
247, 432
246, 433
245, 434
245, 435
244, 436
244, 437
243, 438
242, 439
242, 440
241, 441
241, 442
240, 443
240, 444
239, 445
238, 446
238, 447
237, 448
236, 449
236, 450
235, 451
234, 452
234, 453
233, 454
233, 455
232, 456
232, 457
231, 458
230, 459
230, 460
229, 461
229, 462
228, 463
227, 464
226, 465
226, 466
225, 467
225, 468
224, 469
223, 470
223, 471
222, 472
222, 473
221, 474
220, 475
220, 476
219, 477
219, 478
218, 479
217, 480
216, 481
216, 482
215, 483
215, 484
214, 485
213, 486
213, 487
212, 488
212, 489
211, 490
210, 491
210, 492
209, 493
208, 494
208, 495
207, 496
207, 497
206, 498
205, 499
205, 500
204, 501
203, 502
203, 503
202, 504
202, 505
201, 506
200, 507
200, 508
199, 509
198, 510
198, 511
197, 512
197, 513
196, 514
195, 515
195, 516
194, 517
193, 518
193, 519
192, 520
191, 521
191, 522
190, 523
190, 524
189, 525
188, 526
187, 527
186, 528
186, 529
185, 530
184, 531
184, 532
183, 533
182, 534
182, 535
181, 536
180, 537
180, 538
179, 539
178, 540
178, 541
177, 542
177, 543
176, 544
175, 545
175, 546
174, 547
174, 548
173, 549
172, 550
172, 551
171, 552
171, 553
170, 554
170, 555
169, 556
168, 557
168, 558
167, 559
167, 560
166, 561
166, 562
165, 563
165, 564
164, 565
164, 566
163, 567
163, 568
163, 569
162, 570
162, 571
161, 572
161, 573
160, 574
160, 575
160, 576
159, 577
159, 578
158, 579
158, 580
158, 581
157, 582
157, 583
157, 584
156, 585
156, 586
156, 587
155, 588
155, 589
154, 590
154, 591
154, 592
154, 593
154, 594
153, 595
153, 596
153, 597
152, 598
152, 599
152, 600
152, 601
151, 602
151, 603
151, 604
151, 605
150, 606
150, 607
150, 608
150, 609
150, 610
150, 611
149, 612
149, 613
149, 614
149, 615
149, 616
149, 617
148, 618
148, 619
148, 620
148, 621
148, 622
148, 623
148, 624
148, 625
148, 626
148, 627
148, 628
148, 629
148, 630
147, 631
147, 632
147, 633
147, 634
147, 635
147, 636
147, 637
147, 638
147, 639
147, 640
147, 641
147, 642
147, 643
147, 644
147, 645
147, 646
147, 647
148, 648
148, 649
148, 650
148, 651
148, 652
148, 653
148, 654
148, 655
148, 656
148, 657
148, 658
148, 659
148, 660
148, 661
148, 662
149, 663
149, 664
149, 665
149, 666
149, 667
149, 668
150, 669
150, 670
150, 671
150, 672
150, 673
150, 674
150, 675
150, 676
151, 677
151, 678
151, 679
151, 680
151, 681
152, 682
152, 683
152, 684
152, 685
152, 686
152, 687
152, 688
152, 689
152, 690
152, 691
152, 692
152, 693
152, 694
152, 695
152, 696
152, 697
152, 698
152, 699
152, 700
152, 701
152, 702
151, 703
151, 704
150, 705
150, 706
149, 707
149, 708
148, 709
148, 710
147, 711
146, 712
145, 713
144, 713
143, 714
142, 714
141, 714
140, 714
139, 714
138, 714
137, 714
136, 713
135, 713
134, 713
133, 712
132, 712
131, 712
130, 711
129, 710
128, 709
127, 708
127, 707
126, 706
126, 705
126, 704
125, 703
126, 702
126, 701
126, 700
126, 699
126, 698
125, 697
125, 696
125, 695
125, 694
124, 693
124, 692
124, 691
123, 690
123, 689
123, 688
123, 687
123, 686
122, 685
122, 684
122, 683
121, 682
121, 681
121, 680
121, 679
120, 678
120, 677
120, 676
120, 675
120, 674
119, 673
119, 672
119, 671
119, 670
119, 669
118, 668
118, 667
118, 666
118, 665
118, 664
118, 663
118, 662
117, 661
117, 660
117, 659
117, 658
117, 657
117, 656
116, 655
116, 654
116, 653
116, 652
116, 651
115, 650
115, 649
115, 648
115, 647
115, 646
115, 645
115, 644
115, 643
115, 642
115, 641
115, 640
115, 639
115, 638
115, 637
115, 636
115, 635
115, 634
115, 633
115, 632
115, 631
115, 630
115, 629
115, 628
115, 627
115, 626
115, 625
115, 624
115, 623
115, 622
115, 621
115, 620
115, 619
115, 618
