108, 365
109, 364
109, 363
110, 362
111, 362
112, 361
113, 360
114, 359
115, 358
115, 357
116, 356
117, 356
118, 355
119, 355
120, 354
121, 354
122, 354
123, 353
124, 353
125, 353
126, 353
127, 353
128, 352
129, 352
130, 352
131, 352
132, 351
133, 351
134, 351
135, 350
136, 350
137, 350
138, 350
139, 349
140, 349
141, 349
142, 349
143, 349
144, 348
145, 348
146, 348
147, 348
148, 347
149, 346
150, 345
150, 344
150, 343
149, 342
148, 341
147, 341
146, 341
145, 341
145, 340
145, 339
146, 338
147, 338
148, 337
149, 337
150, 337
151, 338
152, 338
153, 338
154, 338
155, 338
156, 338
157, 337
157, 336
157, 335
157, 334
157, 333
158, 332
158, 331
158, 330
157, 329
157, 328
157, 327
157, 326
158, 325
158, 324
158, 323
159, 322
160, 321
161, 320
161, 319
162, 318
162, 317
162, 316
162, 315
162, 314
162, 313
161, 312
161, 311
161, 310
161, 309
161, 308
161, 307
161, 306
162, 305
162, 304
162, 303
163, 302
163, 301
163, 300
164, 300
165, 299
165, 298
166, 298
167, 298
168, 297
168, 296
168, 295
168, 294
168, 293
168, 292
167, 291
167, 290
167, 289
167, 288
167, 287
167, 286
166, 285
166, 284
166, 283
165, 282
165, 281
165, 280
165, 279
164, 278
164, 277
164, 276
164, 275
164, 274
164, 273
164, 272
164, 271
164, 270
164, 269
164, 268
163, 267
163, 266
162, 265
162, 264
162, 263
162, 262
161, 261
161, 260
161, 259
161, 258
161, 257
161, 256
161, 255
161, 254
161, 253
161, 252
161, 251
161, 250
161, 249
160, 248
160, 247
160, 246
160, 245
160, 244
160, 243
160, 242
160, 241
160, 240
160, 239
159, 238
159, 237
159, 236
159, 235
159, 234
159, 233
159, 232
159, 231
158, 230
158, 229
158, 228
158, 227
158, 226
157, 225
158, 224
158, 223
158, 222
158, 221
157, 220
157, 219
157, 218
157, 217
157, 216
157, 215
157, 214
157, 213
157, 212
156, 211
156, 210
156, 209
156, 208
156, 207
156, 206
156, 205
155, 204
155, 203
155, 202
155, 201
155, 200
155, 199
155, 198
155, 197
155, 196
155, 195
154, 194
154, 193
154, 192
154, 191
154, 190
154, 189
154, 188
154, 187
154, 186
153, 185
153, 184
153, 183
153, 182
153, 181
153, 180
152, 179
152, 178
152, 177
153, 176
153, 175
153, 174
153, 173
153, 172
153, 171
153, 170
153, 169
153, 168
153, 167
154, 166
154, 165
154, 164
154, 163
154, 162
154, 161
154, 160
154, 159
154, 158
154, 157
154, 156
154, 155
154, 154
154, 153
154, 152
155, 151
155, 150
155, 149
155, 148
155, 147
155, 146
155, 145
155, 144
155, 143
155, 142
156, 141
156, 140
156, 139
156, 138
156, 137
156, 136
156, 135
156, 134
156, 133
156, 132
156, 131
156, 130
157, 129
157, 128
157, 127
157, 126
157, 125
157, 124
157, 123
157, 122
157, 121
157, 120
157, 119
157, 118
157, 117
157, 116
157, 115
157, 114
157, 113
157, 112
157, 111
158, 110
158, 109
158, 108
158, 107
158, 106
158, 105
158, 104
158, 103
158, 102
158, 101
159, 100
159, 99
159, 98
159, 97
159, 96
159, 95
159, 94
159, 93
159, 92
159, 91
159, 90
159, 89
159, 88
159, 87
160, 86
160, 85
160, 84
160, 83
160, 82
160, 81
160, 80
160, 79
160, 78
160, 77
160, 76
160, 75
160, 74
160, 73
161, 72
161, 71
161, 70
162, 69
162, 68
162, 67
162, 66
162, 65
163, 64
163, 63
163, 62
164, 62
165, 62
166, 62
167, 62
168, 63
169, 63
170, 63
171, 64
172, 64
173, 64
174, 63
174, 62
175, 62
176, 62
177, 62
178, 62
179, 62
180, 63
181, 64
182, 65
183, 66
183, 67
183, 68
184, 69
184, 70
184, 71
184, 72
185, 73
185, 74
186, 75
186, 76
187, 77
187, 78
188, 79
188, 80
188, 81
189, 82
190, 83
190, 84
190, 85
190, 86
190, 87
190, 88
191, 89
191, 90
192, 91
192, 92
193, 93
193, 94
193, 95
194, 96
195, 97
195, 98
195, 99
195, 100
196, 101
197, 102
197, 103
197, 104
197, 105
198, 106
199, 107
199, 108
199, 109
199, 110
200, 111
201, 112
201, 113
201, 114
201, 115
202, 116
203, 117
203, 118
203, 119
203, 120
204, 121
204, 122
204, 123
205, 124
205, 125
205, 126
206, 127
207, 128
207, 129
207, 130
208, 131
209, 132
209, 133
209, 134
209, 135
209, 136
210, 137
211, 138
211, 139
211, 140
211, 141
212, 142
213, 143
213, 144
213, 145
213, 146
213, 147
214, 148
215, 148
215, 149
215, 150
215, 151
215, 152
215, 153
215, 154
216, 155
217, 155
217, 156
217, 157
217, 158
217, 159
218, 160
219, 161
219, 162
219, 163
219, 164
219, 165
220, 166
221, 167
221, 168
221, 169
221, 170
221, 171
222, 172
223, 173
223, 174
223, 175
223, 176
223, 177
223, 178
224, 179
225, 180
225, 181
225, 182
225, 183
225, 184
225, 185
225, 186
226, 187
226, 188
227, 189
227, 190
227, 191
227, 192
227, 193
227, 194
227, 195
227, 196
227, 197
227, 198
227, 199
227, 200
227, 201
228, 202
229, 203
229, 204
229, 205
230, 206
231, 207
231, 208
231, 209
231, 210
231, 211
231, 212
231, 213
231, 214
231, 215
231, 216
232, 217
233, 218
233, 219
233, 220
233, 221
233, 222
233, 223
233, 224
233, 225
233, 226
233, 227
233, 228
234, 229
235, 230
235, 231
235, 232
235, 233
235, 234
235, 235
235, 236
235, 237
235, 238
235, 239
236, 240
237, 241
237, 242
237, 243
237, 244
237, 245
237, 246
237, 247
237, 248
237, 249
237, 250
237, 251
237, 252
238, 253
238, 254
239, 255
239, 256
239, 257
239, 258
239, 259
239, 260
239, 261
239, 262
239, 263
239, 264
240, 265
240, 266
241, 267
241, 268
241, 269
241, 270
241, 271
241, 272
241, 273
241, 274
241, 275
242, 276
242, 277
243, 278
243, 279
243, 280
243, 281
243, 282
243, 283
243, 284
243, 285
243, 286
243, 287
244, 288
244, 289
245, 290
245, 291
245, 292
245, 293
245, 294
245, 295
245, 296
245, 297
245, 298
245, 299
244, 300
244, 301
243, 302
243, 303
243, 304
243, 305
243, 306
243, 307
243, 308
243, 309
244, 310
244, 311
244, 312
244, 313
245, 314
246, 315
247, 316
248, 316
249, 316
250, 316
251, 316
252, 316
253, 316
254, 315
255, 315
256, 315
257, 315
258, 315
259, 315
260, 315
261, 315
262, 316
263, 317
264, 317
264, 318
264, 319
265, 320
265, 321
266, 322
266, 323
266, 324
267, 325
268, 326
268, 327
268, 328
268, 329
269, 330
270, 330
270, 331
270, 332
271, 333
272, 333
272, 334
273, 335
274, 336
275, 336
276, 337
277, 337
278, 338
279, 338
280, 338
280, 339
280, 340
280, 341
281, 342
282, 342
283, 342
284, 341
285, 341
286, 341
287, 341
288, 341
289, 341
290, 341
291, 341
292, 341
293, 341
294, 341
295, 341
296, 341
297, 341
298, 340
299, 340
300, 339
301, 339
302, 339
303, 339
304, 339
305, 339
306, 339
307, 339
308, 340
307, 341
306, 342
306, 343
306, 344
305, 345
304, 346
303, 347
302, 347
301, 347
300, 347
299, 347
298, 347
297, 347
296, 348
295, 348
294, 349
293, 349
292, 349
291, 349
290, 350
290, 351
289, 351
288, 351
287, 351
286, 351
285, 352
285, 353
285, 354
285, 355
286, 356
287, 356
288, 356
288, 357
289, 358
289, 359
289, 360
290, 361
289, 361
288, 362
287, 362
286, 363
286, 364
286, 365
286, 366
287, 367
286, 368
286, 369
285, 370
285, 371
285, 372
286, 373
287, 373
288, 374
289, 374
289, 375
288, 376
287, 376
286, 377
285, 378
285, 379
284, 380
284, 381
284, 382
285, 383
285, 384
285, 385
286, 386
286, 387
287, 388
287, 389
288, 390
289, 391
289, 392
290, 393
290, 394
290, 395
290, 396
291, 397
292, 398
293, 399
293, 400
294, 401
295, 402
295, 403
296, 404
296, 405
297, 406
298, 407
299, 408
299, 409
299, 410
300, 411
300, 412
301, 413
302, 414
302, 415
303, 416
303, 417
304, 418
305, 418
305, 419
305, 420
306, 421
307, 422
307, 423
308, 424
308, 425
309, 426
310, 427
310, 428
311, 429
311, 430
312, 431
312, 432
313, 433
313, 434
314, 435
315, 436
316, 437
316, 438
317, 439
318, 440
318, 441
319, 442
319, 443
319, 444
320, 445
320, 446
321, 447
321, 448
322, 449
322, 450
323, 451
323, 452
324, 453
325, 454
325, 455
325, 456
326, 457
326, 458
326, 459
327, 460
327, 461
328, 462
328, 463
328, 464
328, 465
329, 466
329, 467
329, 468
329, 469
330, 470
330, 471
330, 472
330, 473
331, 474
331, 475
331, 476
332, 477
332, 478
332, 479
332, 480
333, 481
333, 482
334, 483
334, 484
335, 485
335, 486
335, 487
336, 488
336, 489
337, 490
337, 491
337, 492
338, 493
338, 494
339, 495
339, 496
339, 497
339, 498
340, 499
340, 500
340, 501
341, 502
341, 503
341, 504
342, 505
342, 506
342, 507
342, 508
342, 509
342, 510
343, 511
343, 512
344, 513
344, 514
344, 515
345, 516
345, 517
345, 518
346, 519
346, 520
346, 521
346, 522
347, 523
347, 524
347, 525
348, 526
348, 527
348, 528
349, 529
349, 530
349, 531
350, 532
350, 533
350, 534
350, 535
351, 536
351, 537
351, 538
351, 539
352, 540
352, 541
352, 542
352, 543
352, 544
352, 545
352, 546
353, 547
353, 548
353, 549
353, 550
354, 551
354, 552
354, 553
354, 554
354, 555
354, 556
355, 557
355, 558
356, 559
356, 560
356, 561
356, 562
356, 563
356, 564
356, 565
357, 566
357, 567
358, 568
358, 569
358, 570
358, 571
358, 572
359, 573
359, 574
359, 575
359, 576
360, 577
360, 578
360, 579
360, 580
360, 581
360, 582
360, 583
360, 584
360, 585
360, 586
360, 587
360, 588
361, 589
361, 590
361, 591
362, 592
361, 593
361, 594
361, 595
362, 596
362, 597
362, 598
362, 599
362, 600
363, 601
363, 602
363, 603
363, 604
363, 605
363, 606
364, 607
364, 608
365, 609
365, 610
365, 611
366, 612
366, 613
366, 614
366, 615
366, 616
366, 617
366, 618
366, 619
367, 620
366, 621
366, 622
366, 623
367, 624
367, 625
367, 626
367, 627
368, 628
368, 629
368, 630
368, 631
368, 632
368, 633
368, 634
368, 635
369, 636
369, 637
369, 638
369, 639
370, 640
370, 641
370, 642
370, 643
370, 644
370, 645
370, 646
370, 647
370, 648
370, 649
370, 650
370, 651
370, 652
370, 653
370, 654
370, 655
370, 656
370, 657
370, 658
370, 659
371, 660
371, 661
372, 662
372, 663
371, 664
371, 665
371, 666
371, 667
371, 668
370, 669
370, 670
370, 671
370, 672
371, 673
371, 674
371, 675
371, 676
371, 677
371, 678
371, 679
371, 680
371, 681
371, 682
371, 683
371, 684
371, 685
371, 686
371, 687
371, 688
371, 689
371, 690
371, 691
370, 692
370, 693
370, 694
370, 695
370, 696
369, 697
369, 698
369, 699
368, 700
368, 701
368, 702
369, 703
369, 704
369, 705
369, 706
369, 707
368, 708
368, 709
368, 710
368, 711
367, 712
367, 713
367, 714
367, 715
366, 716
366, 717
366, 718
366, 719
365, 720
364, 721
364, 722
364, 723
363, 723
362, 724
362, 725
362, 726
361, 727
360, 728
359, 728
358, 729
357, 730
357, 731
356, 731
355, 731
354, 731
353, 732
352, 733
351, 733
350, 734
349, 734
348, 735
347, 735
346, 735
345, 735
344, 735
343, 735
342, 735
341, 735
340, 736
339, 737
338, 737
337, 736
336, 736
335, 736
334, 736
333, 735
332, 735
331, 735
330, 735
329, 735
328, 735
327, 735
326, 735
325, 735
324, 735
323, 735
323, 734
322, 733
321, 733
320, 732
319, 732
318, 732
318, 731
318, 730
318, 729
317, 728
316, 728
315, 728
316, 728
317, 727
318, 726
318, 725
318, 724
318, 723
317, 722
316, 722
315, 722
314, 723
313, 724
314, 723
314, 722
314, 721
313, 720
313, 719
313, 718
313, 717
314, 716
314, 715
314, 714
314, 713
314, 712
314, 711
314, 710
315, 709
315, 708
315, 707
316, 706
316, 705
316, 704
317, 703
318, 703
319, 703
320, 702
320, 701
321, 701
322, 700
322, 699
322, 698
321, 697
320, 697
319, 697
320, 697
321, 697
322, 696
322, 695
322, 694
322, 693
321, 692
320, 692
320, 691
319, 690
319, 689
319, 690
320, 691
321, 691
322, 691
323, 691
324, 690
324, 689
325, 689
326, 688
327, 688
328, 687
328, 686
328, 685
328, 684
329, 684
330, 683
330, 682
330, 681
330, 680
330, 679
330, 678
330, 677
330, 676
330, 675
330, 674
330, 673
330, 672
330, 671
330, 670
330, 669
330, 668
330, 667
330, 666
330, 665
330, 664
330, 663
330, 662
330, 661
330, 660
330, 659
330, 658
330, 657
329, 656
328, 656
328, 655
329, 655
330, 654
330, 653
330, 652
330, 651
330, 650
330, 649
330, 648
329, 647
328, 647
327, 647
326, 647
325, 647
324, 647
323, 647
322, 648
322, 647
322, 646
322, 645
322, 644
322, 643
322, 642
322, 641
322, 640
323, 639
323, 638
323, 637
323, 638
323, 639
324, 640
325, 640
326, 640
327, 640
328, 639
328, 638
328, 637
327, 636
326, 636
326, 635
326, 634
325, 633
324, 633
324, 632
325, 632
326, 631
326, 630
326, 629
326, 628
326, 627
326, 626
326, 625
325, 624
325, 623
324, 622
323, 622
322, 622
321, 622
321, 621
322, 620
322, 619
322, 618
323, 617
323, 616
324, 615
324, 614
324, 613
324, 612
323, 611
324, 610
324, 609
324, 608
324, 607
325, 606
325, 605
325, 604
324, 603
323, 602
322, 602
322, 601
322, 600
322, 599
322, 598
322, 597
321, 596
321, 595
321, 594
321, 593
320, 592
319, 592
318, 591
317, 590
316, 590
316, 589
316, 588
315, 587
315, 586
314, 585
313, 584
312, 583
312, 582
312, 581
311, 580
310, 579
310, 578
310, 577
310, 576
309, 575
308, 575
307, 575
306, 575
305, 575
305, 574
304, 573
303, 572
303, 571
303, 570
302, 569
302, 568
302, 567
302, 566
302, 565
301, 564
301, 563
300, 562
300, 561
299, 560
299, 559
298, 558
298, 557
298, 556
298, 555
297, 554
297, 553
297, 552
296, 551
296, 550
296, 549
295, 548
295, 547
294, 546
294, 545
294, 544
293, 543
293, 542
292, 541
292, 540
291, 539
291, 538
290, 537
290, 536
290, 535
290, 534
289, 533
289, 532
289, 531
289, 530
288, 529
288, 528
287, 527
286, 527
286, 526
286, 525
285, 524
284, 523
284, 522
284, 521
283, 520
283, 519
282, 518
281, 517
281, 516
281, 515
280, 514
280, 513
279, 512
279, 511
278, 510
278, 509
277, 508
277, 507
276, 506
276, 505
275, 504
275, 503
274, 502
274, 501
273, 500
273, 499
272, 498
271, 497
271, 496
270, 495
270, 494
269, 493
269, 492
268, 491
268, 490
267, 489
267, 488
266, 487
266, 486
265, 485
265, 484
265, 483
264, 482
263, 481
263, 480
262, 479
262, 478
262, 477
261, 476
260, 475
260, 474
259, 473
259, 472
258, 471
258, 470
257, 469
257, 468
256, 467
256, 466
255, 465
255, 464
254, 463
254, 462
254, 461
253, 460
253, 459
252, 458
252, 457
251, 456
251, 455
250, 454
250, 453
250, 452
249, 451
249, 450
248, 449
247, 448
247, 447
246, 446
246, 445
245, 444
244, 443
244, 442
244, 441
243, 440
242, 439
241, 438
241, 437
240, 436
240, 435
239, 434
238, 434
238, 433
237, 432
236, 432
235, 432
234, 432
233, 433
233, 434
232, 435
231, 435
230, 436
230, 437
230, 438
230, 439
230, 440
230, 441
230, 442
230, 443
230, 444
229, 445
229, 446
228, 447
227, 447
226, 448
226, 449
226, 450
226, 451
225, 451
224, 451
223, 452
222, 452
221, 451
220, 450
219, 450
218, 450
218, 449
217, 448
217, 447
217, 446
216, 445
215, 445
215, 444
214, 443
214, 442
214, 441
213, 440
212, 440
212, 439
211, 438
211, 437
211, 436
210, 435
209, 434
209, 433
209, 432
208, 431
207, 430
207, 429
207, 428
207, 427
206, 426
206, 425
205, 424
204, 424
203, 424
202, 424
201, 424
200, 425
200, 426
200, 427
199, 428
199, 429
199, 430
198, 431
198, 432
198, 433
197, 434
197, 435
197, 436
197, 437
197, 438
197, 439
197, 440
196, 441
195, 442
195, 443
195, 444
195, 445
195, 446
194, 447
194, 448
194, 449
194, 450
194, 451
193, 452
193, 453
193, 454
192, 455
192, 456
192, 457
192, 458
192, 459
192, 460
191, 461
191, 462
191, 463
191, 464
190, 465
190, 466
190, 467
190, 468
189, 469
189, 470
189, 471
189, 472
189, 473
188, 474
188, 475
188, 476
188, 477
188, 478
187, 479
187, 480
186, 481
186, 482
186, 483
186, 484
186, 485
186, 486
186, 487
185, 488
185, 489
185, 490
185, 491
184, 492
184, 493
184, 494
184, 495
184, 496
183, 497
183, 498
182, 499
182, 500
182, 501
182, 502
182, 503
182, 504
181, 505
181, 506
181, 507
181, 508
180, 509
180, 510
180, 511
180, 512
180, 513
180, 514
179, 515
179, 516
179, 517
179, 518
178, 519
178, 520
178, 521
178, 522
177, 523
177, 524
177, 525
178, 526
177, 527
177, 528
177, 529
176, 530
176, 531
176, 532
176, 533
176, 534
176, 535
176, 536
175, 537
175, 538
175, 539
175, 540
175, 541
174, 542
174, 543
174, 544
174, 545
174, 546
174, 547
174, 548
174, 549
174, 550
174, 551
174, 552
173, 553
173, 554
173, 555
173, 556
173, 557
173, 558
173, 559
173, 560
173, 561
173, 562
173, 563
173, 564
172, 565
172, 566
172, 567
172, 568
172, 569
172, 570
172, 571
172, 572
172, 573
172, 574
172, 575
172, 576
172, 577
172, 578
171, 579
171, 580
171, 581
171, 582
171, 583
171, 584
171, 585
171, 586
171, 587
171, 588
171, 589
171, 590
171, 591
171, 592
171, 593
171, 594
171, 595
171, 596
172, 597
172, 598
172, 599
172, 600
172, 601
172, 602
172, 603
172, 604
173, 605
173, 606
173, 607
173, 608
173, 609
173, 610
173, 611
173, 612
173, 613
173, 614
173, 615
173, 616
173, 617
173, 618
173, 619
173, 620
173, 621
174, 622
174, 623
174, 624
174, 625
174, 626
174, 627
175, 628
175, 629
175, 630
176, 631
176, 632
176, 633
176, 634
176, 635
176, 636
177, 637
177, 638
177, 639
177, 640
177, 641
178, 642
178, 643
178, 644
178, 645
179, 646
179, 647
179, 648
179, 649
180, 650
180, 651
180, 652
180, 653
181, 654
181, 655
181, 656
182, 657
182, 658
182, 659
183, 660
183, 661
183, 662
183, 663
184, 664
184, 665
185, 666
185, 667
185, 668
186, 669
186, 670
186, 671
186, 672
187, 673
187, 674
187, 675
187, 676
187, 677
187, 678
188, 679
189, 680
189, 681
189, 682
189, 683
190, 684
190, 685
191, 686
192, 687
192, 688
192, 689
192, 690
193, 691
193, 692
194, 693
194, 694
194, 695
195, 696
196, 697
196, 698
196, 699
197, 700
197, 701
197, 702
198, 703
198, 704
198, 705
199, 706
199, 707
200, 708
200, 709
200, 710
200, 711
200, 712
201, 713
201, 714
202, 715
202, 716
202, 717
202, 718
202, 719
202, 720
202, 721
202, 722
202, 723
202, 724
202, 725
202, 726
202, 727
202, 728
202, 729
201, 730
200, 731
200, 732
199, 733
198, 734
197, 735
196, 736
196, 737
195, 737
194, 737
193, 738
192, 739
191, 740
190, 740
189, 739
188, 739
187, 739
186, 739
185, 739
184, 739
183, 739
182, 739
181, 740
180, 740
179, 740
178, 740
177, 740
176, 740
175, 740
174, 740
173, 741
172, 742
171, 742
170, 742
169, 741
168, 741
167, 741
166, 741
165, 742
164, 742
163, 742
162, 742
161, 742
161, 741
160, 740
159, 740
158, 740
157, 739
156, 739
155, 738
154, 738
153, 737
152, 737
152, 736
151, 735
150, 735
149, 735
149, 734
148, 733
147, 732
147, 731
146, 730
145, 729
144, 729
143, 728
143, 727
142, 726
141, 725
141, 724
141, 723
141, 722
140, 721
140, 720
140, 719
140, 718
139, 717
138, 717
138, 716
138, 715
138, 714
137, 713
137, 712
136, 711
136, 710
136, 709
136, 708
135, 707
135, 706
135, 705
135, 704
135, 703
135, 702
135, 701
134, 700
133, 699
133, 698
133, 697
133, 696
133, 695
132, 694
132, 693
132, 692
132, 691
132, 690
132, 689
132, 688
132, 687
131, 686
131, 685
131, 684
131, 683
130, 682
131, 681
131, 680
131, 679
130, 678
129, 677
129, 676
129, 675
129, 674
129, 673
129, 672
129, 671
130, 670
130, 669
130, 668
129, 667
129, 666
129, 665
129, 664
129, 663
128, 662
127, 662
128, 662
129, 661
129, 660
129, 659
128, 658
128, 657
128, 656
128, 655
127, 654
128, 653
128, 652
128, 651
128, 650
128, 649
127, 648
127, 647
128, 646
128, 645
128, 644
127, 643
126, 643
126, 642
126, 641
126, 640
126, 639
127, 638
127, 637
127, 636
126, 635
126, 634
126, 635
127, 636
127, 637
127, 638
128, 639
128, 640
128, 641
128, 642
128, 643
129, 644
129, 645
129, 646
129, 647
129, 648
129, 649
130, 650
131, 650
131, 651
131, 652
132, 653
133, 654
132, 654
131, 655
131, 656
131, 657
132, 658
133, 658
134, 658
135, 659
136, 659
137, 659
138, 658
138, 657
138, 656
138, 655
137, 654
137, 653
136, 652
136, 651
136, 650
135, 649
134, 648
134, 647
134, 646
134, 645
134, 644
133, 643
133, 642
134, 642
134, 643
135, 644
136, 644
137, 644
138, 643
138, 642
138, 641
138, 640
138, 639
137, 638
136, 638
135, 638
134, 637
133, 637
132, 637
132, 636
132, 635
131, 634
131, 633
132, 633
132, 634
132, 635
133, 636
134, 636
135, 636
136, 635
136, 634
136, 633
136, 632
136, 631
136, 630
136, 629
135, 628
134, 628
133, 628
132, 629
132, 628
132, 627
131, 626
130, 626
130, 625
131, 625
132, 625
133, 625
134, 624
134, 623
134, 622
134, 621
134, 620
134, 619
134, 618
134, 617
133, 616
133, 615
133, 614
132, 613
132, 612
132, 611
132, 610
132, 609
132, 608
132, 607
132, 606
132, 605
132, 604
132, 603
132, 602
132, 601
132, 600
132, 599
132, 598
131, 597
131, 596
131, 595
131, 594
131, 593
131, 592
130, 591
129, 591
128, 591
127, 592
126, 592
125, 593
125, 594
125, 595
125, 596
125, 597
125, 598
125, 599
125, 600
125, 601
125, 602
125, 603
125, 604
125, 605
125, 606
126, 607
127, 607
128, 607
128, 608
127, 608
126, 608
125, 609
125, 610
125, 611
126, 612
126, 613
126, 614
126, 613
126, 612
125, 611
124, 611
123, 611
123, 610
123, 609
123, 608
123, 607
123, 606
123, 605
123, 604
123, 603
123, 602
122, 601
122, 600
121, 599
121, 598
122, 597
122, 596
122, 595
122, 594
123, 593
123, 592
123, 591
123, 590
123, 589
122, 588
121, 588
121, 587
121, 586
121, 585
122, 584
122, 583
122, 582
121, 581
121, 580
121, 579
120, 578
121, 577
121, 576
121, 575
121, 574
121, 573
121, 572
120, 571
121, 570
121, 569
122, 568
122, 567
122, 566
122, 565
121, 564
122, 563
122, 562
122, 561
121, 560
122, 559
122, 558
122, 557
122, 556
121, 555
122, 554
122, 553
122, 552
122, 551
122, 550
122, 549
122, 548
122, 547
122, 546
122, 545
122, 544
121, 543
120, 543
121, 543
122, 542
122, 541
122, 540
121, 539
121, 538
122, 537
122, 536
122, 535
122, 534
122, 533
121, 532
120, 532
120, 531
121, 530
122, 529
122, 528
122, 527
122, 526
122, 525
122, 524
122, 523
122, 522
121, 521
121, 520
121, 519
122, 518
122, 517
122, 516
121, 515
121, 514
121, 513
121, 512
121, 511
121, 510
121, 509
121, 508
122, 507
123, 507
124, 507
125, 507
126, 506
126, 505
126, 504
125, 503
124, 503
123, 503
122, 503
121, 502
122, 501
122, 500
122, 499
122, 498
122, 497
121, 496
122, 496
123, 495
123, 494
123, 493
122, 492
121, 492
121, 491
122, 490
122, 489
122, 488
121, 487
122, 486
122, 485
122, 484
122, 483
122, 482
122, 481
122, 480
122, 479
122, 478
123, 477
123, 476
123, 475
123, 474
124, 473
124, 472
125, 471
125, 470
125, 469
124, 468
125, 467
125, 466
126, 465
126, 464
126, 463
127, 462
127, 461
127, 460
128, 459
129, 458
129, 457
129, 456
129, 455
129, 454
130, 453
131, 452
131, 451
132, 450
133, 450
134, 450
135, 449
136, 448
136, 447
136, 446
136, 445
135, 444
134, 444
133, 443
133, 442
133, 441
134, 440
135, 439
136, 438
136, 437
136, 436
135, 435
136, 434
136, 433
137, 432
137, 431
138, 430
138, 429
138, 428
138, 427
139, 426
139, 425
139, 424
140, 423
140, 422
141, 421
141, 420
141, 419
141, 418
141, 417
141, 416
142, 415
142, 414
142, 413
142, 412
142, 411
143, 411
144, 410
144, 409
144, 408
143, 407
142, 407
143, 407
144, 406
144, 405
144, 404
143, 403
142, 403
141, 403
140, 403
139, 404
140, 403
141, 402
141, 401
141, 400
140, 399
139, 399
138, 399
139, 398
140, 397
140, 396
140, 395
140, 394
140, 393
140, 392
140, 391
140, 390
140, 389
140, 388
140, 387
140, 386
139, 385
138, 385
137, 385
136, 385
135, 386
134, 387
133, 388
132, 389
132, 390
132, 391
133, 392
133, 393
132, 392
131, 391
130, 391
129, 390
128, 389
127, 389
126, 388
125, 387
124, 387
123, 387
124, 387
125, 387
126, 386
126, 385
126, 384
125, 383
124, 383
124, 382
125, 383
126, 383
127, 383
128, 383
129, 382
129, 381
129, 380
129, 379
128, 378
127, 378
126, 377
125, 376
124, 376
123, 376
122, 375
121, 375
120, 374
119, 374
118, 373
117, 372
116, 372
115, 371
114, 370
113, 370
112, 369
111, 368
110, 368
109, 368
108, 367
107, 366
107, 365
