116, 734
116, 733
116, 732
116, 731
116, 730
116, 729
116, 728
116, 727
116, 726
116, 725
116, 724
116, 723
116, 722
116, 721
117, 720
117, 719
117, 718
117, 717
117, 716
117, 715
117, 714
118, 713
118, 712
118, 711
118, 710
118, 709
118, 708
118, 707
119, 706
119, 705
119, 704
119, 703
119, 702
120, 701
120, 700
120, 699
120, 698
120, 697
121, 696
121, 695
121, 694
121, 693
121, 692
122, 691
122, 690
122, 689
122, 688
123, 687
123, 686
123, 685
123, 684
123, 683
124, 682
124, 681
124, 680
124, 679
125, 678
125, 677
125, 676
126, 675
126, 674
126, 673
126, 672
126, 671
127, 670
127, 669
127, 668
128, 667
128, 666
128, 665
129, 664
129, 663
129, 662
130, 661
130, 660
130, 659
131, 658
131, 657
131, 656
132, 655
132, 654
132, 653
133, 652
133, 651
133, 650
134, 649
134, 648
134, 647
135, 646
135, 645
135, 644
136, 643
136, 642
136, 641
137, 640
137, 639
138, 638
138, 637
138, 636
139, 635
139, 634
140, 633
140, 632
140, 631
141, 630
141, 629
141, 628
142, 627
142, 626
142, 625
143, 624
143, 623
144, 622
144, 621
144, 620
145, 619
145, 618
146, 617
146, 616
146, 615
147, 614
147, 613
147, 612
148, 611
148, 610
149, 609
149, 608
149, 607
150, 606
150, 605
150, 604
151, 603
151, 602
152, 601
152, 600
152, 599
153, 598
153, 597
154, 596
154, 595
154, 594
155, 593
155, 592
155, 591
156, 590
156, 589
157, 588
157, 587
157, 586
158, 585
158, 584
159, 583
159, 582
160, 581
160, 580
160, 579
161, 578
161, 577
162, 576
162, 575
162, 574
163, 573
163, 572
164, 571
164, 570
164, 569
165, 568
165, 567
165, 566
166, 565
166, 564
167, 563
167, 562
168, 561
168, 560
168, 559
169, 558
169, 557
170, 556
170, 555
170, 554
171, 553
171, 552
172, 551
172, 550
172, 549
173, 548
173, 547
174, 546
174, 545
174, 544
175, 543
175, 542
176, 541
176, 540
176, 539
177, 538
177, 537
178, 536
178, 535
178, 534
179, 533
179, 532
180, 531
180, 530
180, 529
181, 528
181, 527
182, 526
182, 525
182, 524
183, 523
183, 522
184, 521
184, 520
184, 519
185, 518
185, 517
186, 516
186, 515
186, 514
187, 513
187, 512
187, 511
188, 510
188, 509
189, 508
189, 507
189, 506
190, 505
190, 504
190, 503
191, 502
191, 501
192, 500
192, 499
192, 498
193, 497
193, 496
193, 495
194, 494
194, 493
195, 492
195, 491
195, 490
196, 489
196, 488
196, 487
197, 486
197, 485
197, 484
198, 483
198, 482
199, 481
199, 480
199, 479
200, 478
200, 477
200, 476
201, 475
201, 474
201, 473
202, 472
202, 471
202, 470
203, 469
203, 468
203, 467
204, 466
204, 465
204, 464
205, 463
205, 462
205, 461
206, 460
206, 459
206, 458
207, 457
207, 456
207, 455
208, 454
208, 453
208, 452
208, 451
209, 450
209, 449
209, 448
210, 447
210, 446
210, 445
211, 444
212, 443
212, 442
213, 441
214, 440
214, 439
215, 438
216, 437
216, 436
216, 435
216, 434
216, 433
215, 432
215, 431
215, 430
215, 429
215, 428
215, 427
214, 426
214, 425
214, 424
214, 423
214, 422
214, 421
214, 420
214, 419
214, 418
214, 417
214, 416
214, 415
214, 414
214, 413
214, 412
214, 411
214, 410
214, 409
214, 408
214, 407
214, 406
214, 405
215, 404
215, 403
215, 402
215, 401
215, 400
215, 399
215, 398
215, 397
215, 396
215, 395
216, 394
216, 393
216, 392
216, 391
216, 390
216, 389
216, 388
216, 387
216, 386
216, 385
216, 384
216, 383
216, 382
216, 381
217, 380
217, 379
217, 378
217, 377
217, 376
217, 375
217, 374
217, 373
217, 372
217, 371
217, 370
217, 369
217, 368
217, 367
217, 366
217, 365
217, 364
218, 363
218, 362
218, 361
218, 360
218, 359
218, 358
218, 357
218, 356
218, 355
218, 354
219, 353
219, 352
219, 351
219, 350
219, 349
219, 348
219, 347
219, 346
219, 345
219, 344
219, 343
219, 342
219, 341
219, 340
219, 339
219, 338
219, 337
219, 336
220, 335
220, 334
220, 333
220, 332
220, 331
220, 330
220, 329
220, 328
221, 327
221, 326
221, 325
221, 324
221, 323
221, 322
221, 321
221, 320
221, 319
221, 318
221, 317
221, 316
221, 315
221, 314
222, 313
222, 312
222, 311
222, 310
222, 309
222, 308
222, 307
222, 306
223, 305
223, 304
223, 303
223, 302
223, 301
223, 300
223, 299
224, 298
224, 297
224, 296
225, 295
225, 294
225, 293
225, 292
225, 291
225, 290
225, 289
226, 288
226, 287
226, 286
227, 285
227, 284
227, 283
227, 282
228, 281
228, 280
228, 279
228, 278
228, 277
228, 276
228, 275
228, 274
228, 273
228, 272
229, 271
229, 270
229, 269
229, 268
229, 267
230, 266
230, 265
230, 264
231, 263
231, 262
231, 261
231, 260
231, 259
231, 258
231, 257
232, 256
232, 255
232, 254
232, 253
232, 252
232, 251
233, 250
233, 249
233, 248
232, 247
233, 246
234, 245
234, 244
235, 243
235, 242
235, 241
235, 240
234, 239
234, 238
234, 237
235, 236
235, 235
235, 234
235, 233
235, 232
235, 231
236, 230
236, 229
236, 228
237, 227
237, 226
237, 225
237, 224
238, 223
238, 222
238, 221
238, 220
238, 219
238, 218
238, 217
238, 216
239, 215
239, 214
239, 213
239, 212
239, 211
239, 210
239, 209
239, 208
240, 207
240, 206
240, 205
240, 204
240, 203
241, 202
241, 201
241, 200
241, 199
241, 198
242, 197
242, 196
243, 195
243, 194
243, 193
243, 192
244, 191
245, 190
245, 189
245, 188
245, 187
245, 186
245, 185
245, 184
245, 183
245, 182
246, 181
247, 180
247, 179
247, 178
247, 177
247, 176
248, 175
248, 174
248, 173
248, 172
248, 171
248, 170
248, 169
248, 168
248, 167
249, 166
249, 165
249, 164
249, 163
249, 162
250, 161
250, 160
250, 159
250, 158
251, 157
251, 156
251, 155
251, 154
252, 153
252, 152
252, 151
252, 150
253, 151
253, 152
253, 153
253, 154
253, 155
253, 156
253, 157
252, 158
252, 159
252, 160
253, 161
254, 162
253, 162
252, 163
252, 164
252, 165
252, 166
252, 167
252, 168
252, 169
252, 170
253, 171
254, 172
254, 173
254, 174
254, 175
255, 176
256, 176
257, 176
258, 175
258, 174
258, 173
258, 172
258, 171
258, 170
258, 169
258, 168
258, 167
258, 166
258, 165
257, 164
256, 164
256, 163
257, 163
258, 162
259, 161
259, 160
259, 159
259, 158
259, 157
259, 156
259, 155
259, 154
259, 153
259, 152
259, 151
258, 150
259, 150
260, 149
261, 148
261, 147
261, 146
261, 145
261, 144
260, 143
260, 142
260, 141
261, 140
261, 139
261, 138
261, 137
260, 136
259, 136
258, 136
257, 136
256, 136
255, 136
255, 135
255, 134
254, 133
254, 132
254, 131
254, 130
255, 129
255, 128
255, 127
255, 126
256, 125
257, 124
257, 123
257, 122
257, 121
258, 120
258, 119
258, 118
259, 117
259, 116
259, 115
258, 114
259, 113
259, 112
259, 111
259, 110
259, 109
259, 108
259, 107
259, 106
260, 106
260, 107
260, 108
260, 109
261, 110
262, 110
263, 110
264, 109
264, 108
264, 107
264, 106
264, 105
263, 104
262, 104
261, 104
261, 103
261, 102
261, 101
261, 100
261, 99
261, 98
261, 97
261, 96
261, 95
261, 94
261, 93
261, 92
261, 91
262, 90
262, 89
262, 88
262, 87
263, 86
263, 85
263, 84
263, 83
263, 82
263, 81
263, 80
264, 79
264, 78
264, 77
264, 76
264, 75
265, 74
265, 73
265, 72
265, 71
265, 70
265, 69
266, 68
266, 67
266, 66
266, 65
266, 64
267, 63
267, 62
267, 61
267, 60
267, 59
267, 58
267, 57
268, 56
268, 55
268, 54
268, 53
268, 52
268, 51
269, 50
269, 49
269, 48
270, 48
271, 48
272, 48
273, 48
274, 48
275, 48
276, 47
277, 48
278, 48
279, 48
280, 48
281, 48
282, 49
283, 49
284, 49
285, 50
285, 51
285, 52
285, 53
285, 54
285, 55
285, 56
285, 57
285, 58
285, 59
285, 60
285, 61
285, 62
285, 63
285, 64
286, 65
286, 66
286, 67
286, 68
287, 69
287, 70
287, 71
287, 72
287, 73
287, 74
287, 75
287, 76
287, 77
287, 78
287, 79
287, 80
287, 81
287, 82
287, 83
287, 84
287, 85
287, 86
287, 87
288, 88
288, 89
289, 90
289, 91
289, 92
289, 93
289, 94
289, 95
289, 96
289, 97
289, 98
289, 99
289, 100
289, 101
289, 102
289, 103
289, 104
289, 105
289, 106
289, 107
289, 108
289, 109
289, 110
289, 111
289, 112
290, 113
290, 114
290, 115
290, 116
290, 117
291, 118
291, 119
291, 120
291, 121
291, 122
291, 123
291, 124
291, 125
291, 126
291, 127
291, 128
291, 129
291, 130
291, 131
291, 132
291, 133
291, 134
291, 135
291, 136
291, 137
292, 138
292, 139
292, 140
292, 141
292, 142
292, 143
292, 144
292, 145
292, 146
292, 147
292, 148
292, 149
293, 150
293, 151
293, 152
293, 153
293, 154
293, 155
293, 156
293, 157
293, 158
293, 159
293, 160
293, 161
293, 162
293, 163
293, 164
293, 165
293, 166
293, 167
293, 168
293, 169
293, 170
293, 171
293, 172
293, 173
293, 174
293, 175
293, 176
293, 177
294, 178
294, 179
294, 180
294, 181
294, 182
294, 183
294, 184
294, 185
294, 186
294, 187
294, 188
294, 189
294, 190
294, 191
294, 192
294, 193
294, 194
294, 195
294, 196
294, 197
294, 198
294, 199
295, 200
295, 201
295, 202
295, 203
295, 204
295, 205
295, 206
295, 207
295, 208
295, 209
295, 210
296, 211
296, 212
296, 213
296, 214
295, 215
295, 216
295, 217
295, 218
295, 219
295, 220
296, 221
296, 222
296, 223
296, 224
296, 225
296, 226
296, 227
296, 228
296, 229
296, 230
296, 231
296, 232
296, 233
296, 234
296, 235
296, 236
296, 237
296, 238
296, 239
296, 240
296, 241
296, 242
296, 243
296, 244
296, 245
296, 246
296, 247
296, 248
296, 249
296, 250
296, 251
297, 252
297, 253
297, 254
297, 255
297, 256
297, 257
297, 258
297, 259
297, 260
297, 261
297, 262
297, 263
297, 264
297, 265
297, 266
297, 267
297, 268
297, 269
297, 270
297, 271
297, 272
297, 273
297, 274
297, 275
297, 276
297, 277
297, 278
297, 279
297, 280
297, 281
297, 282
297, 283
297, 284
297, 285
297, 286
297, 287
297, 288
297, 289
297, 290
297, 291
297, 292
297, 293
297, 294
297, 295
297, 296
297, 297
297, 298
297, 299
297, 300
297, 301
297, 302
297, 303
297, 304
298, 305
298, 306
297, 307
297, 308
297, 309
297, 310
297, 311
297, 312
297, 313
297, 314
297, 315
297, 316
297, 317
297, 318
297, 319
297, 320
297, 321
297, 322
297, 323
297, 324
297, 325
297, 326
297, 327
297, 328
296, 329
296, 330
296, 331
296, 332
296, 333
296, 334
296, 335
296, 336
296, 337
296, 338
295, 339
295, 340
295, 341
295, 342
295, 343
295, 344
295, 345
295, 346
295, 347
295, 348
295, 349
295, 350
295, 351
295, 352
295, 353
295, 354
295, 355
295, 356
295, 357
295, 358
295, 359
295, 360
294, 361
294, 362
294, 363
294, 364
293, 365
293, 366
293, 367
293, 368
293, 369
294, 370
293, 371
293, 372
293, 373
293, 374
293, 375
293, 376
293, 377
293, 378
293, 379
293, 380
293, 381
293, 382
293, 383
293, 384
293, 385
293, 386
293, 387
293, 388
293, 389
293, 390
293, 391
292, 392
292, 393
292, 394
292, 395
292, 396
292, 397
291, 398
291, 399
291, 400
291, 401
291, 402
291, 403
291, 404
291, 405
291, 406
291, 407
291, 408
291, 409
291, 410
291, 411
291, 412
291, 413
291, 414
291, 415
291, 416
291, 417
291, 418
291, 419
291, 420
290, 421
290, 422
290, 423
290, 424
290, 425
289, 426
289, 427
289, 428
289, 429
289, 430
289, 431
289, 432
289, 433
289, 434
289, 435
289, 436
288, 437
288, 438
287, 439
287, 440
287, 441
287, 442
287, 443
287, 444
287, 445
288, 446
288, 447
289, 448
289, 449
289, 450
289, 451
290, 452
290, 453
290, 454
290, 455
290, 456
290, 457
290, 458
291, 459
291, 460
291, 461
291, 462
291, 463
291, 464
291, 465
291, 466
291, 467
291, 468
292, 469
292, 470
292, 471
293, 472
293, 473
293, 474
293, 475
293, 476
293, 477
293, 478
294, 479
294, 480
294, 481
294, 482
295, 483
295, 484
295, 485
295, 486
295, 487
295, 488
295, 489
296, 490
296, 491
296, 492
296, 493
297, 494
297, 495
297, 496
297, 497
297, 498
297, 499
297, 500
297, 501
298, 502
298, 503
298, 504
298, 505
298, 506
299, 507
299, 508
299, 509
299, 510
299, 511
299, 512
300, 513
300, 514
300, 515
301, 516
301, 517
301, 518
301, 519
301, 520
302, 521
302, 522
302, 523
302, 524
302, 525
303, 526
303, 527
303, 528
303, 529
303, 530
303, 531
304, 532
304, 533
304, 534
305, 535
305, 536
305, 537
305, 538
305, 539
306, 540
306, 541
306, 542
307, 543
307, 544
307, 545
307, 546
307, 547
307, 548
307, 549
308, 550
308, 551
308, 552
309, 553
309, 554
309, 555
309, 556
309, 557
309, 558
310, 559
310, 560
311, 561
311, 562
311, 563
311, 564
311, 565
311, 566
312, 567
312, 568
312, 569
313, 570
313, 571
313, 572
313, 573
313, 574
314, 575
314, 576
314, 577
315, 578
315, 579
315, 580
315, 581
315, 582
315, 583
316, 584
316, 585
316, 586
317, 587
317, 588
317, 589
317, 590
317, 591
318, 592
318, 593
318, 594
319, 595
319, 596
319, 597
319, 598
319, 599
319, 600
320, 601
320, 602
321, 603
321, 604
321, 605
321, 606
321, 607
321, 608
322, 609
322, 610
322, 611
323, 612
323, 613
323, 614
323, 615
323, 616
323, 617
324, 618
324, 619
324, 620
325, 621
325, 622
325, 623
325, 624
325, 625
326, 626
326, 627
326, 628
327, 629
327, 630
327, 631
327, 632
327, 633
327, 634
328, 635
328, 636
328, 637
328, 638
329, 639
329, 640
329, 641
329, 642
329, 643
329, 644
330, 645
330, 646
331, 647
331, 648
331, 649
331, 650
331, 651
331, 652
331, 653
332, 654
332, 655
332, 656
332, 657
333, 658
333, 659
333, 660
333, 661
333, 662
333, 663
334, 664
334, 665
334, 666
334, 667
335, 668
335, 669
335, 670
335, 671
335, 672
335, 673
335, 674
336, 675
336, 676
336, 677
336, 678
336, 679
337, 680
337, 681
337, 682
337, 683
337, 684
337, 685
337, 686
337, 687
338, 688
338, 689
338, 690
338, 691
338, 692
339, 693
339, 694
339, 695
339, 696
339, 697
339, 698
339, 699
339, 700
339, 701
339, 702
339, 703
339, 704
340, 705
340, 706
340, 707
340, 708
340, 709
340, 710
340, 711
340, 712
340, 713
341, 714
341, 715
341, 716
341, 717
341, 718
341, 719
341, 720
341, 721
341, 722
341, 723
341, 724
341, 725
341, 726
341, 727
341, 728
341, 729
341, 730
341, 731
341, 732
341, 733
341, 734
341, 735
341, 736
341, 737
341, 738
341, 739
341, 740
341, 741
341, 742
341, 743
341, 744
341, 745
341, 746
341, 747
341, 748
341, 749
340, 750
340, 751
340, 752
340, 753
340, 754
340, 755
340, 756
340, 757
339, 758
339, 759
339, 760
339, 761
339, 762
339, 763
339, 764
339, 765
339, 766
339, 767
339, 768
338, 769
338, 770
338, 771
338, 772
338, 773
337, 774
337, 775
337, 776
337, 777
337, 778
337, 779
337, 780
336, 781
336, 782
336, 783
336, 784
335, 785
335, 786
335, 787
335, 788
335, 789
335, 790
334, 791
334, 792
334, 793
334, 794
333, 795
333, 796
333, 797
333, 798
333, 799
332, 800
332, 801
332, 802
331, 803
331, 804
331, 805
331, 806
331, 807
331, 808
330, 809
330, 810
330, 811
329, 812
329, 813
329, 814
328, 815
328, 816
328, 817
327, 818
327, 819
327, 820
326, 821
326, 822
326, 823
325, 824
325, 825
324, 826
324, 827
324, 828
324, 829
323, 830
323, 831
323, 832
323, 833
322, 834
322, 835
322, 836
321, 837
321, 838
321, 839
320, 840
319, 841
319, 842
319, 843
318, 844
318, 845
317, 846
317, 847
317, 848
316, 849
315, 850
315, 851
315, 852
314, 853
313, 854
313, 855
312, 856
312, 857
311, 858
311, 859
310, 860
309, 861
309, 862
308, 863
307, 864
307, 865
306, 866
305, 867
304, 868
304, 869
303, 870
303, 871
302, 872
302, 873
301, 874
300, 874
299, 875
298, 875
297, 876
296, 876
295, 876
294, 875
293, 875
292, 874
291, 874
290, 873
290, 872
289, 871
288, 870
288, 869
287, 868
287, 867
286, 866
286, 865
285, 864
285, 863
284, 862
284, 861
284, 860
284, 859
283, 858
283, 857
283, 856
283, 855
283, 854
283, 853
284, 852
284, 851
284, 850
284, 849
284, 848
285, 847
285, 846
286, 845
286, 844
286, 843
286, 842
287, 841
287, 840
287, 839
288, 838
288, 837
288, 836
289, 835
289, 834
289, 833
289, 832
290, 831
290, 830
290, 829
291, 828
291, 827
291, 826
291, 825
292, 824
292, 823
292, 822
292, 821
293, 820
293, 819
293, 818
294, 817
294, 816
294, 815
295, 814
295, 813
295, 812
295, 811
296, 810
296, 809
296, 808
296, 807
296, 806
297, 805
297, 804
297, 803
297, 802
298, 801
298, 800
298, 799
298, 798
298, 797
299, 796
299, 795
299, 794
299, 793
299, 792
299, 791
300, 790
300, 789
300, 788
300, 787
300, 786
301, 785
301, 784
301, 783
301, 782
301, 781
301, 780
302, 779
302, 778
302, 777
302, 776
302, 775
302, 774
302, 773
302, 772
303, 771
303, 770
303, 769
303, 768
303, 767
303, 766
303, 765
304, 764
304, 763
304, 762
304, 761
304, 760
304, 759
304, 758
304, 757
304, 756
304, 755
304, 754
304, 753
304, 752
304, 751
305, 750
305, 749
305, 748
305, 747
305, 746
305, 745
305, 744
305, 743
305, 742
305, 741
305, 740
305, 739
305, 738
305, 737
305, 736
305, 735
305, 734
305, 733
305, 732
305, 731
305, 730
305, 729
305, 728
305, 727
304, 726
304, 725
304, 724
304, 723
304, 722
304, 721
304, 720
304, 719
304, 718
304, 717
304, 716
304, 715
304, 714
304, 713
304, 712
303, 711
303, 710
303, 709
303, 708
303, 707
303, 706
303, 705
303, 704
303, 703
302, 702
302, 701
302, 700
302, 699
302, 698
302, 697
302, 696
301, 695
301, 694
301, 693
301, 692
301, 691
301, 690
300, 689
300, 688
300, 687
300, 686
300, 685
300, 684
299, 683
299, 682
299, 681
299, 680
299, 679
299, 678
298, 677
298, 676
298, 675
298, 674
297, 673
297, 672
297, 671
297, 670
297, 669
296, 668
296, 667
296, 666
296, 665
296, 664
295, 663
295, 662
295, 661
295, 660
295, 659
294, 658
294, 657
294, 656
294, 655
293, 654
293, 653
293, 652
293, 651
292, 650
292, 649
292, 648
292, 647
292, 646
291, 645
291, 644
291, 643
290, 642
290, 641
290, 640
290, 639
289, 638
289, 637
289, 636
289, 635
289, 634
288, 633
288, 632
288, 631
288, 630
287, 629
287, 628
287, 627
287, 626
286, 625
286, 624
286, 623
285, 622
285, 621
285, 620
285, 619
284, 618
284, 617
284, 616
284, 615
283, 614
283, 613
283, 612
283, 611
283, 610
282, 609
282, 608
282, 607
282, 606
281, 605
281, 604
281, 603
281, 602
281, 601
281, 600
280, 599
280, 598
280, 597
280, 596
279, 595
279, 594
279, 593
278, 592
278, 591
278, 590
278, 589
277, 588
277, 587
277, 586
277, 585
276, 584
276, 583
276, 582
275, 581
275, 580
275, 579
275, 578
275, 577
274, 576
274, 575
274, 574
274, 573
274, 572
273, 571
273, 570
273, 569
273, 568
272, 567
272, 566
272, 565
272, 564
271, 563
271, 562
271, 561
271, 560
270, 559
270, 558
270, 557
270, 556
270, 555
269, 554
269, 553
269, 552
269, 551
268, 550
268, 549
268, 548
268, 547
268, 546
267, 545
267, 544
267, 543
267, 542
266, 541
266, 540
266, 539
266, 538
266, 537
265, 536
265, 535
265, 534
265, 533
264, 532
264, 531
264, 530
264, 529
264, 528
264, 527
263, 526
263, 525
263, 524
263, 523
263, 522
262, 521
262, 520
262, 519
262, 518
262, 517
261, 516
261, 515
261, 514
261, 513
261, 512
260, 511
260, 510
260, 509
260, 508
260, 507
260, 506
259, 505
259, 504
259, 503
259, 502
259, 501
259, 500
258, 499
258, 498
258, 497
258, 496
258, 495
258, 494
257, 493
257, 492
257, 491
257, 490
256, 489
256, 488
256, 487
256, 486
256, 485
256, 484
256, 483
255, 482
254, 481
253, 480
252, 480
251, 480
250, 481
249, 482
249, 483
249, 484
249, 485
249, 486
249, 487
248, 488
247, 489
247, 490
246, 491
246, 492
246, 493
246, 494
246, 495
245, 496
245, 497
244, 498
244, 497
243, 496
243, 495
243, 494
243, 493
243, 492
242, 491
242, 490
242, 489
241, 488
241, 487
241, 486
241, 485
240, 484
239, 484
238, 484
237, 485
237, 486
237, 487
237, 488
236, 489
236, 490
235, 491
235, 492
235, 493
235, 494
234, 495
233, 496
233, 497
233, 498
233, 499
232, 500
232, 501
231, 502
231, 503
231, 504
230, 505
230, 506
230, 507
229, 508
229, 509
229, 510
228, 511
228, 512
227, 513
227, 514
227, 515
226, 516
226, 517
225, 518
225, 519
225, 520
225, 521
224, 522
224, 523
223, 524
223, 525
223, 526
222, 527
222, 528
221, 529
221, 530
221, 531
220, 532
220, 533
219, 534
219, 535
219, 536
218, 537
218, 538
218, 539
217, 540
217, 541
216, 542
216, 543
216, 544
215, 545
215, 546
214, 547
214, 548
213, 549
213, 550
213, 551
212, 552
212, 553
212, 554
211, 555
211, 556
210, 557
210, 558
210, 559
209, 560
209, 561
208, 562
208, 563
208, 564
207, 565
207, 566
207, 567
206, 568
206, 569
205, 570
205, 571
205, 572
204, 573
204, 574
203, 575
203, 576
203, 577
202, 578
202, 579
201, 580
201, 581
200, 582
200, 583
200, 584
199, 585
199, 586
198, 587
198, 588
198, 589
197, 590
197, 591
196, 592
196, 593
196, 594
195, 595
195, 596
194, 597
194, 598
193, 599
193, 600
193, 601
192, 602
192, 603
191, 604
191, 605
191, 606
190, 607
190, 608
189, 609
189, 610
188, 611
188, 612
188, 613
187, 614
187, 615
186, 616
186, 617
186, 618
185, 619
185, 620
184, 621
184, 622
183, 623
183, 624
183, 625
182, 626
182, 627
182, 628
181, 629
181, 630
180, 631
180, 632
180, 633
179, 634
179, 635
179, 636
179, 637
178, 638
177, 639
177, 640
176, 641
176, 642
175, 643
175, 644
175, 645
174, 646
174, 647
173, 648
173, 649
173, 650
172, 651
172, 652
171, 653
171, 654
171, 655
170, 656
170, 657
170, 658
169, 659
169, 660
169, 661
168, 662
168, 663
167, 664
167, 665
167, 666
166, 667
166, 668
166, 669
165, 670
165, 671
165, 672
164, 673
164, 674
164, 675
163, 676
163, 677
163, 678
162, 679
162, 680
162, 681
161, 682
161, 683
161, 684
160, 685
160, 686
160, 687
160, 688
159, 689
159, 690
159, 691
159, 692
158, 693
158, 694
158, 695
158, 696
157, 697
157, 698
157, 699
156, 700
156, 701
156, 702
156, 703
156, 704
155, 705
155, 706
155, 707
154, 708
154, 709
154, 710
154, 711
153, 712
153, 713
153, 714
153, 715
153, 716
153, 717
153, 718
153, 719
152, 720
152, 721
152, 722
152, 723
152, 724
152, 725
152, 726
151, 727
151, 728
151, 729
151, 730
151, 731
151, 732
151, 733
151, 734
151, 735
151, 736
151, 737
151, 738
151, 739
151, 740
151, 741
151, 742
151, 743
151, 744
151, 745
151, 746
151, 747
151, 748
151, 749
151, 750
150, 751
150, 752
150, 753
150, 754
150, 755
150, 756
150, 757
150, 758
150, 759
150, 760
150, 761
150, 762
150, 763
150, 764
150, 765
150, 766
150, 767
150, 768
150, 769
150, 770
150, 771
150, 772
150, 773
150, 774
150, 775
150, 776
150, 777
150, 778
150, 779
151, 780
151, 781
151, 782
151, 783
151, 784
151, 785
151, 786
151, 787
151, 788
151, 789
151, 790
151, 791
151, 792
151, 793
151, 794
151, 795
152, 796
152, 797
152, 798
152, 799
152, 800
152, 801
152, 802
152, 803
152, 804
152, 805
153, 806
153, 807
153, 808
153, 809
153, 810
153, 811
153, 812
153, 813
153, 814
154, 815
154, 816
154, 817
154, 818
154, 819
155, 820
155, 821
155, 822
155, 823
155, 824
155, 825
156, 826
156, 827
156, 828
156, 829
157, 830
157, 831
157, 832
157, 833
157, 834
157, 835
157, 836
157, 837
157, 838
157, 839
157, 840
157, 841
157, 842
157, 843
157, 844
156, 845
156, 846
156, 847
155, 848
155, 849
154, 850
154, 851
153, 852
152, 853
151, 854
151, 855
150, 856
149, 857
148, 858
147, 859
146, 859
145, 860
144, 860
143, 860
142, 860
141, 859
140, 859
139, 858
138, 857
137, 856
137, 855
136, 854
135, 853
135, 852
135, 851
134, 850
134, 849
133, 848
132, 847
132, 846
131, 845
131, 844
130, 843
130, 842
129, 841
129, 840
129, 839
128, 838
128, 837
127, 836
127, 835
126, 834
126, 833
126, 832
125, 831
125, 830
125, 829
124, 828
124, 827
124, 826
123, 825
123, 824
123, 823
123, 822
122, 821
122, 820
122, 819
122, 818
121, 817
121, 816
121, 815
121, 814
120, 813
120, 812
120, 811
120, 810
120, 809
120, 808
119, 807
119, 806
119, 805
119, 804
119, 803
118, 802
118, 801
118, 800
118, 799
118, 798
118, 797
118, 796
117, 795
117, 794
117, 793
117, 792
117, 791
117, 790
117, 789
117, 788
117, 787
116, 786
116, 785
116, 784
116, 783
116, 782
116, 781
116, 780
116, 779
116, 778
116, 777
116, 776
116, 775
116, 774
116, 773
116, 772
116, 771
116, 770
116, 769
115, 768
115, 767
115, 766
115, 765
115, 764
115, 763
115, 762
115, 761
115, 760
115, 759
115, 758
115, 757
115, 756
115, 755
115, 754
115, 753
115, 752
115, 751
115, 750
115, 749
115, 748
115, 747
115, 746
115, 745
115, 744
115, 743
115, 742
115, 741
115, 740
115, 739
115, 738
115, 737
115, 736
115, 735
