56, 191
56, 190
56, 189
56, 188
56, 187
56, 186
56, 185
56, 184
56, 183
56, 182
56, 181
56, 180
56, 179
56, 178
56, 177
56, 176
56, 175
56, 174
56, 173
56, 172
56, 171
56, 170
56, 169
57, 168
57, 167
57, 166
57, 165
57, 164
57, 163
57, 162
57, 161
58, 160
58, 159
59, 158
59, 157
60, 156
61, 155
62, 154
63, 153
64, 152
65, 151
66, 150
67, 150
68, 150
69, 150
70, 149
71, 149
72, 149
73, 148
74, 148
75, 148
76, 147
77, 146
78, 146
79, 146
80, 146
81, 146
82, 145
83, 145
84, 145
85, 145
86, 145
87, 144
88, 144
89, 144
90, 144
91, 144
92, 144
93, 143
94, 143
95, 142
96, 142
97, 142
98, 142
99, 142
100, 142
101, 142
102, 142
103, 142
104, 143
105, 143
106, 143
107, 143
108, 142
109, 142
110, 142
111, 142
112, 142
113, 142
114, 143
115, 143
116, 143
117, 143
118, 142
119, 142
120, 143
121, 143
122, 143
123, 143
124, 143
125, 143
126, 143
127, 144
128, 144
129, 144
130, 144
131, 144
132, 144
133, 144
134, 144
135, 144
136, 145
137, 145
138, 145
139, 145
140, 145
141, 145
142, 146
143, 146
144, 146
145, 146
146, 147
147, 147
148, 148
149, 148
150, 148
151, 148
152, 149
153, 149
154, 149
155, 150
156, 150
157, 151
158, 151
159, 151
160, 152
161, 152
162, 153
163, 153
164, 153
165, 154
166, 154
167, 155
168, 156
169, 156
170, 157
171, 158
171, 159
172, 160
172, 161
173, 162
173, 163
173, 164
174, 165
174, 166
173, 167
173, 168
173, 169
174, 170
174, 171
174, 172
174, 173
174, 174
174, 175
174, 176
174, 177
174, 178
174, 179
174, 180
174, 181
174, 182
174, 183
174, 184
174, 185
174, 186
174, 187
174, 188
174, 189
174, 190
174, 191
174, 192
174, 193
174, 194
174, 195
174, 196
174, 197
173, 197
172, 198
172, 199
172, 200
172, 201
172, 202
171, 203
170, 204
169, 204
168, 204
167, 205
166, 205
165, 206
164, 206
163, 206
162, 206
161, 207
160, 207
159, 207
158, 208
157, 208
156, 208
155, 209
154, 209
153, 209
152, 209
151, 209
150, 210
149, 210
148, 210
147, 211
146, 211
145, 211
144, 212
144, 213
144, 214
145, 215
146, 215
145, 215
144, 215
143, 215
142, 215
141, 216
140, 217
139, 218
138, 219
137, 220
136, 221
136, 222
136, 223
136, 224
136, 225
135, 225
134, 226
134, 227
134, 228
134, 229
135, 230
135, 231
135, 232
135, 233
135, 234
134, 235
134, 236
134, 237
134, 238
134, 239
134, 240
134, 241
134, 242
134, 243
134, 244
134, 245
134, 246
134, 247
134, 248
133, 249
132, 250
132, 251
132, 252
132, 253
132, 254
132, 255
132, 256
132, 257
132, 258
132, 259
132, 260
132, 261
132, 262
132, 263
132, 264
132, 265
132, 266
132, 267
132, 268
132, 269
132, 270
132, 271
132, 272
132, 273
132, 274
132, 275
132, 276
132, 277
132, 278
132, 279
132, 280
132, 281
132, 282
132, 283
132, 284
132, 285
132, 286
132, 287
132, 288
132, 289
132, 290
132, 291
132, 292
132, 293
132, 294
132, 295
132, 296
132, 297
132, 298
132, 299
132, 300
132, 301
132, 302
132, 303
132, 304
131, 305
131, 306
131, 307
131, 308
131, 309
130, 310
130, 311
130, 312
130, 313
130, 314
130, 315
130, 316
130, 317
130, 318
130, 319
130, 320
130, 321
130, 322
130, 323
130, 324
130, 325
130, 326
130, 327
130, 328
130, 329
130, 330
130, 331
130, 332
130, 333
130, 334
130, 335
130, 336
130, 337
130, 338
130, 339
130, 340
130, 341
130, 342
130, 343
130, 344
130, 345
129, 345
128, 346
128, 347
128, 348
127, 348
126, 349
126, 350
125, 350
124, 351
123, 351
122, 351
121, 351
120, 352
119, 352
118, 351
117, 351
116, 350
115, 350
114, 350
113, 350
112, 349
111, 348
111, 347
110, 346
109, 345
109, 344
108, 343
108, 342
107, 341
106, 340
105, 339
104, 338
103, 337
102, 336
102, 335
102, 334
103, 333
104, 332
105, 331
105, 330
105, 329
105, 328
104, 327
104, 326
104, 325
103, 324
103, 323
103, 322
104, 321
105, 320
106, 320
107, 319
108, 318
109, 317
110, 316
111, 315
111, 314
111, 313
110, 312
110, 311
110, 310
109, 309
109, 308
108, 307
107, 306
106, 305
105, 305
104, 304
103, 303
103, 302
102, 301
102, 300
103, 299
103, 298
104, 297
104, 296
104, 295
104, 294
103, 293
103, 292
102, 291
103, 290
104, 290
105, 289
106, 288
107, 287
108, 287
109, 287
110, 286
111, 285
112, 284
112, 283
112, 282
112, 281
112, 280
112, 279
112, 278
111, 277
111, 276
110, 275
109, 274
108, 273
107, 272
106, 271
105, 270
104, 269
104, 268
103, 267
103, 266
103, 265
103, 264
103, 263
103, 262
103, 261
103, 260
103, 259
103, 258
103, 257
103, 256
103, 255
103, 254
103, 253
103, 252
103, 251
103, 250
103, 249
102, 248
102, 247
102, 246
101, 245
100, 245
99, 245
98, 246
97, 245
96, 244
96, 243
95, 242
94, 242
93, 242
92, 242
91, 242
90, 241
90, 240
90, 239
90, 238
90, 237
91, 236
91, 235
91, 234
91, 233
91, 232
91, 231
91, 230
91, 229
91, 228
91, 227
91, 226
91, 225
91, 224
91, 223
91, 222
91, 221
91, 220
91, 219
90, 218
90, 217
89, 216
89, 215
88, 214
87, 213
87, 212
86, 211
85, 210
84, 210
83, 209
82, 209
81, 208
80, 208
79, 208
78, 208
77, 207
76, 207
75, 206
74, 206
73, 206
72, 206
71, 205
70, 205
70, 204
69, 203
68, 203
67, 203
66, 203
65, 202
64, 202
63, 201
62, 201
61, 201
60, 200
59, 200
58, 199
57, 198
57, 197
56, 196
56, 195
56, 194
56, 193
55, 192
