49, 139
49, 138
49, 137
49, 136
49, 135
49, 134
50, 133
50, 132
50, 131
50, 130
51, 129
51, 128
52, 127
52, 126
53, 125
54, 124
54, 123
55, 122
56, 121
56, 120
57, 120
58, 119
58, 118
59, 118
60, 117
61, 116
62, 115
63, 115
64, 114
65, 113
66, 112
67, 112
68, 111
69, 111
70, 110
71, 110
72, 109
73, 109
74, 108
75, 108
76, 107
77, 107
78, 107
79, 107
80, 107
81, 106
82, 105
83, 105
84, 105
85, 104
86, 104
87, 104
88, 103
89, 103
90, 103
91, 103
92, 103
93, 102
94, 102
95, 102
96, 102
97, 102
98, 101
99, 101
100, 101
101, 101
102, 101
103, 101
104, 101
105, 101
106, 101
107, 101
108, 101
109, 102
110, 102
111, 102
112, 101
113, 101
114, 101
115, 101
116, 101
117, 101
118, 101
119, 101
120, 101
121, 102
122, 102
123, 103
124, 103
125, 103
126, 103
127, 103
128, 103
129, 103
130, 103
131, 104
132, 104
133, 104
134, 105
135, 105
136, 105
137, 105
138, 106
139, 106
140, 107
141, 107
142, 107
142, 108
143, 109
144, 109
145, 109
146, 109
147, 110
148, 111
149, 111
150, 112
151, 112
152, 113
153, 114
154, 115
155, 115
155, 116
156, 117
157, 117
158, 118
158, 119
159, 120
160, 121
161, 122
161, 123
162, 124
162, 125
163, 126
163, 127
163, 128
164, 129
164, 130
164, 131
164, 132
165, 133
165, 134
165, 135
165, 136
165, 137
165, 138
165, 139
165, 140
165, 141
165, 142
164, 143
164, 144
164, 145
163, 146
163, 147
163, 148
163, 149
162, 150
162, 151
161, 152
160, 153
160, 154
159, 155
158, 156
157, 157
157, 158
156, 159
155, 160
154, 161
153, 162
152, 163
151, 164
150, 165
149, 166
148, 167
147, 168
146, 168
145, 169
144, 170
143, 170
142, 171
141, 172
140, 172
139, 173
138, 173
137, 174
136, 175
135, 175
134, 176
133, 176
132, 176
131, 177
130, 177
129, 177
128, 178
127, 178
126, 179
125, 179
124, 180
123, 180
122, 181
121, 181
120, 182
119, 183
119, 184
119, 185
119, 186
119, 187
119, 188
119, 189
119, 190
119, 191
119, 192
119, 193
119, 194
118, 195
118, 196
117, 197
117, 198
116, 199
115, 200
115, 201
115, 202
115, 203
116, 204
116, 205
117, 206
117, 207
118, 208
117, 209
117, 210
117, 211
116, 212
116, 213
115, 214
115, 215
114, 216
114, 217
113, 218
113, 219
113, 220
113, 221
113, 222
113, 223
113, 224
113, 225
113, 226
113, 227
113, 228
113, 229
112, 230
112, 231
112, 232
112, 233
112, 234
113, 235
112, 236
112, 237
112, 238
112, 239
112, 240
112, 241
112, 242
112, 243
112, 244
112, 245
112, 246
112, 247
112, 248
111, 249
111, 250
111, 251
111, 252
111, 253
111, 254
111, 255
111, 256
111, 257
111, 258
111, 259
111, 260
111, 261
111, 262
111, 263
111, 264
111, 265
111, 266
111, 267
111, 268
111, 269
111, 270
111, 271
110, 272
110, 273
110, 274
110, 275
110, 276
110, 277
110, 278
110, 279
110, 280
110, 281
110, 282
110, 283
110, 284
110, 285
110, 286
109, 287
109, 288
109, 289
109, 290
109, 291
109, 292
109, 293
109, 294
109, 295
109, 296
109, 297
109, 298
109, 299
109, 300
109, 301
109, 302
109, 303
109, 304
109, 305
109, 306
109, 307
108, 308
108, 309
108, 310
109, 311
109, 312
108, 313
108, 314
108, 315
108, 316
108, 317
108, 318
108, 319
108, 320
108, 321
108, 322
108, 323
108, 324
108, 325
108, 326
108, 327
107, 328
107, 329
107, 330
107, 331
107, 332
107, 333
107, 334
107, 335
107, 336
107, 337
107, 338
107, 339
107, 340
107, 341
107, 342
107, 343
108, 344
109, 345
110, 345
111, 345
112, 345
113, 345
114, 346
115, 346
116, 346
117, 346
118, 346
119, 346
120, 346
121, 346
122, 346
123, 346
124, 346
125, 346
126, 346
127, 346
128, 346
129, 346
130, 346
131, 346
132, 346
133, 347
134, 348
135, 349
135, 350
135, 351
135, 352
135, 353
135, 354
135, 355
135, 356
135, 357
135, 358
135, 359
135, 360
135, 361
135, 362
135, 363
135, 364
135, 365
135, 366
134, 367
134, 368
133, 369
132, 370
131, 370
130, 371
129, 372
128, 372
127, 372
126, 373
125, 373
124, 373
123, 373
122, 373
121, 373
120, 373
119, 373
118, 373
117, 373
116, 373
115, 373
114, 373
113, 373
112, 374
111, 374
110, 374
109, 374
108, 374
107, 374
106, 374
105, 374
104, 374
103, 375
102, 375
101, 375
100, 375
99, 375
98, 375
97, 375
96, 375
95, 375
94, 375
93, 374
92, 374
91, 374
90, 373
89, 373
88, 373
87, 372
86, 372
85, 371
84, 371
84, 370
85, 369
85, 368
85, 367
85, 366
84, 365
84, 364
84, 363
84, 362
84, 361
84, 360
84, 359
84, 358
84, 357
84, 356
84, 355
84, 354
84, 353
84, 352
84, 351
84, 350
84, 349
84, 348
84, 347
84, 346
84, 345
84, 344
84, 343
84, 342
85, 341
85, 340
85, 339
85, 338
85, 337
85, 336
85, 335
85, 334
85, 333
85, 332
85, 331
85, 330
85, 329
86, 328
86, 327
86, 326
86, 325
86, 324
86, 323
86, 322
86, 321
86, 320
86, 319
86, 318
86, 317
86, 316
86, 315
86, 314
86, 313
87, 312
87, 311
87, 310
86, 309
86, 308
87, 307
87, 306
87, 305
87, 304
87, 303
87, 302
87, 301
87, 300
87, 299
87, 298
87, 297
87, 296
87, 295
87, 294
87, 293
87, 292
87, 291
88, 290
88, 289
88, 288
88, 287
88, 286
88, 285
88, 284
88, 283
88, 282
88, 281
88, 280
88, 279
88, 278
88, 277
88, 276
88, 275
88, 274
88, 273
88, 272
88, 271
88, 270
88, 269
89, 268
89, 267
89, 266
89, 265
89, 264
89, 263
89, 262
89, 261
89, 260
90, 259
90, 258
90, 257
90, 256
90, 255
90, 254
90, 253
90, 252
90, 251
90, 250
90, 249
90, 248
90, 247
90, 246
90, 245
90, 244
90, 243
90, 242
91, 241
91, 240
91, 239
91, 238
91, 237
91, 236
91, 235
91, 234
91, 233
91, 232
91, 231
91, 230
91, 229
91, 228
91, 227
91, 226
92, 225
92, 224
92, 223
92, 222
92, 221
92, 220
92, 219
92, 218
92, 217
92, 216
91, 215
91, 214
90, 213
89, 212
89, 211
88, 210
88, 209
88, 208
89, 207
89, 206
90, 205
90, 204
91, 203
92, 202
92, 201
92, 200
92, 199
92, 198
91, 197
90, 196
89, 195
89, 194
89, 193
89, 192
89, 191
90, 190
90, 189
90, 188
90, 187
90, 186
90, 185
90, 184
90, 183
89, 182
88, 181
87, 181
86, 181
85, 180
84, 180
83, 179
82, 179
81, 179
80, 178
79, 178
78, 177
77, 177
76, 176
75, 175
74, 175
73, 175
72, 174
71, 173
70, 172
69, 172
68, 171
67, 170
66, 170
65, 169
64, 168
63, 167
62, 166
61, 166
60, 165
59, 164
58, 163
57, 162
56, 161
55, 160
54, 159
54, 158
53, 157
53, 156
52, 155
52, 154
51, 153
51, 152
50, 151
50, 150
49, 149
49, 148
49, 147
49, 146
48, 145
48, 144
48, 143
48, 142
48, 141
48, 140
