76, 174
76, 173
76, 172
77, 171
77, 170
77, 169
78, 168
79, 167
80, 166
81, 165
82, 165
83, 164
84, 163
85, 163
86, 162
87, 161
88, 161
89, 161
90, 160
91, 159
92, 159
93, 159
94, 158
95, 158
96, 157
97, 157
98, 157
99, 156
100, 156
101, 155
102, 155
103, 155
104, 155
105, 154
106, 154
107, 154
108, 153
109, 153
110, 153
111, 153
112, 153
113, 153
114, 153
115, 153
116, 153
117, 152
118, 152
119, 152
120, 152
121, 152
122, 152
123, 152
124, 153
125, 153
126, 153
127, 153
128, 153
129, 153
130, 153
131, 153
132, 153
133, 153
134, 153
135, 154
136, 154
137, 154
138, 155
139, 155
140, 155
141, 155
142, 156
143, 156
144, 157
145, 157
146, 157
147, 158
148, 158
149, 159
150, 159
151, 160
152, 160
153, 161
154, 161
155, 162
156, 162
157, 163
158, 164
159, 164
160, 165
161, 166
162, 166
163, 167
164, 168
165, 168
166, 169
167, 170
168, 171
168, 172
169, 173
170, 174
170, 175
170, 176
170, 177
170, 178
170, 179
171, 180
171, 181
171, 182
171, 183
171, 184
171, 185
171, 186
171, 187
171, 188
171, 189
171, 190
171, 191
171, 192
171, 193
171, 194
170, 195
170, 196
170, 197
170, 198
170, 199
170, 200
170, 201
170, 202
169, 203
169, 204
168, 205
168, 206
168, 207
168, 208
168, 209
167, 210
167, 211
166, 212
166, 213
166, 214
165, 215
165, 216
164, 217
164, 218
164, 219
163, 220
162, 221
162, 222
162, 223
161, 224
160, 225
160, 226
159, 227
159, 228
158, 229
158, 230
157, 231
156, 232
156, 233
155, 234
154, 235
153, 236
152, 237
152, 238
151, 239
150, 240
149, 241
148, 242
147, 243
146, 244
145, 245
144, 246
143, 247
142, 247
141, 248
141, 249
140, 250
140, 251
140, 252
140, 253
140, 254
140, 255
140, 256
140, 257
140, 258
140, 259
140, 260
140, 261
140, 262
140, 263
140, 264
140, 265
140, 266
140, 267
140, 268
140, 269
140, 270
140, 271
140, 272
140, 273
140, 274
140, 275
140, 276
140, 277
140, 278
140, 279
140, 280
140, 281
140, 282
140, 283
140, 284
140, 285
140, 286
140, 287
140, 288
140, 289
140, 290
140, 291
140, 292
140, 293
140, 294
139, 294
138, 295
138, 296
137, 297
136, 298
136, 299
136, 300
136, 301
136, 302
136, 303
135, 304
135, 305
135, 306
134, 307
134, 308
134, 309
134, 310
134, 311
134, 312
134, 313
133, 314
132, 315
131, 315
130, 316
130, 317
130, 318
130, 319
129, 319
128, 320
128, 321
128, 322
128, 323
129, 324
130, 324
131, 325
132, 325
133, 326
133, 327
134, 328
134, 329
134, 330
134, 331
134, 332
133, 332
132, 333
132, 334
131, 335
130, 336
129, 336
128, 337
128, 338
128, 339
128, 340
128, 341
128, 342
129, 343
129, 344
128, 345
128, 346
128, 347
128, 348
128, 349
128, 350
128, 351
128, 352
129, 353
130, 354
131, 355
132, 356
132, 357
132, 358
132, 359
132, 360
132, 361
132, 362
133, 363
134, 363
134, 364
134, 365
134, 366
133, 367
132, 368
131, 369
130, 370
129, 371
128, 372
127, 372
126, 373
125, 373
124, 373
123, 373
122, 373
121, 373
120, 374
119, 374
118, 374
117, 373
117, 372
116, 371
115, 371
114, 371
113, 370
112, 369
112, 368
111, 367
110, 367
109, 366
108, 365
107, 364
106, 363
107, 362
108, 361
109, 360
109, 359
109, 358
109, 357
109, 356
109, 355
109, 354
109, 353
110, 353
111, 352
112, 351
112, 350
112, 349
112, 348
112, 347
112, 346
112, 345
111, 344
110, 343
111, 342
112, 341
113, 340
113, 339
113, 338
113, 337
113, 336
112, 335
111, 334
110, 333
109, 332
108, 331
108, 330
108, 329
108, 328
108, 327
108, 326
109, 325
110, 324
111, 323
112, 322
113, 321
113, 320
113, 319
113, 318
113, 317
112, 316
111, 315
110, 314
109, 313
109, 312
108, 311
108, 310
108, 309
108, 308
108, 307
108, 306
108, 305
108, 304
108, 303
108, 302
108, 301
108, 300
108, 299
108, 298
107, 297
107, 296
106, 295
105, 294
104, 294
103, 293
103, 292
103, 291
103, 290
103, 289
103, 288
103, 287
103, 286
103, 285
103, 284
103, 283
103, 282
103, 281
103, 280
103, 279
103, 278
104, 277
104, 276
104, 275
104, 274
104, 273
104, 272
104, 271
104, 270
104, 269
104, 268
104, 267
104, 266
104, 265
104, 264
104, 263
104, 262
104, 261
104, 260
104, 259
104, 258
104, 257
104, 256
104, 255
103, 254
103, 253
103, 252
103, 251
104, 250
104, 249
104, 248
103, 247
102, 247
101, 247
100, 246
99, 245
98, 244
97, 243
96, 242
95, 241
94, 240
94, 239
93, 238
92, 237
91, 236
91, 235
90, 234
89, 233
89, 232
88, 231
87, 230
87, 229
86, 228
86, 227
85, 226
85, 225
84, 224
84, 223
83, 222
83, 221
82, 220
82, 219
81, 218
81, 217
81, 216
80, 215
80, 214
80, 213
79, 212
79, 211
79, 210
78, 209
78, 208
78, 207
78, 206
77, 205
77, 204
77, 203
77, 202
76, 201
76, 200
76, 199
76, 198
76, 197
75, 196
75, 195
75, 194
75, 193
75, 192
75, 191
75, 190
75, 189
75, 188
75, 187
75, 186
75, 185
75, 184
75, 183
75, 182
75, 181
75, 180
75, 179
75, 178
75, 177
75, 176
75, 175
