81, 167
81, 166
82, 165
82, 164
82, 163
83, 162
84, 161
84, 160
85, 159
86, 158
87, 157
87, 156
88, 155
89, 154
90, 154
91, 153
92, 152
93, 151
94, 150
95, 150
96, 149
97, 149
98, 148
99, 148
100, 147
101, 147
102, 146
103, 146
104, 146
105, 146
106, 145
107, 145
108, 145
109, 145
110, 144
111, 144
112, 144
113, 144
114, 143
115, 143
116, 144
117, 144
118, 144
119, 144
120, 144
121, 144
122, 144
123, 144
124, 144
125, 144
126, 144
127, 145
128, 145
129, 145
130, 146
131, 146
132, 146
133, 147
134, 147
135, 148
136, 148
137, 149
138, 150
139, 150
140, 151
141, 152
142, 153
143, 154
144, 155
145, 156
146, 157
147, 158
147, 159
148, 160
149, 161
149, 162
149, 163
150, 164
150, 165
150, 166
151, 167
151, 168
151, 169
151, 170
152, 171
152, 172
152, 173
153, 174
153, 175
153, 176
153, 177
153, 178
153, 179
152, 179
151, 180
151, 181
151, 182
151, 183
151, 184
150, 184
149, 185
149, 186
149, 187
148, 187
147, 188
147, 189
147, 190
146, 190
145, 191
144, 192
143, 193
142, 193
141, 194
140, 194
139, 195
138, 196
137, 196
136, 197
135, 197
134, 198
134, 199
133, 199
132, 199
131, 200
131, 201
131, 202
131, 203
131, 204
131, 205
131, 206
130, 207
130, 208
130, 209
130, 210
131, 211
131, 212
131, 213
131, 214
131, 215
132, 216
133, 216
132, 217
131, 218
130, 218
129, 218
128, 218
127, 218
126, 219
126, 220
126, 221
125, 222
125, 223
125, 224
125, 225
125, 226
124, 227
123, 228
122, 229
121, 230
121, 231
121, 232
121, 233
121, 234
121, 235
121, 236
120, 237
119, 238
118, 239
117, 240
117, 241
116, 241
115, 242
115, 243
115, 244
115, 245
115, 246
115, 247
115, 248
115, 249
115, 250
116, 251
117, 252
117, 253
118, 254
118, 255
118, 256
118, 257
118, 258
118, 259
118, 260
118, 261
118, 262
117, 263
117, 264
116, 265
115, 266
114, 267
114, 268
113, 269
113, 270
113, 271
113, 272
114, 273
114, 274
115, 275
115, 276
116, 277
117, 278
117, 279
117, 280
117, 281
117, 282
117, 283
117, 284
117, 285
117, 286
117, 287
117, 288
116, 289
115, 290
114, 291
113, 292
112, 293
111, 294
110, 294
109, 294
108, 295
107, 296
106, 296
105, 296
104, 296
103, 295
102, 295
102, 294
101, 293
100, 293
100, 292
99, 291
99, 290
98, 289
98, 288
98, 287
98, 286
98, 285
98, 284
98, 283
98, 282
98, 281
98, 280
98, 279
98, 278
98, 277
98, 276
98, 275
98, 274
98, 273
98, 272
98, 271
98, 270
98, 269
98, 268
98, 267
98, 266
98, 265
98, 264
98, 263
98, 262
98, 261
98, 260
99, 259
99, 258
99, 257
99, 256
99, 255
99, 254
99, 253
100, 252
100, 251
100, 250
100, 249
100, 248
100, 247
100, 246
100, 245
100, 244
100, 243
100, 242
100, 241
100, 240
100, 239
100, 238
100, 237
100, 236
100, 235
100, 234
100, 233
100, 232
100, 231
100, 230
101, 229
101, 228
101, 227
101, 226
102, 225
102, 224
102, 223
102, 222
102, 221
102, 220
102, 219
101, 218
100, 218
100, 217
99, 216
98, 215
97, 214
96, 213
96, 212
96, 211
96, 210
97, 209
98, 208
98, 207
98, 206
98, 205
98, 204
98, 203
98, 202
98, 201
97, 200
96, 200
95, 199
94, 198
93, 198
92, 197
91, 196
90, 196
89, 195
88, 195
88, 194
87, 193
86, 193
86, 192
85, 191
84, 190
84, 189
83, 188
82, 187
82, 186
82, 185
81, 184
80, 183
80, 182
80, 181
80, 180
80, 179
80, 178
80, 177
80, 176
80, 175
80, 174
80, 173
80, 172
80, 171
80, 170
80, 169
80, 168
