74, 148
74, 147
74, 146
74, 145
74, 144
75, 143
75, 142
76, 141
76, 140
76, 139
77, 138
78, 137
79, 136
80, 135
81, 134
82, 133
83, 132
84, 132
85, 131
86, 131
87, 131
88, 130
89, 130
90, 129
91, 129
92, 129
93, 129
94, 128
95, 128
96, 128
97, 128
98, 128
99, 128
100, 129
101, 129
102, 129
103, 129
104, 130
105, 130
106, 130
107, 130
108, 131
109, 131
110, 132
111, 132
112, 133
113, 133
114, 133
115, 134
116, 134
117, 135
118, 135
119, 135
120, 135
121, 136
122, 136
123, 136
124, 137
125, 137
126, 137
127, 137
128, 137
129, 137
130, 137
131, 137
132, 137
133, 137
134, 137
135, 137
136, 137
137, 137
138, 137
139, 137
140, 137
141, 137
142, 137
143, 137
144, 136
145, 136
146, 136
147, 136
148, 135
149, 135
150, 135
151, 135
152, 134
153, 134
154, 133
155, 133
156, 133
157, 132
158, 132
159, 132
160, 131
161, 131
162, 131
163, 131
164, 131
165, 131
166, 131
167, 131
168, 131
169, 132
170, 132
171, 132
172, 133
173, 133
174, 133
175, 134
176, 134
177, 135
178, 135
179, 136
180, 136
181, 137
182, 138
183, 139
184, 140
185, 141
186, 142
186, 143
187, 144
188, 145
188, 146
188, 147
189, 148
189, 149
190, 150
190, 151
190, 152
190, 153
190, 154
190, 155
191, 156
190, 157
190, 158
190, 159
190, 160
190, 161
190, 162
190, 163
189, 163
188, 164
188, 165
188, 166
188, 167
187, 167
186, 168
186, 169
185, 170
184, 171
183, 172
182, 173
181, 173
180, 174
179, 174
178, 175
177, 175
176, 176
175, 177
174, 178
173, 178
172, 178
171, 179
170, 180
169, 180
168, 181
167, 182
166, 182
165, 182
164, 183
163, 184
162, 184
161, 185
160, 186
159, 186
158, 186
157, 187
156, 188
155, 188
154, 189
153, 190
152, 191
152, 192
151, 192
150, 193
150, 194
149, 195
148, 196
148, 197
148, 198
147, 199
146, 200
146, 201
145, 202
145, 203
144, 203
143, 204
143, 205
143, 206
142, 206
141, 207
140, 208
140, 209
140, 210
140, 211
139, 212
139, 213
139, 214
138, 215
138, 216
138, 217
138, 218
139, 219
139, 220
139, 221
139, 222
139, 223
139, 224
139, 225
139, 226
140, 227
140, 228
140, 229
139, 230
139, 231
139, 232
139, 233
139, 234
139, 235
139, 236
139, 237
139, 238
138, 239
138, 240
138, 241
139, 242
139, 243
139, 244
139, 245
139, 246
138, 247
137, 248
137, 249
137, 250
137, 251
137, 252
138, 253
138, 254
139, 255
139, 256
139, 257
138, 258
138, 259
138, 260
138, 261
138, 262
138, 263
138, 264
138, 265
139, 266
139, 267
139, 268
139, 269
139, 270
139, 271
139, 272
139, 273
140, 274
140, 275
139, 274
138, 274
137, 274
136, 275
136, 276
136, 277
137, 278
136, 278
135, 278
134, 279
133, 279
132, 279
131, 280
130, 280
129, 280
128, 279
127, 279
126, 278
125, 278
124, 278
123, 277
123, 276
123, 275
122, 274
121, 274
121, 273
121, 272
121, 271
121, 270
121, 269
121, 268
121, 267
121, 266
121, 265
121, 264
121, 263
121, 262
122, 261
122, 260
122, 259
122, 258
122, 257
121, 256
122, 255
122, 254
122, 253
122, 252
122, 251
122, 250
122, 249
122, 248
122, 247
122, 246
123, 245
123, 244
123, 243
123, 242
123, 241
123, 240
122, 239
122, 238
123, 237
123, 236
123, 235
123, 234
123, 233
124, 232
124, 231
124, 230
125, 230
126, 229
126, 228
126, 227
125, 226
124, 226
124, 225
124, 224
124, 223
124, 222
124, 221
124, 220
124, 219
124, 218
124, 217
124, 216
124, 215
124, 214
124, 213
124, 212
124, 211
124, 210
124, 209
124, 208
124, 207
124, 206
123, 205
122, 204
121, 204
120, 204
119, 204
118, 203
118, 202
118, 201
117, 200
116, 199
116, 198
116, 197
116, 196
116, 195
116, 194
115, 193
115, 192
114, 191
114, 190
113, 189
113, 188
112, 187
111, 186
110, 185
109, 184
108, 184
107, 183
106, 182
105, 182
104, 182
103, 182
103, 181
102, 180
101, 179
100, 179
99, 178
98, 178
97, 177
96, 176
95, 176
94, 175
93, 175
92, 175
92, 174
91, 173
90, 173
89, 172
88, 171
87, 171
86, 170
85, 170
84, 169
83, 168
82, 167
81, 166
80, 165
79, 164
78, 163
77, 162
76, 161
76, 160
75, 159
75, 158
75, 157
74, 156
74, 155
74, 154
73, 153
73, 152
73, 151
73, 150
73, 149
