47, 123
47, 122
47, 121
48, 120
48, 119
48, 118
48, 117
49, 116
50, 115
50, 114
50, 113
51, 112
52, 111
52, 110
53, 109
54, 108
54, 107
55, 106
56, 105
56, 104
57, 103
58, 102
59, 101
60, 101
61, 100
61, 99
62, 98
63, 97
64, 96
65, 95
66, 94
67, 94
68, 93
69, 92
70, 92
71, 92
72, 92
73, 91
74, 91
75, 90
75, 89
76, 89
77, 89
78, 89
79, 88
79, 87
80, 88
81, 88
82, 88
83, 87
84, 87
85, 87
86, 86
86, 85
87, 85
88, 86
89, 86
90, 86
91, 85
91, 84
92, 84
93, 84
94, 84
95, 84
96, 85
97, 85
98, 85
99, 84
100, 84
100, 85
101, 86
102, 86
103, 87
104, 87
105, 87
106, 87
107, 86
107, 85
108, 85
109, 85
109, 86
109, 87
109, 88
110, 89
111, 89
112, 89
113, 88
113, 87
114, 87
115, 87
116, 88
117, 88
118, 88
119, 89
120, 89
121, 90
122, 90
123, 91
124, 92
125, 92
126, 93
127, 94
128, 95
129, 95
130, 96
131, 97
132, 98
133, 99
134, 100
135, 101
136, 102
136, 103
137, 104
138, 105
138, 106
139, 107
139, 108
140, 109
141, 110
141, 111
142, 112
142, 113
142, 114
143, 115
143, 116
144, 117
144, 118
144, 119
145, 120
145, 121
145, 122
145, 123
145, 124
146, 125
146, 126
146, 127
146, 128
146, 129
146, 130
146, 131
146, 132
146, 133
146, 134
146, 135
146, 136
146, 137
146, 138
145, 139
145, 140
145, 141
145, 142
145, 143
145, 144
145, 145
144, 146
144, 147
143, 148
143, 149
143, 150
142, 151
142, 152
141, 153
141, 154
140, 155
140, 156
139, 157
139, 158
138, 159
137, 160
137, 161
136, 162
136, 163
135, 164
134, 165
133, 166
132, 167
131, 168
130, 169
129, 170
128, 171
128, 172
127, 173
126, 173
125, 174
124, 175
123, 175
122, 176
121, 177
120, 177
119, 178
118, 178
117, 178
116, 179
115, 179
114, 180
113, 181
113, 182
113, 183
113, 184
113, 185
113, 186
113, 187
113, 188
113, 189
113, 190
113, 191
113, 192
113, 193
113, 194
113, 195
113, 196
113, 197
113, 198
113, 199
113, 200
113, 201
113, 202
113, 203
113, 204
113, 205
113, 206
113, 207
113, 208
113, 209
113, 210
113, 211
113, 212
112, 213
112, 214
111, 215
110, 216
109, 217
108, 218
108, 219
108, 220
108, 221
107, 222
107, 223
107, 224
107, 225
107, 226
107, 227
107, 228
107, 229
107, 230
107, 231
107, 232
107, 233
106, 234
105, 235
105, 236
105, 237
104, 238
104, 239
104, 240
103, 241
103, 242
103, 243
104, 244
105, 244
105, 245
105, 246
106, 247
106, 248
106, 249
106, 250
106, 251
106, 252
106, 253
107, 254
107, 255
107, 256
107, 257
106, 258
106, 259
106, 260
106, 261
106, 262
106, 263
106, 264
106, 265
107, 266
107, 267
107, 268
107, 269
107, 270
107, 271
107, 272
107, 273
107, 274
107, 275
107, 276
106, 277
106, 278
105, 279
105, 280
105, 281
105, 282
105, 283
105, 284
105, 285
105, 286
105, 287
105, 288
104, 289
103, 290
103, 291
102, 292
101, 293
100, 294
100, 295
99, 296
98, 297
97, 298
96, 299
95, 299
94, 299
93, 299
92, 299
91, 298
90, 297
89, 296
88, 295
88, 294
87, 293
86, 292
85, 291
84, 291
84, 290
83, 289
82, 288
82, 287
82, 286
82, 285
82, 284
82, 283
82, 282
82, 281
82, 280
82, 279
82, 278
81, 277
82, 276
82, 275
82, 274
81, 273
80, 272
80, 271
81, 271
82, 270
82, 269
82, 268
82, 267
82, 266
82, 265
82, 264
82, 263
82, 262
82, 261
82, 260
82, 259
82, 258
82, 257
82, 256
82, 255
82, 254
82, 253
82, 252
82, 251
82, 250
82, 249
82, 248
82, 247
83, 247
84, 246
85, 245
86, 244
86, 243
86, 242
86, 241
86, 240
86, 239
85, 238
84, 237
84, 236
83, 235
82, 234
82, 233
82, 232
82, 231
82, 230
82, 229
81, 228
80, 228
80, 227
80, 226
80, 225
80, 224
80, 223
80, 222
80, 221
80, 220
80, 219
80, 218
79, 217
78, 217
77, 216
76, 215
76, 214
76, 213
76, 212
75, 211
75, 210
75, 209
75, 208
75, 207
75, 206
75, 205
75, 204
74, 203
74, 202
74, 201
74, 200
74, 199
74, 198
74, 197
74, 196
74, 195
74, 194
74, 193
74, 192
74, 191
74, 190
75, 189
75, 188
75, 187
75, 186
75, 185
75, 184
75, 183
75, 182
75, 181
74, 180
73, 179
72, 179
71, 179
70, 178
69, 177
68, 177
67, 176
66, 175
65, 174
64, 174
63, 173
62, 172
61, 171
60, 170
59, 169
58, 168
58, 167
58, 166
58, 165
58, 164
57, 163
56, 163
55, 163
54, 163
54, 162
53, 161
52, 160
52, 159
51, 158
51, 157
50, 156
50, 155
51, 154
51, 153
51, 152
50, 151
49, 151
48, 151
48, 150
48, 149
47, 148
47, 147
46, 146
46, 145
46, 144
46, 143
46, 142
46, 141
46, 140
46, 139
46, 138
46, 137
46, 136
46, 135
46, 134
46, 133
46, 132
46, 131
46, 130
46, 129
46, 128
46, 127
46, 126
46, 125
46, 124
