89, 153
89, 152
89, 151
89, 150
89, 149
90, 148
90, 147
90, 146
91, 145
92, 144
92, 143
93, 142
94, 141
94, 140
95, 139
96, 138
97, 137
98, 137
99, 136
100, 135
101, 135
102, 134
103, 134
104, 133
105, 133
106, 132
107, 132
108, 131
109, 131
110, 131
111, 130
112, 130
113, 129
114, 129
115, 129
116, 129
117, 128
118, 128
119, 128
120, 128
121, 127
122, 127
123, 127
124, 127
125, 126
126, 126
127, 126
128, 126
129, 125
130, 125
131, 125
132, 125
133, 125
134, 124
135, 124
136, 124
137, 123
138, 123
139, 123
140, 123
141, 123
142, 123
143, 123
144, 122
145, 122
146, 122
147, 122
148, 122
149, 122
150, 122
151, 122
152, 122
153, 122
154, 122
155, 121
156, 121
157, 121
158, 121
159, 121
160, 121
161, 121
162, 121
163, 121
164, 122
165, 122
166, 122
167, 122
168, 122
169, 123
170, 123
171, 123
172, 124
173, 124
174, 125
175, 125
176, 126
177, 126
178, 127
179, 128
180, 128
181, 129
182, 129
183, 130
184, 131
185, 131
186, 132
187, 133
187, 134
188, 135
189, 136
189, 137
190, 138
191, 139
191, 140
191, 141
192, 142
193, 142
193, 143
193, 144
193, 145
193, 146
193, 147
193, 148
193, 149
193, 150
193, 151
193, 152
193, 153
193, 154
193, 155
193, 156
193, 157
193, 158
193, 159
193, 160
193, 161
192, 161
191, 162
191, 163
191, 164
191, 165
190, 165
189, 166
189, 167
189, 168
188, 168
187, 169
187, 170
186, 170
185, 171
185, 172
184, 172
183, 173
183, 174
182, 174
181, 175
180, 176
179, 177
179, 178
179, 179
178, 179
177, 180
177, 181
176, 181
175, 182
174, 182
173, 183
172, 184
171, 185
171, 186
171, 187
171, 188
170, 189
169, 190
169, 191
169, 192
169, 193
169, 194
169, 195
169, 196
169, 197
169, 198
169, 199
169, 200
169, 201
170, 202
171, 202
171, 203
171, 204
171, 205
171, 206
171, 207
171, 208
171, 209
172, 210
173, 210
173, 211
173, 212
173, 213
173, 214
173, 215
173, 216
173, 217
173, 218
173, 219
173, 220
173, 221
173, 222
174, 223
175, 224
175, 225
175, 226
175, 227
175, 228
175, 229
175, 230
175, 231
175, 232
175, 233
175, 234
176, 235
177, 236
177, 237
177, 238
177, 239
177, 240
177, 241
177, 242
177, 243
177, 244
177, 245
177, 246
177, 247
177, 248
177, 249
177, 250
178, 251
179, 252
179, 253
179, 254
179, 255
179, 256
179, 257
179, 258
179, 259
179, 260
179, 261
179, 262
180, 263
181, 264
181, 265
181, 266
181, 267
181, 268
181, 269
181, 270
181, 271
181, 272
181, 273
181, 274
181, 275
181, 276
182, 277
183, 278
183, 279
183, 280
183, 281
183, 282
183, 283
183, 284
183, 285
183, 286
183, 287
183, 288
183, 289
183, 290
183, 291
184, 292
185, 293
185, 294
185, 295
184, 296
183, 297
183, 298
183, 299
182, 299
181, 300
181, 301
180, 302
179, 303
178, 304
177, 305
176, 306
175, 307
174, 307
173, 307
172, 307
171, 307
170, 307
169, 306
168, 306
168, 305
167, 304
166, 304
165, 303
164, 303
164, 302
163, 301
162, 300
161, 299
161, 298
161, 297
161, 296
162, 295
162, 294
163, 293
164, 292
164, 291
165, 290
166, 289
167, 288
167, 287
167, 286
167, 285
167, 284
167, 283
166, 282
166, 281
166, 280
166, 279
166, 278
165, 277
164, 277
163, 276
162, 275
162, 274
162, 273
162, 272
162, 271
162, 270
162, 269
162, 268
162, 267
162, 266
161, 265
160, 264
159, 263
158, 262
157, 261
156, 260
155, 259
154, 258
154, 257
154, 256
154, 255
154, 254
154, 253
154, 252
153, 251
152, 250
151, 249
151, 248
152, 247
152, 246
152, 245
153, 244
154, 243
154, 242
154, 241
154, 240
154, 239
154, 238
153, 237
153, 236
152, 235
151, 234
150, 233
149, 232
148, 231
147, 230
146, 229
145, 228
144, 227
144, 226
144, 225
144, 224
144, 223
143, 222
142, 222
141, 222
140, 221
139, 220
138, 220
137, 219
136, 218
136, 217
136, 216
136, 215
135, 214
135, 213
135, 212
135, 211
135, 210
135, 209
135, 208
135, 207
134, 206
134, 205
134, 204
134, 203
134, 202
134, 201
134, 200
133, 199
133, 198
133, 197
133, 196
133, 195
133, 194
133, 193
132, 192
132, 191
131, 190
130, 189
129, 188
128, 188
127, 187
126, 187
125, 186
124, 186
123, 185
122, 185
121, 185
120, 184
119, 184
118, 184
117, 183
116, 183
115, 182
114, 182
113, 181
112, 181
111, 180
110, 180
109, 179
108, 179
107, 178
106, 178
105, 177
104, 177
103, 176
102, 175
101, 175
100, 174
99, 173
98, 172
97, 171
96, 170
95, 169
94, 168
93, 167
92, 166
92, 165
91, 164
91, 163
90, 162
90, 161
90, 160
89, 159
89, 158
89, 157
89, 156
88, 155
88, 154
