71, 225
71, 224
71, 223
71, 222
71, 221
71, 220
71, 219
71, 218
71, 217
71, 216
72, 215
73, 214
73, 213
73, 212
74, 211
75, 210
76, 209
77, 209
78, 208
79, 208
80, 208
81, 207
82, 206
83, 206
84, 206
85, 205
86, 205
87, 204
88, 204
89, 204
90, 203
91, 203
92, 203
93, 203
94, 202
95, 202
96, 201
97, 201
98, 201
99, 201
100, 201
101, 201
102, 201
103, 201
104, 200
105, 200
106, 200
107, 200
108, 199
109, 199
110, 199
111, 198
112, 198
113, 198
114, 198
115, 198
116, 198
117, 197
118, 196
119, 196
120, 195
121, 194
122, 194
123, 193
124, 192
125, 191
126, 190
127, 189
127, 188
128, 187
128, 186
128, 185
128, 184
128, 183
128, 182
128, 181
128, 180
129, 179
129, 178
129, 177
129, 176
129, 175
129, 174
130, 174
131, 174
132, 173
132, 172
132, 171
131, 170
130, 170
129, 170
128, 170
127, 170
126, 170
126, 169
125, 168
125, 167
125, 166
125, 165
124, 164
123, 164
122, 163
121, 163
121, 162
120, 161
119, 161
119, 160
119, 159
119, 158
119, 157
119, 156
119, 155
119, 154
119, 153
119, 152
119, 151
119, 150
119, 149
119, 148
119, 147
119, 146
119, 145
119, 144
119, 143
119, 142
119, 141
119, 140
119, 139
119, 138
119, 137
119, 136
119, 135
119, 134
119, 133
119, 132
119, 131
119, 130
119, 129
119, 128
119, 127
119, 126
119, 125
120, 124
120, 123
120, 122
120, 121
120, 120
121, 119
122, 120
123, 120
124, 120
125, 119
126, 119
127, 118
128, 118
129, 117
130, 117
131, 116
132, 116
133, 116
134, 116
135, 116
136, 116
137, 116
138, 116
139, 116
140, 116
141, 116
142, 116
143, 116
144, 116
145, 116
146, 116
147, 116
148, 116
149, 116
150, 116
151, 116
152, 117
153, 118
154, 118
155, 118
156, 118
157, 119
157, 120
157, 121
157, 122
157, 123
157, 124
158, 125
158, 126
157, 127
157, 128
157, 129
158, 130
159, 131
159, 132
158, 133
158, 134
158, 135
158, 136
158, 137
158, 138
158, 139
158, 140
158, 141
158, 142
158, 143
158, 144
158, 145
158, 146
158, 147
158, 148
158, 149
158, 150
158, 151
158, 152
158, 153
158, 154
158, 155
158, 156
158, 157
158, 158
158, 159
158, 160
158, 161
157, 162
156, 163
156, 164
156, 165
156, 166
156, 167
155, 168
154, 169
153, 169
152, 169
151, 170
151, 171
151, 172
151, 173
151, 174
151, 175
152, 176
152, 177
151, 178
151, 179
151, 180
151, 181
152, 182
153, 182
153, 183
153, 184
152, 185
152, 186
152, 187
153, 188
154, 188
155, 188
154, 189
154, 190
154, 191
155, 192
156, 192
157, 192
158, 192
159, 192
159, 193
160, 194
161, 195
162, 195
163, 196
164, 196
165, 197
166, 197
167, 197
168, 197
169, 198
170, 198
171, 198
172, 198
173, 198
174, 199
175, 199
176, 199
177, 199
178, 199
179, 199
180, 199
181, 200
182, 200
183, 200
184, 201
185, 201
186, 201
187, 201
188, 201
189, 201
190, 202
191, 202
192, 202
193, 203
194, 203
195, 203
196, 203
197, 203
198, 204
199, 204
200, 204
201, 205
202, 205
203, 206
204, 206
205, 206
204, 207
204, 208
204, 209
205, 210
206, 210
207, 210
208, 211
209, 212
209, 213
210, 214
210, 215
211, 216
211, 217
211, 218
211, 219
211, 220
211, 221
212, 222
211, 223
210, 224
210, 225
210, 226
210, 227
210, 228
210, 229
209, 230
208, 231
208, 232
207, 233
206, 234
205, 235
204, 236
203, 237
202, 237
201, 238
200, 238
199, 239
198, 239
197, 239
196, 239
195, 239
194, 239
193, 239
192, 239
191, 239
190, 239
189, 239
188, 238
187, 238
186, 238
185, 238
184, 238
183, 237
182, 237
181, 237
180, 237
179, 236
178, 236
177, 236
176, 236
175, 236
174, 236
173, 236
172, 236
171, 235
170, 235
169, 235
168, 235
167, 235
166, 234
165, 234
164, 234
163, 234
162, 234
161, 234
160, 234
159, 233
158, 233
157, 233
156, 233
155, 234
154, 233
153, 233
152, 233
151, 233
150, 233
149, 233
148, 233
147, 233
146, 233
145, 233
144, 233
143, 233
142, 233
141, 233
140, 233
139, 233
138, 233
137, 233
136, 233
135, 233
134, 234
133, 234
132, 234
131, 234
130, 234
129, 234
128, 234
127, 234
126, 234
125, 234
124, 234
123, 234
122, 234
121, 234
120, 235
119, 235
118, 235
117, 235
116, 235
115, 236
114, 236
113, 236
112, 236
111, 236
110, 236
109, 236
108, 236
107, 237
106, 237
105, 237
104, 238
103, 238
102, 238
101, 238
100, 238
99, 238
98, 239
97, 239
96, 239
95, 239
94, 240
93, 240
92, 240
91, 240
90, 241
89, 241
88, 241
87, 241
86, 241
85, 241
84, 240
83, 240
82, 240
81, 240
80, 239
79, 239
78, 238
77, 237
76, 237
75, 236
74, 235
74, 234
73, 233
72, 232
71, 231
71, 230
72, 229
72, 228
72, 227
71, 226
70, 226
