72, 85
72, 84
72, 83
72, 82
72, 81
73, 81
74, 80
74, 79
75, 78
76, 78
77, 77
78, 77
79, 76
80, 76
81, 76
82, 76
83, 76
84, 75
85, 75
86, 75
87, 75
88, 75
89, 75
90, 75
91, 75
92, 74
93, 74
94, 74
95, 74
96, 74
97, 74
98, 74
99, 74
100, 74
101, 74
102, 73
103, 73
104, 73
105, 73
106, 73
107, 73
108, 73
109, 73
110, 73
111, 73
112, 73
113, 73
114, 72
115, 72
116, 72
117, 72
118, 72
119, 72
120, 72
121, 72
122, 72
123, 72
124, 72
125, 72
126, 72
127, 72
128, 72
129, 72
130, 72
131, 72
132, 72
133, 72
134, 72
135, 72
136, 72
137, 72
138, 72
139, 72
140, 71
141, 71
142, 71
143, 71
144, 72
145, 72
146, 72
147, 72
148, 72
149, 71
150, 71
151, 71
152, 72
153, 72
154, 72
155, 72
156, 72
157, 72
158, 72
159, 72
160, 72
161, 72
162, 72
163, 72
164, 72
165, 72
166, 72
167, 73
168, 73
169, 73
170, 72
171, 72
172, 73
173, 73
174, 73
175, 73
176, 73
177, 73
178, 73
179, 73
180, 73
181, 73
182, 73
183, 74
184, 74
185, 74
186, 74
187, 74
188, 74
189, 74
190, 75
191, 75
192, 75
193, 75
194, 75
195, 75
196, 75
197, 75
198, 75
199, 75
200, 75
201, 76
202, 76
203, 76
204, 76
205, 77
206, 77
207, 77
208, 77
209, 77
210, 78
211, 78
212, 78
213, 78
214, 79
215, 80
216, 80
217, 81
218, 82
217, 83
217, 84
217, 85
217, 86
217, 87
217, 88
217, 89
217, 90
217, 91
216, 91
215, 92
215, 93
215, 94
215, 95
215, 96
214, 97
214, 98
214, 99
214, 100
213, 101
213, 102
213, 103
212, 104
212, 105
212, 106
211, 107
211, 108
211, 109
210, 109
209, 110
209, 111
209, 112
209, 113
209, 114
208, 115
208, 116
208, 117
208, 118
207, 118
206, 119
206, 120
205, 121
204, 121
203, 121
202, 122
201, 122
200, 122
199, 123
198, 123
197, 123
196, 123
195, 123
194, 124
193, 124
192, 124
191, 124
190, 124
189, 125
188, 125
187, 125
186, 125
185, 125
184, 125
183, 126
182, 126
181, 126
180, 126
179, 126
178, 127
177, 127
176, 127
175, 127
174, 127
173, 128
172, 128
171, 128
170, 128
169, 129
168, 129
167, 129
166, 129
165, 129
164, 129
163, 130
163, 131
162, 131
161, 132
161, 133
161, 134
162, 135
163, 135
164, 135
165, 135
166, 134
167, 134
168, 134
169, 134
170, 134
169, 134
168, 134
167, 134
166, 134
165, 135
164, 135
163, 135
162, 135
161, 136
160, 136
159, 136
158, 136
157, 137
156, 138
155, 139
155, 140
154, 141
153, 142
153, 143
153, 144
153, 145
153, 146
152, 146
151, 146
150, 146
149, 147
149, 148
149, 149
149, 150
149, 151
149, 152
149, 153
149, 154
149, 155
148, 156
148, 157
147, 158
147, 159
147, 160
146, 161
146, 162
146, 163
146, 164
146, 165
146, 166
146, 167
145, 168
145, 169
145, 170
145, 171
145, 172
145, 173
145, 174
145, 175
145, 176
145, 177
145, 178
145, 179
145, 180
145, 181
145, 182
145, 183
145, 184
144, 185
144, 186
144, 187
144, 188
144, 189
144, 190
144, 191
143, 191
142, 192
142, 193
142, 194
142, 195
143, 196
144, 196
143, 196
142, 197
142, 198
142, 199
142, 200
141, 201
141, 202
141, 203
142, 204
143, 204
143, 205
143, 206
142, 207
142, 208
142, 209
142, 210
141, 211
141, 212
141, 213
141, 214
140, 215
140, 216
140, 217
141, 218
141, 219
141, 220
141, 221
141, 222
141, 223
141, 224
141, 225
141, 226
141, 227
140, 228
140, 229
140, 230
140, 231
140, 232
140, 233
140, 234
140, 235
139, 236
139, 237
138, 238
138, 239
138, 240
138, 241
139, 242
139, 243
139, 244
138, 245
138, 246
138, 247
138, 248
138, 249
138, 250
138, 251
138, 252
137, 253
136, 254
136, 255
136, 256
136, 257
137, 258
137, 259
137, 260
137, 261
136, 262
136, 263
136, 264
136, 265
136, 266
135, 266
134, 267
134, 268
134, 269
134, 270
134, 271
134, 272
134, 273
134, 274
135, 275
135, 276
135, 277
135, 278
135, 279
135, 280
135, 281
135, 282
135, 283
135, 284
135, 285
135, 286
135, 287
134, 288
134, 289
134, 290
134, 291
134, 292
133, 292
132, 293
132, 294
132, 295
132, 296
132, 297
133, 298
132, 299
132, 300
132, 301
133, 302
132, 303
132, 304
132, 305
132, 306
132, 307
132, 308
133, 309
132, 310
132, 311
132, 312
132, 313
132, 314
133, 315
133, 316
132, 317
132, 318
132, 319
132, 320
132, 321
132, 322
131, 322
130, 323
130, 324
130, 325
130, 326
131, 327
131, 328
131, 329
132, 330
132, 331
131, 332
130, 332
129, 333
128, 333
127, 333
126, 333
125, 333
124, 333
123, 333
122, 333
121, 333
120, 333
119, 333
118, 333
117, 333
116, 333
115, 333
114, 333
113, 333
112, 333
111, 333
110, 333
109, 333
108, 333
107, 333
106, 333
105, 333
104, 332
103, 332
102, 332
101, 332
100, 332
99, 331
98, 331
97, 331
96, 331
95, 330
95, 329
94, 328
93, 327
92, 327
91, 327
90, 327
89, 327
88, 327
87, 327
86, 327
85, 326
84, 326
83, 325
82, 324
82, 323
82, 322
82, 321
82, 320
82, 319
82, 318
83, 317
83, 316
84, 315
84, 314
84, 313
85, 312
86, 312
87, 311
88, 311
89, 311
90, 310
91, 310
92, 310
93, 309
94, 308
95, 307
96, 306
97, 305
97, 304
97, 303
96, 302
95, 301
94, 300
94, 299
94, 298
95, 298
96, 297
96, 296
96, 295
96, 294
97, 293
98, 292
99, 291
100, 291
101, 291
102, 291
103, 291
104, 291
105, 291
106, 291
107, 291
108, 292
109, 292
110, 292
111, 292
112, 292
113, 292
114, 292
115, 291
116, 291
117, 290
117, 289
117, 288
118, 287
118, 286
118, 285
118, 284
118, 283
118, 282
118, 281
118, 280
118, 279
118, 278
119, 277
119, 276
119, 275
119, 274
119, 273
119, 272
120, 271
120, 270
120, 269
120, 268
120, 267
120, 266
120, 265
120, 264
120, 263
121, 262
121, 261
121, 260
121, 259
121, 258
121, 257
121, 256
121, 255
122, 254
122, 253
122, 252
122, 251
122, 250
122, 249
122, 248
122, 247
122, 246
122, 245
122, 244
123, 243
123, 242
123, 241
123, 240
123, 239
123, 238
123, 237
123, 236
123, 235
123, 234
124, 233
124, 232
124, 231
124, 230
124, 229
124, 228
124, 227
124, 226
124, 225
124, 224
124, 223
125, 222
125, 221
125, 220
125, 219
125, 218
125, 217
125, 216
126, 215
126, 214
126, 213
126, 212
126, 211
126, 210
126, 209
126, 208
127, 207
127, 206
127, 205
127, 204
127, 203
127, 202
127, 201
127, 200
127, 199
127, 198
127, 197
128, 196
128, 195
128, 194
128, 193
128, 192
128, 191
128, 190
128, 189
128, 188
128, 187
129, 186
129, 185
129, 184
129, 183
129, 182
129, 181
129, 180
130, 179
130, 178
130, 177
130, 176
130, 175
130, 174
130, 173
130, 172
131, 171
131, 170
131, 169
131, 168
130, 167
130, 166
130, 165
130, 164
131, 163
131, 162
131, 161
131, 160
131, 159
131, 158
131, 157
131, 156
131, 155
131, 154
130, 153
130, 152
130, 151
130, 150
130, 149
130, 148
130, 147
130, 146
130, 145
130, 144
130, 143
130, 142
130, 141
130, 140
129, 139
129, 138
129, 137
129, 136
128, 135
127, 135
126, 134
125, 133
124, 133
123, 133
122, 133
121, 133
121, 132
121, 131
120, 130
119, 129
118, 129
117, 129
116, 129
115, 128
114, 128
113, 128
112, 127
111, 127
110, 126
109, 126
108, 125
107, 125
106, 125
105, 125
104, 125
103, 124
102, 124
101, 124
100, 124
99, 123
98, 123
97, 123
96, 123
95, 122
94, 122
93, 122
92, 122
91, 121
90, 121
89, 121
88, 121
87, 120
86, 120
85, 120
84, 120
83, 120
82, 119
81, 119
80, 119
79, 118
78, 118
77, 117
76, 116
75, 115
74, 114
74, 113
74, 112
74, 111
74, 110
74, 109
74, 108
74, 107
73, 106
73, 105
73, 104
73, 103
73, 102
73, 101
73, 100
72, 99
72, 98
72, 97
72, 96
72, 95
72, 94
72, 93
72, 92
72, 91
72, 90
72, 89
72, 88
71, 87
71, 86
