76, 158
76, 157
76, 156
76, 155
76, 154
76, 153
76, 152
76, 151
76, 150
76, 149
76, 148
76, 147
76, 146
76, 145
76, 144
76, 143
76, 142
77, 141
77, 140
77, 139
77, 138
77, 137
77, 136
77, 135
77, 134
77, 133
77, 132
77, 131
77, 130
77, 129
77, 128
77, 127
77, 126
77, 125
77, 124
77, 123
77, 122
77, 121
77, 120
77, 119
77, 118
78, 117
78, 116
78, 115
78, 114
78, 113
78, 112
79, 111
79, 110
79, 109
80, 108
80, 107
81, 106
82, 106
83, 105
84, 104
85, 104
86, 103
87, 103
88, 102
89, 102
90, 102
91, 101
92, 101
93, 101
94, 101
95, 101
96, 101
97, 101
98, 101
99, 102
100, 102
101, 102
102, 102
103, 102
104, 102
105, 102
106, 102
107, 102
108, 102
109, 102
110, 102
111, 102
112, 102
113, 101
114, 101
115, 101
116, 101
117, 101
118, 101
119, 101
120, 101
121, 101
122, 102
123, 102
124, 102
125, 102
126, 102
127, 102
128, 101
129, 101
130, 101
131, 101
132, 101
133, 101
134, 101
135, 102
136, 102
137, 102
138, 102
139, 102
140, 102
141, 102
142, 102
143, 102
144, 102
145, 102
146, 102
147, 102
148, 102
149, 102
150, 102
151, 102
152, 102
153, 102
154, 102
155, 102
156, 102
157, 102
158, 102
159, 101
160, 101
161, 102
162, 102
163, 102
164, 102
165, 102
166, 102
167, 103
168, 104
169, 104
170, 105
171, 106
172, 107
173, 108
173, 109
173, 110
173, 111
173, 112
174, 113
174, 114
175, 115
175, 116
175, 117
175, 118
174, 119
174, 120
174, 121
175, 122
175, 123
175, 124
175, 125
174, 126
174, 127
174, 128
174, 129
175, 130
174, 131
174, 132
174, 133
174, 134
174, 135
174, 136
174, 137
174, 138
175, 139
174, 140
173, 141
173, 142
173, 143
174, 144
174, 145
174, 146
174, 147
174, 148
174, 149
173, 150
173, 151
173, 152
173, 153
173, 154
173, 155
174, 156
174, 157
173, 158
173, 159
173, 160
173, 161
173, 162
173, 163
173, 164
173, 165
173, 166
173, 167
173, 168
173, 169
173, 170
173, 171
173, 172
173, 173
173, 174
173, 175
173, 176
173, 177
173, 178
173, 179
173, 180
172, 181
171, 182
170, 182
169, 183
168, 183
167, 184
166, 184
165, 184
164, 184
163, 184
162, 185
161, 185
160, 185
159, 185
158, 185
157, 185
156, 185
155, 185
154, 185
153, 185
152, 185
151, 185
150, 186
150, 187
150, 188
151, 189
152, 189
153, 189
153, 190
152, 190
151, 190
150, 190
149, 190
148, 191
147, 192
147, 193
147, 194
147, 195
146, 195
145, 196
145, 197
145, 198
145, 199
145, 200
145, 201
145, 202
145, 203
145, 204
145, 205
145, 206
145, 207
145, 208
145, 209
145, 210
145, 211
145, 212
145, 213
145, 214
145, 215
145, 216
145, 217
145, 218
145, 219
145, 220
145, 221
144, 221
143, 220
142, 220
141, 220
140, 220
139, 221
139, 222
139, 223
138, 224
137, 225
136, 226
136, 227
135, 228
135, 229
135, 230
134, 230
133, 231
133, 232
133, 233
132, 233
131, 234
131, 235
131, 236
130, 236
129, 237
129, 236
128, 235
127, 235
126, 235
125, 236
125, 237
124, 238
124, 239
124, 240
124, 241
124, 242
124, 243
125, 244
126, 244
127, 244
128, 244
129, 244
129, 245
130, 246
131, 246
131, 247
131, 248
131, 249
131, 250
130, 251
129, 252
129, 253
128, 253
128, 252
127, 251
126, 251
125, 251
124, 252
124, 253
124, 254
124, 255
124, 256
125, 257
125, 258
126, 259
127, 259
128, 260
129, 261
129, 262
128, 263
127, 263
126, 263
125, 263
124, 263
123, 264
123, 265
123, 266
123, 267
123, 268
123, 269
123, 270
123, 271
123, 272
123, 273
123, 274
123, 275
123, 276
123, 277
123, 278
123, 279
123, 280
123, 281
124, 282
125, 282
126, 282
127, 281
127, 280
127, 281
128, 282
129, 283
129, 284
130, 285
129, 286
129, 287
129, 288
129, 289
130, 290
131, 291
131, 292
131, 293
131, 294
131, 295
130, 295
129, 296
129, 297
129, 298
128, 298
127, 298
126, 299
125, 300
124, 300
123, 301
123, 302
123, 303
123, 304
123, 305
124, 306
125, 306
126, 307
127, 307
127, 308
128, 309
129, 310
129, 311
129, 312
130, 313
129, 314
129, 315
129, 316
128, 316
127, 317
127, 318
126, 318
125, 318
124, 318
123, 318
122, 319
121, 320
121, 321
120, 322
119, 323
118, 323
117, 323
116, 324
116, 325
115, 325
114, 325
113, 325
112, 326
111, 326
111, 325
110, 324
109, 324
108, 324
107, 325
106, 324
106, 323
106, 322
105, 321
105, 320
104, 319
104, 318
103, 317
103, 316
103, 315
102, 314
102, 313
102, 312
101, 311
100, 310
99, 309
99, 308
99, 307
99, 306
99, 305
99, 304
99, 303
99, 302
99, 301
99, 300
99, 299
99, 298
99, 297
99, 296
99, 295
99, 294
99, 293
99, 292
99, 291
100, 290
100, 289
100, 288
100, 287
100, 286
100, 285
100, 284
100, 283
100, 282
100, 281
100, 280
100, 279
100, 278
100, 277
100, 276
100, 275
100, 274
100, 273
100, 272
100, 271
100, 270
100, 269
100, 268
100, 267
100, 266
100, 265
100, 264
101, 263
101, 262
101, 261
101, 260
101, 259
101, 258
101, 257
101, 256
101, 255
101, 254
101, 253
101, 252
101, 251
101, 250
101, 249
101, 248
101, 247
102, 246
102, 245
102, 244
102, 243
102, 242
102, 241
102, 240
102, 239
102, 238
102, 237
102, 236
102, 235
102, 234
102, 233
102, 232
102, 231
102, 230
102, 229
102, 228
102, 227
102, 226
102, 225
103, 224
103, 223
103, 222
103, 221
103, 220
103, 219
103, 218
103, 217
103, 216
103, 215
103, 214
103, 213
104, 212
104, 211
104, 210
104, 209
105, 208
105, 207
105, 206
105, 205
105, 204
104, 203
104, 202
105, 201
105, 200
105, 199
105, 198
105, 197
105, 196
105, 195
105, 194
105, 193
105, 192
104, 191
103, 190
104, 189
104, 188
104, 187
103, 186
102, 185
101, 185
100, 185
99, 185
98, 184
97, 184
96, 184
95, 184
94, 184
93, 184
92, 184
91, 184
90, 184
89, 184
88, 185
87, 185
86, 185
85, 185
84, 184
83, 184
82, 184
81, 183
80, 183
79, 182
78, 181
77, 180
77, 179
76, 178
76, 177
75, 176
75, 175
75, 174
75, 173
75, 172
75, 171
75, 170
75, 169
75, 168
75, 167
75, 166
75, 165
75, 164
75, 163
75, 162
75, 161
75, 160
75, 159
