64, 186
64, 185
64, 184
64, 183
64, 182
64, 181
64, 180
64, 179
64, 178
64, 177
64, 176
64, 175
64, 174
64, 173
64, 172
64, 171
64, 170
64, 169
65, 168
65, 167
65, 166
65, 165
65, 164
65, 163
65, 162
65, 161
65, 160
65, 159
65, 158
65, 157
65, 156
65, 155
66, 154
66, 153
66, 152
66, 151
66, 150
67, 149
67, 148
67, 147
67, 146
68, 145
68, 144
68, 143
68, 142
68, 141
68, 140
68, 139
68, 138
68, 137
68, 136
69, 135
70, 134
70, 133
70, 132
70, 131
70, 130
70, 129
70, 128
69, 127
69, 126
70, 125
70, 124
70, 123
70, 122
70, 121
70, 120
70, 119
71, 118
71, 117
71, 116
71, 115
71, 114
71, 113
70, 112
70, 111
71, 111
72, 110
72, 109
72, 108
71, 107
70, 107
71, 106
71, 105
72, 104
72, 103
72, 102
72, 101
72, 100
73, 99
73, 98
73, 97
72, 96
72, 95
73, 94
73, 93
73, 92
73, 91
73, 90
73, 89
73, 88
73, 87
74, 86
74, 85
74, 84
74, 83
74, 82
75, 81
75, 80
75, 79
75, 78
75, 77
75, 76
74, 75
73, 75
73, 74
73, 73
73, 72
74, 72
75, 71
75, 70
75, 71
75, 72
75, 73
75, 74
76, 75
76, 76
76, 77
76, 78
76, 79
76, 80
76, 81
76, 82
76, 83
76, 84
76, 85
76, 86
76, 87
76, 88
76, 89
77, 90
77, 91
77, 92
77, 93
77, 94
77, 95
77, 96
77, 97
77, 98
77, 99
77, 100
77, 101
77, 102
77, 103
77, 104
77, 105
77, 106
77, 107
78, 108
78, 109
78, 110
78, 111
78, 112
78, 113
78, 114
78, 115
78, 116
78, 117
78, 118
78, 119
78, 120
78, 121
78, 122
78, 123
78, 124
78, 125
78, 126
78, 127
78, 128
78, 129
79, 130
79, 131
79, 132
79, 133
79, 134
79, 135
79, 136
79, 137
79, 138
79, 139
79, 140
79, 141
79, 142
79, 143
80, 144
80, 145
80, 146
80, 147
80, 148
80, 149
80, 150
80, 151
80, 152
79, 153
79, 154
79, 155
80, 156
81, 157
81, 158
81, 159
81, 160
82, 161
82, 162
82, 163
82, 164
82, 165
82, 166
82, 167
82, 168
82, 169
82, 170
82, 171
82, 172
82, 173
82, 174
83, 175
84, 175
84, 176
84, 177
84, 178
84, 179
84, 180
85, 181
85, 182
85, 183
85, 184
86, 185
87, 185
88, 185
88, 186
89, 187
90, 187
91, 187
92, 186
92, 185
92, 184
92, 183
92, 182
92, 181
92, 180
92, 179
92, 178
93, 177
93, 176
93, 175
93, 174
93, 173
94, 173
95, 172
95, 171
95, 170
94, 169
94, 168
94, 167
94, 166
94, 165
94, 164
94, 163
94, 162
94, 161
94, 160
94, 159
94, 158
94, 157
94, 156
94, 155
93, 154
93, 153
94, 152
94, 151
94, 150
94, 149
94, 148
94, 147
94, 146
94, 145
94, 144
94, 143
94, 142
94, 141
94, 140
94, 139
94, 138
93, 137
93, 136
94, 135
94, 134
94, 133
93, 132
94, 131
94, 130
94, 129
94, 128
94, 127
94, 126
94, 125
94, 124
94, 123
94, 122
94, 121
94, 120
94, 119
94, 118
94, 117
94, 116
94, 115
94, 114
94, 113
94, 112
94, 111
94, 110
94, 109
94, 108
94, 107
94, 106
94, 105
94, 104
94, 103
94, 102
94, 101
94, 100
94, 99
94, 98
94, 97
94, 96
94, 95
94, 94
94, 93
94, 92
94, 91
94, 90
94, 89
94, 88
94, 87
94, 86
94, 85
94, 84
94, 83
94, 82
94, 81
94, 80
94, 79
94, 78
94, 77
94, 76
94, 75
94, 74
94, 73
94, 72
94, 71
94, 70
94, 69
94, 68
94, 67
94, 68
94, 69
94, 70
94, 71
94, 72
94, 73
94, 74
94, 75
94, 76
94, 77
94, 78
94, 79
94, 80
95, 81
95, 82
95, 83
95, 84
95, 85
95, 86
95, 87
95, 88
95, 89
95, 90
95, 91
95, 92
96, 93
96, 94
96, 95
96, 96
96, 97
96, 98
96, 99
96, 100
96, 101
96, 102
96, 103
96, 104
96, 105
96, 106
96, 107
96, 108
97, 109
97, 110
97, 111
97, 112
97, 113
97, 114
97, 115
97, 116
97, 117
97, 118
97, 119
97, 120
98, 121
98, 122
98, 123
98, 124
98, 125
98, 126
98, 127
98, 128
98, 129
98, 130
98, 131
98, 132
99, 133
99, 134
99, 135
99, 136
99, 137
99, 138
99, 139
100, 140
100, 141
100, 142
100, 143
100, 144
100, 145
100, 146
100, 147
100, 148
100, 149
100, 150
101, 151
101, 152
101, 153
101, 154
101, 155
102, 156
102, 157
101, 158
101, 159
101, 160
101, 161
101, 162
101, 163
101, 164
101, 165
100, 166
100, 167
100, 168
101, 169
101, 170
102, 171
102, 172
103, 173
104, 173
104, 174
104, 175
104, 176
104, 177
104, 178
105, 179
106, 179
105, 179
104, 180
104, 181
104, 182
104, 183
104, 184
104, 185
104, 186
104, 187
104, 188
104, 189
104, 190
105, 191
106, 191
107, 191
108, 190
109, 190
109, 191
109, 192
109, 193
109, 194
110, 195
111, 195
112, 195
113, 194
113, 193
113, 192
113, 191
113, 190
113, 189
113, 188
113, 187
113, 186
113, 185
113, 184
113, 183
113, 182
114, 181
114, 180
115, 179
115, 178
115, 177
115, 176
115, 175
115, 174
115, 173
116, 172
116, 171
116, 170
115, 169
115, 168
115, 167
115, 166
115, 165
115, 164
115, 163
115, 162
115, 161
115, 160
115, 159
115, 158
115, 157
115, 156
115, 155
115, 154
115, 153
115, 152
115, 151
114, 150
114, 149
114, 148
114, 147
114, 146
114, 145
114, 144
114, 143
115, 142
115, 141
115, 140
115, 139
114, 138
115, 137
115, 136
115, 135
115, 134
114, 133
114, 132
114, 131
114, 130
114, 129
114, 128
114, 127
114, 126
114, 125
114, 124
114, 123
114, 122
114, 121
114, 120
114, 119
114, 118
114, 117
114, 116
114, 115
114, 114
114, 113
114, 112
114, 111
114, 110
114, 109
114, 108
114, 107
114, 106
114, 105
114, 104
114, 103
114, 102
114, 101
114, 100
114, 99
114, 98
114, 97
113, 96
113, 95
113, 94
113, 93
113, 92
113, 91
113, 90
113, 89
113, 88
113, 87
113, 86
113, 85
113, 84
113, 83
113, 82
113, 81
113, 80
113, 79
113, 78
113, 77
113, 76
113, 75
113, 74
113, 73
113, 72
113, 73
114, 74
114, 75
114, 76
114, 77
114, 78
114, 79
114, 80
114, 81
115, 82
115, 83
115, 84
115, 85
115, 86
115, 87
115, 88
115, 89
115, 90
116, 91
116, 92
116, 93
116, 94
116, 95
116, 96
116, 97
116, 98
116, 99
116, 100
116, 101
116, 102
116, 103
116, 104
116, 105
116, 106
116, 107
117, 108
117, 109
117, 110
117, 111
117, 112
117, 113
117, 114
117, 115
118, 116
118, 117
118, 118
118, 119
118, 120
118, 121
118, 122
118, 123
118, 124
118, 125
119, 126
119, 127
119, 128
119, 129
119, 130
119, 131
119, 132
119, 133
119, 134
120, 135
120, 136
120, 137
120, 138
120, 139
120, 140
120, 141
120, 142
121, 143
121, 144
121, 145
121, 146
121, 147
121, 148
121, 149
121, 150
121, 151
121, 152
121, 153
121, 154
121, 155
121, 156
121, 157
122, 158
122, 159
123, 160
124, 160
124, 161
124, 162
124, 163
124, 164
125, 165
125, 166
124, 167
124, 168
124, 169
124, 170
125, 171
126, 171
126, 172
126, 173
126, 174
126, 175
126, 176
127, 177
127, 178
128, 179
128, 180
128, 181
128, 182
128, 183
128, 184
129, 185
129, 186
129, 187
129, 188
129, 189
129, 190
130, 191
130, 192
131, 193
132, 193
133, 193
134, 193
135, 192
135, 191
135, 190
135, 189
135, 188
135, 187
135, 186
135, 185
135, 184
135, 183
134, 182
134, 181
134, 180
134, 179
134, 178
134, 177
134, 176
134, 175
134, 174
134, 173
134, 172
134, 171
134, 170
135, 169
135, 168
136, 168
137, 167
137, 166
137, 165
137, 164
136, 163
136, 162
136, 161
136, 160
135, 159
135, 158
135, 157
135, 156
135, 155
135, 154
135, 153
135, 152
135, 151
135, 150
135, 149
135, 148
135, 147
135, 146
135, 145
135, 144
135, 143
135, 142
135, 141
135, 140
135, 139
135, 138
135, 137
135, 136
135, 135
135, 134
135, 133
135, 132
135, 131
135, 130
135, 129
135, 128
135, 127
135, 126
134, 125
134, 124
134, 123
134, 122
134, 121
134, 120
134, 119
134, 118
134, 117
134, 116
134, 115
133, 114
133, 113
133, 112
133, 111
133, 110
133, 109
133, 108
133, 107
133, 106
133, 105
133, 104
133, 103
133, 102
133, 101
133, 100
133, 99
133, 98
133, 97
133, 96
133, 95
133, 94
133, 93
133, 92
133, 91
133, 90
133, 89
133, 88
133, 87
133, 86
133, 85
133, 84
133, 83
132, 82
132, 81
132, 80
132, 79
132, 78
132, 77
132, 76
132, 75
132, 74
132, 73
132, 72
132, 71
132, 70
132, 69
131, 68
132, 67
132, 66
132, 65
132, 64
132, 63
132, 64
133, 65
133, 66
133, 67
134, 68
134, 69
134, 70
134, 71
134, 72
134, 73
135, 74
135, 75
136, 76
137, 77
137, 78
136, 79
136, 80
136, 81
136, 82
136, 83
136, 84
136, 85
137, 86
138, 87
138, 88
138, 89
138, 90
138, 91
139, 92
139, 93
139, 94
140, 95
140, 96
140, 97
140, 98
140, 99
140, 100
141, 101
141, 102
142, 103
142, 104
142, 105
143, 106
144, 107
144, 108
144, 109
144, 110
144, 111
144, 112
144, 113
144, 114
144, 115
144, 116
144, 117
144, 118
145, 119
145, 120
145, 121
145, 122
145, 123
146, 124
146, 125
146, 126
146, 127
147, 128
148, 128
148, 129
148, 130
148, 131
148, 132
148, 133
148, 134
148, 135
148, 136
148, 137
149, 138
150, 138
150, 139
150, 140
150, 141
150, 142
150, 143
150, 144
150, 145
150, 146
150, 147
150, 148
150, 149
151, 150
152, 150
152, 151
152, 152
152, 153
152, 154
152, 155
152, 156
152, 157
152, 158
152, 159
152, 160
152, 161
152, 162
152, 163
152, 164
152, 165
153, 166
154, 166
154, 167
154, 168
154, 169
154, 170
154, 171
154, 172
154, 173
154, 174
155, 175
155, 176
154, 177
154, 178
154, 179
154, 180
155, 181
156, 181
156, 182
156, 183
156, 184
156, 185
156, 186
156, 187
156, 188
156, 189
156, 190
157, 191
157, 192
157, 193
157, 194
157, 195
158, 196
158, 197
158, 198
158, 199
158, 200
158, 201
158, 202
158, 203
158, 204
158, 205
158, 206
158, 207
158, 208
157, 209
157, 210
157, 211
157, 212
157, 213
157, 214
156, 215
156, 216
156, 217
156, 218
156, 219
156, 220
155, 220
154, 221
154, 222
154, 223
154, 224
153, 225
153, 226
152, 227
152, 228
152, 229
152, 230
153, 231
154, 231
154, 232
154, 233
153, 234
153, 235
153, 236
153, 237
152, 238
152, 239
151, 240
151, 241
151, 242
151, 243
151, 244
150, 244
149, 245
149, 246
148, 247
147, 248
147, 249
146, 250
146, 251
146, 252
145, 253
144, 254
144, 255
144, 256
143, 257
142, 257
141, 258
141, 259
140, 260
140, 261
140, 262
139, 262
138, 263
138, 264
138, 265
137, 265
136, 266
136, 267
135, 268
134, 269
133, 270
132, 271
132, 272
132, 273
133, 274
132, 275
131, 275
130, 275
129, 276
128, 277
127, 278
126, 279
126, 280
125, 281
125, 282
124, 283
124, 284
124, 285
123, 286
123, 287
122, 288
122, 289
122, 290
121, 291
121, 292
121, 293
120, 294
120, 295
120, 296
120, 297
119, 298
119, 299
118, 300
118, 301
118, 302
118, 303
118, 304
118, 305
118, 306
118, 307
118, 308
119, 309
120, 309
121, 309
122, 308
122, 307
122, 306
123, 306
122, 307
122, 308
122, 309
121, 309
120, 309
119, 310
119, 311
119, 312
119, 313
118, 314
118, 315
118, 316
119, 317
118, 318
118, 319
118, 320
118, 321
118, 322
118, 323
117, 324
117, 325
117, 326
117, 327
117, 328
117, 329
117, 330
116, 331
116, 332
116, 333
116, 334
116, 335
116, 336
115, 336
114, 337
114, 338
113, 339
113, 340
113, 341
114, 342
115, 342
116, 342
116, 343
116, 344
116, 345
116, 346
116, 347
116, 348
116, 349
116, 350
116, 351
115, 352
115, 353
114, 353
113, 354
113, 355
113, 356
113, 357
113, 358
113, 359
113, 360
113, 361
113, 362
113, 363
113, 364
113, 365
113, 366
113, 367
113, 368
113, 369
113, 370
113, 371
113, 372
113, 373
113, 374
113, 375
113, 376
113, 377
113, 378
114, 379
115, 379
116, 379
116, 380
115, 380
114, 380
113, 381
113, 382
113, 383
113, 384
113, 385
113, 386
113, 387
113, 388
113, 389
113, 390
113, 391
113, 392
113, 393
113, 394
113, 395
113, 396
113, 397
114, 398
115, 398
115, 399
115, 400
115, 401
115, 402
115, 403
115, 404
115, 405
115, 406
115, 407
114, 407
113, 408
113, 409
113, 410
113, 411
113, 412
113, 413
112, 414
112, 415
112, 416
112, 417
113, 418
114, 418
115, 418
114, 418
113, 418
112, 419
112, 420
112, 421
112, 422
113, 423
114, 423
115, 423
114, 424
113, 424
112, 425
112, 426
112, 427
113, 428
113, 429
113, 430
113, 431
113, 432
113, 433
113, 434
113, 435
113, 436
113, 437
113, 438
113, 439
113, 440
113, 441
113, 442
113, 443
113, 444
114, 445
115, 445
114, 445
113, 446
113, 447
113, 448
113, 449
113, 450
113, 451
113, 452
113, 453
113, 454
113, 455
113, 456
113, 457
113, 458
113, 459
113, 460
112, 460
111, 461
111, 462
111, 463
111, 464
111, 465
112, 466
113, 466
114, 467
115, 467
114, 468
114, 469
114, 470
114, 471
114, 472
114, 473
114, 474
114, 475
114, 476
114, 477
114, 478
113, 479
113, 480
113, 481
113, 482
114, 483
114, 484
113, 485
113, 486
113, 487
113, 488
114, 489
114, 490
114, 491
114, 492
114, 493
114, 494
114, 495
114, 496
114, 497
114, 498
114, 499
114, 500
115, 501
115, 502
115, 503
115, 504
115, 505
115, 506
115, 507
115, 508
115, 509
115, 510
114, 511
114, 512
114, 513
114, 514
115, 515
115, 516
115, 517
115, 518
116, 519
116, 520
115, 521
115, 522
115, 523
116, 524
116, 525
116, 526
116, 527
116, 528
116, 529
115, 529
114, 530
114, 531
114, 532
115, 533
116, 534
116, 535
116, 536
116, 537
116, 538
116, 539
116, 540
116, 541
115, 542
115, 543
115, 544
116, 545
116, 546
117, 547
118, 547
117, 547
116, 548
116, 549
116, 550
116, 551
117, 552
118, 552
119, 552
119, 553
118, 554
118, 555
118, 556
118, 557
118, 558
118, 559
118, 560
118, 561
118, 562
118, 563
118, 564
118, 565
118, 566
118, 567
119, 568
118, 568
117, 569
117, 570
117, 571
117, 572
117, 573
118, 574
119, 575
119, 576
119, 577
119, 578
119, 579
119, 580
119, 581
120, 582
120, 583
120, 584
120, 585
120, 586
120, 587
120, 588
120, 589
120, 590
120, 591
120, 592
120, 593
121, 594
121, 595
121, 596
121, 597
121, 598
121, 599
121, 600
121, 601
121, 602
121, 603
121, 604
121, 605
121, 606
121, 607
121, 608
121, 609
122, 610
122, 611
122, 612
122, 613
122, 614
122, 615
122, 616
122, 617
122, 618
122, 619
122, 620
122, 621
122, 622
122, 623
122, 624
122, 625
122, 626
123, 627
123, 628
123, 629
123, 630
123, 631
123, 632
123, 633
123, 634
123, 635
123, 636
123, 637
124, 638
124, 639
124, 640
124, 641
124, 642
124, 643
124, 644
124, 645
124, 646
124, 647
124, 648
124, 649
124, 650
124, 651
125, 652
125, 653
125, 654
125, 655
125, 656
125, 657
125, 658
125, 659
125, 660
125, 661
125, 662
125, 663
126, 664
126, 665
126, 666
126, 667
126, 668
126, 669
126, 670
126, 671
126, 672
125, 673
125, 674
125, 675
125, 676
125, 677
126, 678
126, 679
126, 680
126, 681
126, 682
126, 683
127, 684
127, 685
127, 686
127, 687
127, 688
127, 689
127, 690
127, 691
127, 692
127, 693
127, 694
127, 695
127, 696
127, 697
127, 698
127, 699
127, 700
127, 701
127, 702
126, 703
126, 704
126, 705
126, 706
126, 707
126, 708
126, 709
126, 710
125, 710
124, 711
124, 712
124, 713
124, 714
124, 715
124, 716
124, 717
123, 717
122, 718
121, 718
120, 719
119, 719
118, 720
117, 720
116, 720
115, 721
114, 721
113, 721
112, 721
111, 721
110, 722
109, 722
108, 722
107, 722
106, 722
105, 722
104, 722
103, 722
102, 722
101, 722
100, 723
99, 723
98, 723
97, 723
96, 723
95, 723
94, 723
93, 723
92, 723
91, 723
90, 723
89, 723
88, 722
87, 722
86, 722
85, 721
84, 721
83, 720
82, 719
81, 718
81, 717
80, 716
80, 715
80, 714
80, 713
79, 712
79, 711
79, 710
79, 709
80, 708
80, 707
80, 706
81, 705
81, 704
81, 703
81, 702
81, 701
81, 700
81, 699
81, 698
81, 697
81, 696
81, 695
81, 694
81, 693
81, 692
81, 691
81, 690
80, 689
81, 688
81, 687
81, 686
81, 685
81, 684
81, 683
81, 682
81, 681
81, 680
81, 679
81, 678
81, 677
81, 676
81, 675
81, 674
81, 673
81, 672
81, 671
81, 670
81, 669
82, 668
82, 667
82, 666
82, 665
82, 664
82, 663
82, 662
83, 661
83, 660
83, 659
83, 658
83, 657
83, 656
83, 655
83, 654
84, 653
85, 652
85, 651
85, 650
85, 649
85, 648
85, 647
85, 646
85, 645
85, 644
85, 643
85, 642
85, 641
86, 640
86, 639
86, 638
86, 637
86, 636
86, 635
86, 634
86, 633
87, 632
87, 631
87, 630
87, 629
87, 628
88, 627
88, 626
88, 625
87, 624
87, 623
88, 622
88, 621
88, 620
87, 619
88, 618
88, 617
88, 616
88, 615
89, 614
89, 613
89, 612
89, 611
88, 610
88, 609
88, 608
88, 607
88, 606
89, 605
89, 604
89, 603
89, 602
89, 601
89, 600
90, 599
90, 598
90, 597
91, 596
91, 595
91, 594
90, 593
89, 593
89, 592
89, 591
90, 590
90, 589
90, 588
90, 587
90, 586
90, 585
91, 584
91, 583
91, 582
91, 581
91, 580
91, 579
91, 578
90, 577
91, 576
91, 575
91, 574
91, 573
91, 572
91, 571
91, 570
91, 569
92, 569
93, 569
94, 568
94, 567
94, 566
94, 565
94, 564
94, 563
95, 562
95, 561
95, 560
95, 559
95, 558
96, 557
97, 557
98, 557
99, 556
99, 555
99, 554
99, 553
99, 552
99, 551
100, 550
100, 549
100, 548
100, 547
99, 546
98, 546
97, 546
96, 547
95, 548
94, 549
94, 550
94, 551
93, 552
92, 553
92, 554
92, 555
91, 556
91, 555
91, 554
92, 553
92, 552
92, 551
92, 550
92, 549
92, 548
92, 547
92, 546
92, 545
92, 544
92, 543
92, 542
92, 541
93, 540
93, 539
93, 538
93, 537
93, 536
93, 535
93, 534
93, 533
93, 532
93, 531
93, 530
93, 529
93, 528
93, 527
93, 526
93, 525
93, 524
93, 523
93, 522
93, 521
93, 520
94, 519
94, 518
94, 517
94, 516
94, 515
94, 514
94, 513
94, 512
94, 511
94, 510
94, 509
94, 508
94, 507
95, 506
95, 505
95, 504
95, 503
95, 502
95, 501
95, 500
95, 499
95, 498
95, 497
95, 496
95, 495
95, 494
95, 493
95, 492
95, 491
95, 490
95, 489
95, 488
95, 487
95, 486
95, 485
95, 484
95, 483
95, 482
95, 481
95, 480
95, 479
95, 478
95, 477
95, 476
95, 475
95, 474
95, 473
95, 472
95, 471
95, 470
95, 469
95, 468
95, 467
95, 466
96, 465
96, 464
96, 463
96, 462
96, 461
96, 460
96, 459
96, 458
96, 457
96, 456
96, 455
96, 454
96, 453
96, 452
96, 451
96, 450
96, 449
96, 448
96, 447
96, 446
96, 445
96, 444
96, 443
96, 442
96, 441
96, 440
96, 439
96, 438
97, 437
97, 436
97, 435
97, 434
96, 433
96, 432
96, 431
96, 430
96, 429
95, 428
96, 428
97, 427
97, 426
97, 425
97, 424
97, 423
97, 422
97, 421
97, 420
97, 419
97, 418
97, 417
97, 416
97, 415
97, 414
97, 413
97, 412
97, 411
97, 410
97, 409
97, 408
97, 407
97, 406
97, 405
97, 404
97, 403
97, 402
97, 401
97, 400
97, 399
97, 398
97, 397
97, 396
98, 395
98, 394
98, 393
98, 392
98, 391
98, 390
98, 389
98, 388
98, 387
98, 386
98, 385
98, 384
98, 383
98, 382
98, 381
98, 380
98, 379
98, 378
98, 377
98, 376
97, 375
96, 375
96, 374
97, 374
98, 373
98, 372
98, 371
98, 370
98, 369
98, 368
98, 367
98, 366
99, 365
99, 364
99, 363
98, 362
98, 361
98, 360
98, 359
98, 358
98, 359
98, 360
99, 361
100, 361
99, 362
99, 363
99, 364
100, 365
101, 365
102, 365
103, 364
103, 363
103, 362
103, 363
104, 364
105, 364
106, 364
107, 363
107, 362
107, 361
107, 360
107, 359
107, 358
106, 357
105, 357
104, 357
103, 357
103, 356
103, 355
103, 354
103, 353
102, 352
102, 351
102, 350
102, 349
102, 348
101, 347
102, 346
102, 345
102, 344
102, 343
102, 342
102, 341
102, 340
101, 339
100, 339
100, 338
100, 337
101, 336
101, 335
101, 334
100, 333
99, 333
98, 333
98, 332
98, 331
97, 330
97, 329
97, 328
97, 327
97, 326
97, 325
97, 324
97, 323
97, 322
97, 321
97, 320
97, 319
97, 318
97, 317
97, 316
97, 315
97, 314
97, 313
97, 312
96, 311
96, 310
96, 309
96, 308
96, 307
96, 306
96, 305
97, 304
97, 303
97, 302
97, 301
96, 300
96, 299
96, 298
96, 297
96, 296
95, 295
95, 294
95, 293
95, 292
95, 291
94, 290
94, 289
94, 288
94, 287
93, 286
93, 285
93, 284
92, 283
92, 282
91, 281
91, 280
90, 279
90, 278
89, 277
89, 276
88, 275
87, 274
86, 273
85, 272
84, 272
84, 271
83, 270
83, 269
82, 268
81, 267
81, 266
80, 265
79, 264
79, 263
78, 262
78, 261
77, 260
77, 259
76, 258
76, 257
76, 256
75, 255
74, 255
73, 254
73, 253
73, 252
73, 251
72, 250
71, 249
71, 248
71, 247
70, 246
70, 245
70, 244
70, 243
70, 242
70, 241
69, 240
69, 239
69, 238
69, 237
68, 236
68, 235
68, 234
68, 233
68, 232
69, 231
69, 230
69, 229
68, 228
67, 228
66, 228
66, 227
65, 226
65, 225
65, 224
65, 223
65, 222
65, 221
64, 220
64, 219
64, 218
64, 217
64, 216
64, 215
64, 214
64, 213
64, 212
64, 211
64, 210
63, 209
63, 208
63, 207
63, 206
63, 205
63, 204
63, 203
63, 202
63, 201
63, 200
63, 199
63, 198
63, 197
63, 196
63, 195
63, 194
63, 193
63, 192
63, 191
63, 190
63, 189
63, 188
63, 187
