65, 229
65, 228
65, 227
65, 226
65, 225
65, 224
65, 223
65, 222
65, 221
65, 220
65, 219
65, 218
65, 217
65, 216
65, 215
65, 214
65, 213
65, 212
65, 211
65, 210
65, 209
65, 208
65, 207
65, 206
65, 205
65, 204
65, 203
65, 202
65, 201
65, 200
65, 199
65, 198
65, 197
66, 196
66, 195
66, 194
66, 193
66, 192
66, 191
66, 190
66, 189
66, 188
66, 187
66, 186
66, 185
66, 184
66, 183
66, 182
66, 181
66, 180
66, 179
67, 178
67, 177
67, 176
67, 175
67, 174
67, 173
68, 172
68, 171
68, 170
68, 169
68, 168
69, 167
70, 168
70, 169
71, 170
71, 171
72, 172
73, 173
73, 174
73, 175
74, 176
75, 177
75, 178
75, 179
76, 180
77, 181
77, 182
77, 183
77, 184
78, 185
79, 186
79, 187
79, 188
79, 189
79, 190
79, 191
79, 192
79, 193
79, 194
80, 195
80, 196
80, 197
80, 198
81, 199
81, 200
81, 201
81, 202
81, 203
81, 204
81, 205
81, 206
81, 207
81, 208
81, 209
81, 210
81, 211
81, 212
81, 213
81, 214
81, 215
81, 216
82, 217
83, 218
83, 219
84, 220
84, 221
84, 222
85, 223
86, 224
87, 225
87, 226
87, 227
88, 228
88, 229
88, 230
88, 231
89, 232
89, 233
89, 234
89, 235
89, 236
89, 237
89, 238
89, 239
89, 240
89, 241
89, 242
89, 243
89, 244
89, 245
89, 246
89, 247
89, 248
89, 249
89, 250
89, 251
88, 252
88, 253
88, 254
88, 255
89, 256
90, 256
90, 257
91, 258
92, 258
93, 258
94, 257
95, 257
96, 257
97, 256
97, 255
97, 254
96, 253
95, 253
95, 252
95, 251
95, 250
95, 249
95, 248
95, 247
95, 246
95, 245
95, 244
95, 243
95, 242
95, 241
95, 240
95, 239
95, 238
95, 237
95, 236
95, 235
94, 234
94, 233
94, 232
94, 231
94, 230
94, 229
94, 228
94, 227
94, 226
94, 225
94, 224
94, 223
94, 222
94, 221
94, 220
94, 219
94, 218
94, 217
94, 216
94, 215
94, 214
94, 213
94, 212
94, 211
94, 210
94, 209
94, 208
94, 207
94, 206
94, 205
94, 204
94, 203
94, 202
94, 201
94, 200
94, 199
94, 198
94, 197
94, 196
94, 195
94, 194
94, 193
94, 192
94, 191
94, 190
94, 189
94, 188
94, 187
94, 186
94, 185
94, 184
94, 183
94, 182
94, 181
94, 180
94, 179
94, 178
94, 177
94, 176
94, 175
94, 174
94, 173
94, 172
94, 171
94, 170
94, 169
94, 168
94, 167
94, 166
94, 165
95, 164
95, 163
96, 163
97, 162
98, 163
99, 163
99, 164
99, 165
99, 166
99, 167
99, 168
100, 169
100, 170
100, 171
101, 172
101, 173
101, 174
101, 175
101, 176
101, 177
101, 178
101, 179
101, 180
101, 181
101, 182
101, 183
101, 184
101, 185
101, 186
102, 187
102, 188
102, 189
102, 190
102, 191
103, 192
103, 193
103, 194
103, 195
103, 196
103, 197
103, 198
103, 199
103, 200
103, 201
104, 202
104, 203
104, 204
104, 205
105, 206
105, 207
104, 208
104, 209
104, 210
105, 211
105, 212
105, 213
105, 214
105, 215
106, 216
106, 217
106, 218
106, 219
106, 220
106, 221
107, 222
108, 223
108, 224
108, 225
109, 226
110, 226
111, 227
112, 228
113, 229
113, 230
113, 231
113, 232
113, 233
113, 234
113, 235
114, 236
114, 237
114, 238
114, 239
114, 240
113, 241
113, 242
113, 243
113, 244
113, 245
113, 246
113, 247
112, 248
112, 249
112, 250
112, 251
111, 252
111, 253
111, 254
112, 255
113, 255
114, 256
115, 256
116, 256
117, 255
118, 254
118, 253
118, 252
118, 251
117, 250
117, 249
118, 248
118, 247
118, 246
118, 245
118, 244
118, 243
118, 242
118, 241
118, 240
118, 239
118, 238
118, 237
118, 236
118, 235
118, 234
118, 233
118, 232
118, 231
118, 230
118, 229
118, 228
118, 227
118, 226
118, 225
118, 224
118, 223
118, 222
118, 221
118, 220
118, 219
118, 218
118, 217
118, 216
118, 215
118, 214
118, 213
118, 212
117, 211
118, 210
118, 209
118, 208
117, 207
117, 206
117, 205
117, 204
117, 203
117, 202
117, 201
117, 200
117, 199
117, 198
117, 197
117, 196
117, 195
117, 194
117, 193
117, 192
117, 191
117, 190
117, 189
117, 188
117, 187
117, 186
117, 185
117, 184
117, 183
117, 182
117, 181
117, 180
117, 179
117, 178
117, 177
117, 176
117, 175
117, 174
117, 173
118, 172
118, 171
118, 170
118, 169
118, 168
118, 167
118, 166
118, 165
119, 164
119, 163
120, 162
121, 161
122, 161
123, 161
123, 162
124, 163
125, 163
125, 164
125, 165
125, 166
125, 167
125, 168
125, 169
125, 170
125, 171
125, 172
125, 173
125, 174
125, 175
125, 176
125, 177
125, 178
125, 179
125, 180
126, 181
126, 182
126, 183
126, 184
126, 185
126, 186
126, 187
126, 188
126, 189
127, 190
127, 191
127, 192
127, 193
127, 194
127, 195
127, 196
127, 197
127, 198
127, 199
127, 200
127, 201
127, 202
127, 203
127, 204
127, 205
127, 206
127, 207
127, 208
128, 209
128, 210
128, 211
128, 212
128, 213
128, 214
128, 215
129, 216
129, 217
129, 218
129, 219
129, 220
129, 221
129, 222
129, 223
129, 224
129, 225
130, 226
130, 227
130, 228
130, 229
131, 230
131, 231
131, 232
131, 233
131, 234
131, 235
131, 236
131, 237
131, 238
131, 239
131, 240
132, 241
132, 242
132, 243
132, 244
132, 245
132, 246
133, 247
133, 248
133, 249
133, 250
133, 251
133, 252
133, 253
133, 254
133, 255
133, 256
133, 257
133, 258
133, 259
133, 260
133, 261
133, 262
133, 263
133, 264
133, 265
133, 266
133, 267
133, 268
133, 269
133, 270
133, 271
133, 272
133, 273
133, 274
132, 274
131, 275
131, 276
131, 277
132, 278
133, 278
133, 279
132, 280
132, 281
132, 282
132, 283
131, 284
131, 285
131, 286
130, 286
129, 287
129, 288
128, 289
128, 290
127, 291
127, 292
127, 293
126, 294
126, 295
126, 296
127, 297
127, 298
126, 299
126, 300
125, 301
125, 302
124, 303
124, 304
123, 305
123, 306
122, 307
122, 308
122, 309
121, 310
120, 311
120, 312
119, 313
119, 314
119, 315
118, 316
117, 317
116, 318
116, 319
116, 320
115, 321
115, 322
114, 323
114, 324
114, 325
113, 326
113, 327
113, 328
112, 329
112, 330
112, 331
112, 332
112, 333
112, 334
112, 335
112, 336
111, 336
110, 337
110, 338
110, 339
110, 340
110, 341
110, 342
110, 343
111, 344
111, 345
111, 346
111, 347
111, 348
111, 349
111, 350
111, 351
112, 352
113, 352
113, 353
113, 354
112, 355
112, 356
112, 357
112, 358
113, 359
114, 360
114, 361
114, 362
115, 363
115, 364
115, 365
115, 366
115, 367
116, 368
116, 369
116, 370
116, 371
117, 372
117, 373
117, 374
117, 375
118, 376
118, 377
118, 378
118, 379
119, 380
119, 381
119, 382
119, 383
120, 384
120, 385
120, 386
120, 387
121, 388
121, 389
121, 390
121, 391
121, 392
122, 393
122, 394
122, 395
122, 396
122, 397
122, 398
123, 399
123, 400
124, 401
124, 402
125, 403
125, 404
125, 405
125, 406
126, 407
127, 408
128, 408
129, 409
129, 410
129, 411
130, 412
130, 413
130, 414
130, 415
130, 416
131, 417
131, 418
131, 419
131, 420
131, 421
132, 422
132, 423
132, 424
132, 425
132, 426
132, 427
132, 428
132, 429
132, 430
133, 431
133, 432
133, 433
133, 434
133, 435
134, 436
134, 437
134, 438
134, 439
134, 440
134, 441
134, 442
134, 443
134, 444
134, 445
134, 446
134, 447
134, 448
134, 449
134, 450
135, 451
135, 452
135, 453
135, 454
135, 455
136, 456
136, 457
136, 458
136, 459
136, 460
136, 461
136, 462
136, 463
136, 464
136, 465
136, 466
136, 467
136, 468
137, 469
137, 470
137, 471
137, 472
137, 473
137, 474
137, 475
137, 476
137, 477
137, 478
137, 479
137, 480
137, 481
137, 482
138, 483
138, 484
138, 485
138, 486
138, 487
138, 488
138, 489
138, 490
138, 491
138, 492
138, 493
138, 494
138, 495
138, 496
138, 497
138, 498
138, 499
138, 500
138, 501
138, 502
138, 503
138, 504
138, 505
138, 506
138, 507
138, 508
138, 509
138, 510
138, 511
138, 512
138, 513
138, 514
138, 515
138, 516
138, 517
139, 518
139, 519
139, 520
139, 521
139, 522
139, 523
139, 524
139, 525
139, 526
139, 527
139, 528
139, 529
139, 530
139, 531
139, 532
139, 533
139, 534
139, 535
139, 536
139, 537
139, 538
139, 539
139, 540
139, 541
139, 542
140, 543
139, 544
139, 545
139, 546
139, 547
140, 548
140, 549
139, 550
139, 551
139, 552
140, 553
140, 554
140, 555
140, 556
140, 557
140, 558
140, 559
140, 560
140, 561
140, 562
140, 563
140, 564
140, 565
140, 566
140, 567
140, 568
140, 569
140, 570
140, 571
140, 572
140, 573
140, 574
140, 575
140, 576
140, 577
140, 578
140, 579
140, 580
140, 581
140, 582
140, 583
140, 584
140, 585
140, 586
140, 587
140, 588
140, 589
140, 590
140, 591
140, 592
141, 593
140, 594
140, 595
140, 596
140, 597
140, 598
140, 599
140, 600
140, 601
140, 602
140, 603
140, 604
140, 605
140, 606
140, 607
141, 608
140, 609
140, 610
140, 611
140, 612
140, 613
140, 614
140, 615
140, 616
141, 617
141, 618
141, 619
141, 620
141, 621
141, 622
140, 623
140, 624
140, 625
140, 626
140, 627
140, 628
140, 629
140, 630
140, 631
141, 632
140, 633
140, 634
140, 635
141, 636
141, 637
140, 638
140, 639
140, 640
140, 641
140, 642
141, 643
140, 644
140, 645
140, 646
140, 647
141, 648
141, 649
141, 650
141, 651
141, 652
141, 653
140, 654
140, 655
140, 656
141, 657
141, 658
141, 659
141, 660
141, 661
141, 662
141, 663
140, 664
140, 665
140, 666
140, 667
140, 668
141, 669
141, 670
141, 671
141, 672
140, 673
140, 674
140, 675
140, 676
140, 677
140, 678
141, 679
141, 680
141, 681
141, 682
141, 683
141, 684
141, 685
141, 686
141, 687
141, 688
141, 689
141, 690
140, 691
140, 692
140, 693
140, 694
140, 695
141, 696
141, 697
141, 698
141, 699
141, 700
141, 701
141, 702
141, 703
141, 704
141, 705
141, 706
141, 707
140, 708
140, 709
140, 710
140, 711
140, 712
140, 713
140, 714
140, 715
139, 716
139, 717
138, 718
138, 719
137, 720
136, 721
135, 722
134, 723
133, 724
133, 725
132, 726
131, 726
130, 727
129, 727
128, 728
127, 728
126, 728
125, 728
124, 728
123, 728
122, 727
121, 727
120, 727
119, 726
118, 725
117, 724
116, 723
115, 722
115, 721
114, 720
113, 719
113, 718
113, 717
113, 716
112, 715
112, 714
111, 713
111, 712
111, 711
111, 710
111, 709
111, 708
110, 707
110, 706
110, 705
110, 704
110, 703
110, 702
110, 701
110, 700
110, 699
110, 698
110, 697
110, 696
110, 695
110, 694
110, 693
109, 692
109, 691
109, 690
109, 689
109, 688
109, 687
109, 686
109, 685
109, 684
109, 683
108, 682
108, 681
108, 680
108, 679
108, 678
108, 677
108, 676
108, 675
108, 674
108, 673
108, 672
108, 671
108, 670
108, 669
108, 668
107, 667
107, 666
107, 665
107, 664
107, 663
107, 662
107, 661
107, 660
107, 659
107, 658
107, 657
107, 656
107, 655
107, 654
107, 653
107, 652
106, 651
106, 650
106, 649
106, 648
106, 647
106, 646
106, 645
106, 644
106, 643
106, 642
106, 641
106, 640
106, 639
105, 638
105, 637
105, 636
105, 635
105, 634
105, 633
105, 632
105, 631
105, 630
105, 629
105, 628
105, 627
105, 626
105, 625
105, 624
105, 623
105, 622
104, 621
104, 620
104, 619
104, 618
104, 617
104, 616
104, 615
104, 614
104, 613
104, 612
104, 611
103, 610
103, 609
103, 608
103, 607
103, 606
103, 605
103, 604
103, 603
103, 602
103, 601
103, 600
103, 599
103, 598
103, 597
102, 596
102, 595
102, 594
102, 593
102, 592
102, 591
102, 590
102, 589
102, 588
102, 587
102, 586
102, 585
101, 584
101, 583
101, 582
101, 581
101, 580
101, 579
101, 578
101, 577
101, 576
101, 575
101, 574
101, 573
101, 572
101, 571
100, 570
100, 569
100, 568
100, 567
100, 566
100, 565
100, 564
100, 563
100, 562
100, 561
100, 560
100, 559
99, 558
99, 557
99, 556
99, 555
99, 554
99, 553
99, 552
99, 551
99, 550
99, 549
99, 548
99, 547
99, 546
99, 545
99, 544
98, 543
98, 542
98, 541
98, 540
98, 539
98, 538
98, 537
98, 536
98, 535
98, 534
98, 533
98, 532
97, 531
97, 530
97, 529
97, 528
97, 527
97, 526
97, 525
97, 524
97, 523
97, 522
97, 521
97, 520
97, 519
97, 518
97, 517
97, 516
97, 515
97, 514
97, 513
96, 512
96, 511
96, 510
96, 509
96, 508
96, 507
96, 506
96, 505
96, 504
96, 503
96, 502
96, 501
96, 500
96, 499
96, 498
96, 497
95, 496
95, 495
95, 494
95, 493
95, 492
95, 491
95, 490
95, 489
95, 488
95, 487
95, 486
95, 485
95, 484
95, 483
95, 482
95, 481
95, 480
95, 479
94, 478
94, 477
94, 476
94, 475
94, 474
94, 473
94, 472
94, 471
94, 470
94, 469
94, 468
94, 467
94, 466
94, 465
94, 464
94, 463
94, 462
94, 461
94, 460
93, 459
93, 458
93, 457
93, 456
93, 455
93, 454
93, 453
93, 452
93, 451
93, 450
93, 449
93, 448
93, 447
93, 446
93, 445
93, 444
93, 443
93, 442
93, 441
93, 440
93, 439
93, 438
93, 437
93, 436
93, 435
93, 434
93, 433
93, 432
93, 431
93, 430
93, 429
92, 428
92, 427
92, 426
92, 425
92, 424
92, 423
92, 422
92, 421
92, 420
92, 419
92, 418
92, 417
92, 416
92, 415
92, 414
93, 413
93, 412
94, 411
94, 410
95, 409
96, 408
96, 407
96, 406
96, 405
96, 404
96, 403
96, 402
96, 401
96, 400
96, 399
96, 398
96, 397
96, 396
97, 395
97, 394
97, 393
98, 392
98, 391
98, 390
98, 389
98, 388
98, 387
98, 386
98, 385
98, 384
98, 383
99, 382
99, 381
99, 380
99, 379
99, 378
100, 377
100, 376
101, 375
101, 374
101, 373
101, 372
101, 371
101, 370
101, 369
100, 368
100, 367
100, 366
100, 365
100, 364
101, 363
101, 362
101, 361
102, 360
102, 359
102, 358
102, 357
101, 356
101, 355
101, 354
101, 353
101, 352
100, 351
100, 350
100, 349
100, 348
100, 347
100, 346
100, 345
99, 344
99, 343
99, 342
99, 341
98, 340
98, 339
98, 338
97, 337
97, 336
96, 335
96, 334
96, 333
95, 332
94, 332
94, 331
93, 330
92, 330
92, 329
91, 328
90, 327
90, 326
89, 325
88, 324
87, 323
87, 322
86, 321
86, 320
86, 319
86, 318
85, 317
84, 317
83, 316
83, 315
83, 314
83, 313
82, 312
82, 311
82, 310
81, 309
80, 309
80, 308
79, 307
78, 306
78, 305
77, 304
76, 303
76, 302
75, 301
74, 300
74, 299
73, 298
73, 297
73, 296
73, 295
72, 294
72, 293
71, 292
71, 291
70, 290
70, 289
70, 288
69, 287
69, 286
68, 285
68, 284
68, 283
68, 282
68, 281
67, 280
67, 279
67, 278
67, 277
66, 276
66, 275
66, 274
66, 273
66, 272
65, 271
65, 270
65, 269
65, 268
65, 267
65, 266
65, 265
65, 264
65, 263
65, 262
65, 261
65, 260
65, 259
65, 258
65, 257
65, 256
65, 255
65, 254
64, 253
64, 252
64, 251
64, 250
64, 249
64, 248
64, 247
64, 246
64, 245
64, 244
64, 243
64, 242
64, 241
64, 240
64, 239
64, 238
64, 237
64, 236
64, 235
64, 234
64, 233
64, 232
64, 231
64, 230
