73, 274
73, 273
73, 272
73, 271
73, 270
73, 269
73, 268
73, 267
73, 266
73, 265
73, 264
73, 263
73, 262
73, 261
73, 260
74, 259
74, 258
74, 257
74, 256
74, 255
74, 254
74, 253
75, 252
75, 251
75, 250
75, 249
75, 248
75, 247
75, 246
76, 245
76, 244
76, 243
76, 242
76, 241
76, 240
77, 239
77, 238
77, 237
77, 236
78, 235
78, 234
78, 233
78, 232
78, 231
78, 230
78, 229
79, 228
79, 227
79, 226
79, 225
80, 224
80, 223
80, 222
80, 221
80, 220
80, 219
80, 218
80, 217
80, 216
81, 215
81, 214
81, 213
81, 212
82, 211
82, 210
82, 209
82, 208
82, 207
83, 206
83, 205
83, 204
83, 203
83, 202
83, 201
84, 200
84, 199
84, 198
85, 197
86, 196
86, 195
87, 195
88, 194
89, 194
90, 195
90, 196
90, 197
90, 198
90, 199
90, 200
90, 201
90, 202
90, 203
90, 204
90, 205
90, 206
90, 207
90, 208
90, 209
90, 210
90, 211
90, 212
90, 213
90, 214
90, 215
90, 216
90, 217
90, 218
90, 219
90, 220
90, 221
90, 222
90, 223
90, 224
90, 225
90, 226
90, 227
90, 228
90, 229
90, 230
90, 231
90, 232
90, 233
90, 234
90, 235
90, 236
90, 237
90, 238
90, 239
90, 240
90, 241
90, 242
90, 243
91, 244
91, 245
92, 246
92, 247
92, 248
92, 249
92, 250
92, 251
93, 252
93, 253
94, 254
94, 255
95, 256
95, 257
94, 258
94, 259
94, 260
95, 261
96, 261
97, 261
98, 260
98, 259
99, 258
99, 257
99, 256
99, 255
99, 254
99, 253
99, 252
99, 251
99, 250
99, 249
99, 248
99, 247
99, 246
99, 245
100, 244
100, 243
100, 242
100, 241
100, 240
100, 239
100, 238
100, 237
100, 236
100, 235
100, 234
101, 233
101, 232
101, 231
101, 230
101, 229
101, 228
102, 227
102, 226
102, 225
102, 224
102, 223
102, 222
102, 221
103, 220
103, 219
103, 218
103, 217
103, 216
103, 215
103, 214
103, 213
103, 212
104, 211
104, 210
104, 209
104, 208
104, 207
104, 206
104, 205
105, 204
105, 203
105, 202
105, 201
105, 200
105, 199
105, 198
106, 197
107, 196
107, 195
108, 195
109, 194
110, 194
110, 195
110, 196
110, 197
110, 198
111, 199
112, 200
112, 201
112, 202
112, 203
112, 204
112, 205
112, 206
112, 207
112, 208
112, 209
112, 210
112, 211
112, 212
112, 213
112, 214
112, 215
112, 216
112, 217
112, 218
112, 219
112, 220
112, 221
112, 222
113, 223
112, 224
112, 225
112, 226
112, 227
113, 228
113, 229
114, 230
114, 231
114, 232
114, 233
114, 234
114, 235
114, 236
114, 237
114, 238
114, 239
114, 240
114, 241
114, 242
114, 243
114, 244
114, 245
114, 246
114, 247
114, 248
114, 249
114, 250
114, 251
115, 252
115, 253
115, 254
116, 255
116, 256
116, 257
117, 258
117, 259
117, 260
118, 261
119, 261
120, 261
121, 260
121, 259
121, 258
121, 257
121, 256
121, 255
121, 254
121, 253
121, 252
121, 251
121, 250
122, 249
122, 248
122, 247
122, 246
122, 245
122, 244
122, 243
123, 242
123, 241
123, 240
123, 239
123, 238
123, 237
123, 236
123, 235
123, 234
124, 233
124, 232
124, 231
124, 230
124, 229
124, 228
124, 227
124, 226
124, 225
124, 224
124, 223
125, 222
125, 221
125, 220
125, 219
125, 218
125, 217
125, 216
125, 215
125, 214
126, 213
126, 212
126, 211
126, 210
126, 209
126, 208
126, 207
127, 206
127, 205
127, 204
127, 203
127, 202
127, 201
128, 200
128, 199
128, 198
129, 197
130, 196
131, 196
132, 195
133, 196
134, 197
134, 198
134, 199
134, 200
134, 201
134, 202
134, 203
134, 204
134, 205
134, 206
134, 207
134, 208
134, 209
134, 210
134, 211
134, 212
134, 213
134, 214
134, 215
134, 216
134, 217
134, 218
134, 219
135, 220
136, 221
136, 222
136, 223
136, 224
136, 225
136, 226
136, 227
136, 228
136, 229
136, 230
136, 231
136, 232
136, 233
136, 234
136, 235
136, 236
136, 237
136, 238
136, 239
136, 240
136, 241
136, 242
136, 243
136, 244
136, 245
136, 246
136, 247
136, 248
136, 249
136, 250
137, 251
137, 252
137, 253
137, 254
138, 255
139, 255
139, 256
139, 257
139, 258
139, 259
139, 260
139, 261
140, 262
141, 262
142, 262
143, 261
143, 260
143, 259
143, 258
144, 257
144, 256
144, 255
144, 254
144, 253
144, 252
144, 251
144, 250
144, 249
144, 248
144, 247
144, 246
144, 245
144, 244
144, 243
144, 242
145, 241
145, 240
145, 239
145, 238
145, 237
146, 236
146, 235
146, 234
146, 233
146, 232
146, 231
147, 230
147, 229
147, 228
147, 227
147, 226
147, 225
147, 224
147, 223
147, 222
147, 221
147, 220
147, 219
147, 218
147, 217
147, 216
147, 215
148, 214
148, 213
148, 212
148, 211
148, 210
148, 209
148, 208
149, 207
149, 206
149, 205
149, 204
149, 203
149, 202
149, 201
150, 200
150, 199
150, 198
151, 197
152, 196
153, 196
154, 196
154, 197
155, 198
156, 199
156, 200
156, 201
156, 202
156, 203
156, 204
156, 205
156, 206
156, 207
156, 208
156, 209
156, 210
156, 211
156, 212
157, 213
158, 213
158, 214
158, 215
158, 216
158, 217
158, 218
158, 219
158, 220
158, 221
158, 222
158, 223
158, 224
158, 225
158, 226
158, 227
158, 228
158, 229
158, 230
158, 231
158, 232
159, 233
160, 233
160, 234
160, 235
160, 236
160, 237
160, 238
160, 239
160, 240
160, 241
160, 242
160, 243
160, 244
160, 245
160, 246
160, 247
160, 248
160, 249
160, 250
160, 251
160, 252
161, 253
162, 254
162, 255
162, 256
162, 257
162, 258
162, 259
162, 260
162, 261
162, 262
162, 263
162, 264
162, 265
162, 266
162, 267
163, 268
163, 269
163, 270
163, 271
163, 272
163, 273
163, 274
163, 275
164, 276
164, 277
164, 278
163, 279
163, 280
163, 281
164, 282
164, 283
164, 284
164, 285
164, 286
164, 287
164, 288
164, 289
164, 290
163, 291
162, 292
162, 293
162, 294
162, 295
162, 296
162, 297
162, 298
162, 299
161, 300
160, 301
160, 302
160, 303
160, 304
159, 304
158, 304
157, 305
157, 306
157, 307
158, 308
157, 309
157, 310
157, 311
157, 312
157, 313
157, 314
158, 315
159, 316
159, 317
158, 318
158, 319
157, 319
156, 319
155, 320
154, 321
154, 322
154, 323
155, 324
154, 325
153, 326
153, 327
152, 327
151, 328
151, 329
150, 329
149, 330
149, 331
148, 332
147, 333
146, 333
145, 334
145, 335
144, 335
143, 336
142, 337
142, 338
141, 339
140, 339
139, 340
138, 341
138, 342
137, 343
136, 344
135, 345
134, 346
134, 347
134, 348
134, 349
133, 350
133, 351
133, 352
133, 353
132, 354
132, 355
132, 356
132, 357
132, 358
132, 359
132, 360
132, 361
132, 362
133, 363
132, 364
132, 365
132, 366
132, 367
132, 368
133, 369
133, 370
133, 371
132, 372
132, 373
132, 374
132, 375
132, 376
131, 376
130, 377
130, 378
130, 379
131, 380
132, 380
133, 380
134, 380
134, 381
134, 382
134, 383
134, 384
133, 384
132, 385
132, 386
132, 387
133, 388
134, 388
134, 389
134, 390
134, 391
134, 392
134, 393
134, 394
134, 395
133, 396
133, 397
133, 398
134, 399
134, 400
134, 401
134, 402
134, 403
134, 404
134, 405
135, 406
135, 407
135, 408
135, 409
135, 410
135, 411
135, 412
135, 413
135, 414
135, 415
135, 416
136, 417
136, 418
136, 419
136, 420
136, 421
136, 422
136, 423
136, 424
136, 425
136, 426
136, 427
136, 428
137, 429
137, 430
137, 431
137, 432
137, 433
137, 434
137, 435
137, 436
137, 437
137, 438
138, 439
138, 440
138, 441
138, 442
138, 443
138, 444
138, 445
138, 446
138, 447
138, 448
138, 449
138, 450
139, 451
140, 451
140, 452
140, 453
140, 454
139, 455
139, 456
139, 457
139, 458
140, 459
140, 460
140, 461
140, 462
140, 463
140, 464
140, 465
140, 466
141, 467
141, 468
141, 469
141, 470
141, 471
142, 472
142, 473
142, 474
142, 475
142, 476
142, 477
143, 478
143, 479
142, 480
142, 481
142, 482
142, 483
142, 484
143, 485
144, 485
143, 486
143, 487
143, 488
143, 489
143, 490
144, 491
144, 492
144, 493
144, 494
144, 495
144, 496
144, 497
144, 498
144, 499
144, 500
144, 501
145, 502
145, 503
145, 504
145, 505
145, 506
145, 507
146, 508
146, 509
146, 510
146, 511
146, 512
146, 513
146, 514
146, 515
147, 516
147, 517
147, 518
148, 519
148, 520
148, 521
148, 522
148, 523
148, 524
148, 525
148, 526
148, 527
148, 528
149, 529
149, 530
149, 531
149, 532
149, 533
150, 534
150, 535
150, 536
150, 537
150, 538
150, 539
150, 540
150, 541
150, 542
151, 543
151, 544
152, 545
152, 546
152, 547
152, 548
152, 549
152, 550
152, 551
153, 552
153, 553
153, 554
153, 555
154, 556
154, 557
154, 558
154, 559
154, 560
154, 561
154, 562
155, 563
155, 564
155, 565
155, 566
155, 567
156, 568
156, 569
156, 570
156, 571
156, 572
157, 573
158, 573
157, 574
157, 575
157, 576
157, 577
158, 578
158, 579
158, 580
158, 581
158, 582
158, 583
158, 584
158, 585
159, 586
160, 586
160, 587
160, 588
160, 589
160, 590
160, 591
160, 592
161, 593
161, 594
161, 595
162, 596
162, 597
162, 598
162, 599
162, 600
162, 601
162, 602
162, 603
162, 604
162, 605
162, 606
162, 607
162, 608
163, 609
164, 610
164, 611
164, 612
164, 613
164, 614
164, 615
164, 616
164, 617
164, 618
164, 619
163, 620
163, 621
163, 622
163, 623
163, 624
163, 625
163, 626
163, 627
164, 628
164, 629
164, 630
164, 631
164, 632
164, 633
164, 634
164, 635
164, 636
164, 637
164, 638
164, 639
164, 640
164, 641
164, 642
164, 643
164, 644
164, 645
164, 646
164, 647
164, 648
164, 649
164, 650
164, 651
164, 652
164, 653
164, 654
164, 655
164, 656
164, 657
164, 658
164, 659
164, 660
164, 661
164, 662
164, 663
164, 664
164, 665
164, 666
164, 667
164, 668
164, 669
164, 670
164, 671
164, 672
164, 673
164, 674
163, 674
162, 675
162, 676
162, 677
162, 678
163, 679
163, 680
163, 681
162, 682
162, 683
162, 684
162, 685
162, 686
162, 687
162, 688
162, 689
162, 690
162, 691
162, 692
162, 693
162, 694
162, 695
162, 696
162, 697
161, 698
161, 699
161, 700
161, 701
161, 702
161, 703
161, 704
161, 705
161, 706
162, 707
162, 708
162, 709
161, 709
160, 710
160, 711
160, 712
160, 713
160, 714
160, 715
160, 716
160, 717
160, 718
160, 719
160, 720
160, 721
160, 722
160, 723
159, 724
158, 724
157, 724
156, 725
155, 725
154, 725
153, 725
152, 726
152, 727
151, 728
150, 728
150, 727
149, 726
148, 726
147, 726
146, 726
145, 726
144, 726
143, 726
142, 726
141, 726
140, 727
140, 728
140, 729
139, 729
138, 729
137, 729
136, 729
137, 729
138, 729
139, 728
139, 727
139, 726
138, 725
137, 725
136, 725
135, 724
134, 724
133, 724
132, 724
131, 724
130, 723
129, 723
128, 722
127, 722
126, 722
125, 721
124, 721
123, 720
123, 719
123, 718
122, 717
122, 716
121, 715
121, 714
121, 713
121, 712
121, 711
121, 710
121, 709
121, 708
121, 707
120, 706
120, 705
120, 704
120, 703
119, 702
120, 701
120, 700
120, 699
119, 698
118, 697
118, 696
118, 695
118, 694
118, 693
117, 692
117, 691
117, 690
116, 689
116, 688
117, 687
117, 686
117, 685
117, 684
116, 683
116, 682
115, 681
115, 680
116, 679
116, 678
116, 677
116, 676
116, 675
116, 674
116, 673
116, 672
116, 671
115, 670
115, 669
115, 668
115, 667
114, 666
114, 665
114, 664
114, 663
114, 662
114, 661
114, 660
114, 659
113, 658
113, 657
113, 656
113, 655
113, 654
113, 653
113, 652
113, 651
113, 650
113, 649
113, 648
112, 647
113, 646
113, 645
113, 644
113, 643
113, 642
113, 641
113, 640
113, 639
114, 639
114, 640
115, 641
116, 642
117, 642
118, 642
119, 641
119, 640
119, 639
118, 638
117, 637
116, 637
116, 636
115, 635
114, 635
113, 635
112, 636
111, 635
112, 634
112, 633
112, 632
112, 631
112, 630
112, 629
112, 628
112, 627
111, 626
111, 625
111, 624
111, 623
111, 622
111, 621
111, 620
111, 619
112, 618
112, 617
112, 616
111, 615
111, 614
111, 613
111, 612
110, 611
110, 610
111, 609
111, 608
111, 607
111, 606
111, 605
111, 604
111, 603
111, 602
111, 601
112, 600
112, 599
112, 598
112, 597
112, 596
112, 595
111, 594
111, 593
111, 592
111, 591
111, 590
111, 589
111, 588
112, 587
112, 586
113, 585
113, 584
113, 583
113, 582
113, 581
113, 580
112, 579
112, 578
112, 577
113, 576
113, 575
113, 574
113, 573
113, 572
113, 571
113, 570
113, 569
113, 568
113, 567
114, 566
114, 565
114, 564
114, 563
114, 562
114, 561
114, 560
114, 559
114, 558
115, 557
115, 556
115, 555
115, 554
115, 553
115, 552
115, 551
115, 550
114, 549
115, 548
115, 547
115, 546
115, 545
115, 544
115, 543
116, 542
116, 541
116, 540
116, 539
116, 538
116, 537
116, 536
116, 535
115, 534
115, 533
115, 532
116, 531
116, 530
116, 529
117, 528
117, 527
117, 526
116, 525
116, 524
116, 523
116, 522
117, 521
117, 520
117, 519
117, 518
117, 517
117, 516
117, 515
117, 514
117, 513
118, 512
118, 511
118, 510
118, 509
118, 508
118, 507
118, 506
118, 505
118, 504
118, 503
118, 502
118, 501
118, 500
118, 499
119, 499
120, 498
120, 497
120, 496
119, 495
119, 494
119, 493
119, 492
119, 491
118, 490
118, 489
119, 488
119, 487
119, 486
119, 485
119, 484
119, 483
119, 482
119, 481
119, 480
119, 479
119, 478
119, 477
119, 476
119, 475
119, 474
119, 473
119, 472
120, 471
120, 470
120, 469
119, 468
119, 467
119, 466
119, 465
119, 464
119, 463
119, 462
119, 461
119, 460
118, 459
118, 458
118, 457
119, 456
119, 455
119, 454
119, 453
119, 452
119, 451
119, 450
119, 449
119, 448
119, 447
119, 446
119, 445
119, 444
119, 443
119, 442
119, 441
119, 440
119, 439
119, 438
119, 437
119, 436
119, 435
119, 434
119, 433
119, 432
119, 431
119, 430
119, 429
119, 428
119, 427
119, 426
119, 425
119, 424
119, 423
119, 422
119, 421
119, 420
119, 419
118, 418
119, 417
119, 416
119, 415
119, 414
119, 413
119, 412
119, 411
119, 410
119, 409
119, 408
120, 408
121, 408
122, 408
123, 407
123, 406
123, 405
122, 404
121, 404
120, 404
119, 404
119, 403
119, 402
119, 401
119, 400
119, 399
119, 398
120, 397
120, 396
120, 395
119, 394
120, 393
120, 392
120, 391
120, 390
120, 389
120, 388
119, 387
118, 386
117, 385
117, 384
117, 383
117, 382
116, 381
116, 380
116, 379
116, 378
116, 377
116, 376
116, 375
116, 374
116, 373
116, 372
116, 371
116, 370
117, 369
117, 368
117, 367
117, 366
117, 365
117, 364
116, 363
116, 362
116, 361
115, 360
115, 359
115, 358
115, 357
115, 356
114, 355
114, 354
114, 353
113, 352
113, 351
113, 350
113, 349
112, 348
111, 347
111, 346
111, 345
110, 344
109, 343
109, 342
108, 341
107, 340
106, 339
105, 338
104, 337
103, 337
102, 336
101, 335
100, 334
99, 334
98, 333
97, 333
97, 332
97, 331
96, 330
95, 329
94, 329
93, 328
92, 328
91, 327
90, 327
89, 326
88, 325
88, 324
87, 323
86, 322
85, 322
85, 321
84, 320
83, 320
83, 319
82, 318
81, 317
80, 316
80, 315
79, 314
78, 313
78, 312
78, 311
77, 310
77, 309
77, 308
77, 307
77, 306
77, 305
76, 304
76, 303
76, 302
75, 301
75, 300
75, 299
75, 298
75, 297
75, 296
75, 295
75, 294
75, 293
74, 292
73, 291
73, 290
73, 289
73, 288
73, 287
73, 286
73, 285
73, 284
73, 283
73, 282
73, 281
73, 280
73, 279
73, 278
73, 277
72, 276
72, 275
