103, 307
103, 306
103, 305
103, 304
103, 303
103, 302
103, 301
103, 300
103, 299
103, 298
103, 297
104, 296
104, 295
104, 294
104, 293
104, 292
104, 291
104, 290
103, 289
104, 289
105, 289
106, 288
106, 287
106, 286
106, 285
107, 285
108, 284
109, 283
109, 282
109, 281
108, 280
107, 280
106, 280
105, 280
104, 281
104, 282
104, 283
104, 284
104, 283
104, 282
104, 281
104, 280
104, 279
104, 278
104, 277
104, 276
103, 275
103, 274
104, 273
104, 272
104, 271
104, 270
104, 269
104, 268
104, 267
104, 266
105, 265
105, 264
105, 263
105, 262
105, 261
105, 260
105, 259
106, 258
106, 257
106, 256
106, 255
106, 254
106, 253
106, 252
107, 251
107, 250
107, 249
107, 248
107, 247
108, 246
108, 245
108, 244
108, 243
108, 242
109, 241
109, 240
109, 239
109, 238
109, 237
110, 236
110, 235
110, 234
110, 233
110, 232
111, 231
111, 230
111, 229
111, 228
111, 227
111, 226
112, 225
112, 224
112, 223
112, 222
112, 221
112, 220
113, 219
113, 218
113, 217
114, 216
114, 215
114, 214
114, 213
115, 212
115, 211
115, 210
115, 209
115, 208
116, 207
116, 206
116, 205
116, 204
116, 203
117, 202
117, 201
117, 200
117, 199
117, 198
118, 197
118, 196
118, 195
119, 194
119, 193
119, 192
120, 191
121, 190
122, 190
122, 191
123, 192
123, 193
123, 194
124, 195
124, 196
124, 197
124, 198
124, 199
124, 200
124, 201
124, 202
125, 203
125, 204
125, 205
125, 206
126, 207
126, 208
126, 209
126, 210
127, 211
127, 212
127, 213
128, 214
128, 215
128, 216
128, 217
129, 218
130, 218
130, 219
130, 220
130, 221
130, 222
131, 223
130, 224
130, 225
130, 226
130, 227
131, 228
131, 229
132, 230
132, 231
132, 232
132, 233
132, 234
132, 235
133, 236
134, 236
135, 236
136, 236
136, 237
136, 238
137, 239
137, 240
137, 241
137, 242
137, 243
138, 244
138, 245
138, 246
138, 247
138, 248
138, 249
137, 250
137, 251
137, 252
136, 253
136, 254
136, 255
135, 256
135, 257
135, 258
135, 259
134, 259
133, 260
133, 261
132, 262
132, 263
132, 264
131, 265
131, 266
131, 267
130, 268
130, 269
130, 270
130, 271
130, 272
130, 273
130, 274
129, 275
129, 276
129, 277
129, 278
128, 279
128, 280
127, 280
126, 281
126, 282
126, 281
125, 280
124, 280
123, 280
122, 281
122, 282
122, 283
122, 284
123, 285
124, 286
125, 286
126, 287
126, 288
126, 289
126, 290
126, 291
126, 292
126, 293
126, 294
126, 295
126, 296
126, 297
126, 298
126, 299
126, 300
126, 301
126, 302
126, 303
127, 304
127, 305
128, 306
129, 306
130, 306
131, 306
132, 306
133, 306
134, 306
135, 306
136, 306
137, 306
138, 305
139, 304
139, 303
139, 302
140, 301
140, 300
140, 299
140, 298
140, 297
141, 296
141, 295
141, 294
141, 293
142, 292
143, 291
143, 290
144, 289
144, 288
145, 288
146, 287
146, 286
146, 285
146, 284
146, 283
145, 282
144, 282
143, 282
142, 283
141, 283
141, 282
140, 281
140, 280
140, 279
140, 278
140, 277
140, 276
141, 275
141, 274
141, 273
141, 272
141, 271
141, 270
141, 269
141, 268
141, 267
141, 266
141, 265
141, 264
141, 263
141, 262
141, 261
141, 260
141, 259
142, 258
142, 257
142, 256
142, 255
142, 254
142, 253
143, 252
143, 251
143, 250
143, 249
143, 248
143, 247
143, 246
144, 245
144, 244
144, 243
144, 242
144, 241
144, 240
144, 239
145, 238
145, 237
145, 236
145, 235
145, 234
145, 233
145, 232
145, 231
146, 230
146, 229
146, 228
146, 227
146, 226
146, 225
146, 224
147, 223
147, 222
147, 221
147, 220
147, 219
147, 218
147, 217
147, 216
148, 215
148, 214
148, 213
148, 212
148, 211
149, 210
149, 209
149, 208
149, 207
149, 206
149, 205
149, 204
149, 203
149, 202
149, 201
150, 200
150, 199
150, 198
150, 197
150, 196
150, 195
150, 194
151, 193
151, 192
151, 191
152, 191
153, 191
153, 192
153, 193
153, 194
153, 195
153, 196
153, 197
153, 198
153, 199
153, 200
154, 201
154, 202
154, 203
154, 204
154, 205
154, 206
154, 207
154, 208
154, 209
154, 210
154, 211
154, 212
154, 213
154, 214
154, 215
154, 216
154, 217
154, 218
154, 219
154, 220
154, 221
154, 222
154, 223
154, 224
154, 225
154, 226
154, 227
154, 228
154, 229
154, 230
154, 231
155, 232
156, 233
156, 234
156, 235
156, 236
156, 237
156, 238
156, 239
156, 240
156, 241
156, 242
156, 243
156, 244
156, 245
156, 246
156, 247
156, 248
156, 249
156, 250
156, 251
156, 252
157, 253
158, 254
159, 254
160, 254
161, 253
161, 252
161, 251
161, 250
161, 249
161, 248
162, 248
163, 248
163, 249
162, 250
162, 251
162, 252
162, 253
162, 254
162, 255
163, 256
162, 256
161, 257
161, 258
160, 259
160, 260
159, 261
159, 262
158, 263
157, 264
157, 265
157, 266
157, 267
157, 268
156, 269
156, 270
156, 271
156, 272
156, 273
156, 274
156, 275
156, 276
156, 277
156, 278
156, 279
155, 280
155, 281
155, 282
154, 282
153, 282
152, 283
151, 283
150, 284
150, 285
150, 286
150, 287
151, 288
151, 289
151, 290
151, 291
152, 292
152, 293
152, 294
152, 295
152, 296
152, 297
152, 298
152, 299
152, 300
152, 301
152, 302
152, 303
152, 304
153, 305
153, 306
153, 307
154, 308
155, 309
156, 309
157, 309
158, 309
159, 309
160, 308
161, 308
162, 308
163, 308
164, 308
165, 307
165, 306
165, 305
166, 304
166, 303
166, 302
166, 301
166, 300
166, 299
166, 298
166, 297
166, 296
166, 295
166, 294
166, 293
166, 292
166, 291
166, 292
167, 293
168, 293
169, 293
170, 292
171, 291
171, 290
171, 289
171, 288
172, 287
173, 286
173, 285
173, 284
172, 283
171, 283
170, 283
169, 284
168, 283
168, 282
167, 281
167, 280
167, 279
167, 278
167, 277
167, 276
167, 275
167, 274
167, 273
167, 272
167, 271
167, 270
167, 269
167, 268
167, 267
167, 266
167, 265
167, 264
167, 263
167, 262
167, 261
167, 260
167, 259
167, 258
167, 257
168, 256
168, 255
168, 254
168, 253
168, 252
168, 251
168, 250
169, 249
169, 248
169, 247
169, 246
169, 245
169, 244
169, 243
169, 242
169, 241
170, 240
170, 239
170, 238
170, 237
170, 236
170, 235
170, 234
170, 233
170, 232
170, 231
170, 230
171, 229
171, 228
171, 227
171, 226
171, 225
171, 224
171, 223
171, 222
171, 221
171, 220
171, 219
171, 218
172, 217
172, 216
172, 215
172, 214
172, 213
172, 212
172, 211
172, 210
172, 209
172, 208
172, 207
173, 206
173, 205
173, 204
173, 203
173, 202
173, 201
173, 200
173, 199
173, 198
173, 197
174, 196
174, 195
174, 194
175, 193
175, 192
176, 192
177, 193
178, 194
178, 195
178, 196
178, 197
179, 198
179, 199
179, 200
179, 201
179, 202
180, 203
180, 204
180, 205
180, 206
180, 207
180, 208
180, 209
180, 210
180, 211
180, 212
180, 213
180, 214
180, 215
180, 216
181, 217
181, 218
181, 219
182, 220
182, 221
182, 222
182, 223
182, 224
182, 225
182, 226
182, 227
182, 228
182, 229
182, 230
182, 231
182, 232
182, 233
182, 234
182, 235
183, 236
183, 237
183, 238
184, 239
184, 240
184, 241
184, 242
184, 243
184, 244
184, 245
184, 246
184, 247
184, 248
184, 249
184, 250
184, 251
185, 252
185, 253
185, 254
186, 255
186, 256
186, 257
186, 258
186, 259
186, 260
186, 261
186, 262
186, 263
186, 264
186, 265
186, 266
186, 267
186, 268
186, 269
186, 270
186, 271
186, 272
186, 273
186, 274
186, 275
186, 276
186, 277
186, 278
186, 279
186, 280
185, 280
184, 281
184, 282
184, 283
185, 284
185, 285
185, 286
184, 286
183, 287
183, 288
183, 289
183, 290
183, 291
183, 292
183, 293
183, 294
183, 295
183, 296
182, 297
182, 298
182, 299
183, 300
184, 300
184, 301
183, 302
183, 303
183, 304
183, 305
183, 306
183, 307
183, 308
182, 309
182, 310
182, 311
182, 312
182, 313
183, 314
182, 314
181, 315
181, 316
181, 317
181, 318
180, 319
180, 320
180, 321
179, 322
179, 323
179, 324
178, 325
178, 326
177, 327
177, 328
176, 329
176, 330
176, 331
175, 331
174, 332
174, 333
173, 334
172, 335
171, 336
170, 337
170, 338
170, 339
169, 339
168, 340
167, 340
166, 341
166, 342
165, 342
164, 343
163, 344
162, 345
161, 346
160, 347
159, 348
159, 349
158, 349
157, 350
156, 351
155, 352
154, 353
154, 354
154, 355
154, 356
153, 357
152, 358
151, 359
150, 360
150, 361
150, 362
149, 363
148, 364
148, 365
148, 366
147, 367
147, 368
147, 369
147, 370
147, 371
148, 372
148, 373
147, 374
147, 375
147, 376
147, 377
146, 378
145, 379
145, 380
145, 381
144, 382
144, 383
144, 384
144, 385
143, 386
143, 387
143, 388
143, 389
142, 389
141, 390
141, 391
141, 392
141, 393
141, 394
141, 395
141, 396
141, 397
141, 398
141, 399
141, 400
141, 401
141, 402
141, 403
141, 404
141, 405
141, 406
141, 407
141, 408
142, 409
142, 410
142, 411
142, 412
142, 413
142, 414
142, 415
142, 416
142, 417
142, 418
142, 419
142, 420
142, 421
142, 422
142, 423
142, 424
142, 425
142, 426
142, 427
143, 428
143, 429
143, 430
143, 431
143, 432
143, 433
143, 434
143, 435
143, 436
143, 437
142, 438
142, 439
142, 440
143, 441
144, 441
144, 442
144, 443
144, 444
144, 445
144, 446
144, 447
144, 448
144, 449
144, 450
144, 451
144, 452
144, 453
144, 454
144, 455
144, 456
144, 457
144, 458
144, 459
144, 460
144, 461
144, 462
144, 463
144, 464
144, 465
144, 466
144, 467
144, 468
144, 469
144, 470
144, 471
144, 472
144, 473
144, 474
144, 475
144, 476
144, 477
144, 478
144, 479
144, 480
144, 481
144, 482
144, 483
144, 484
144, 485
144, 486
144, 487
144, 488
144, 489
145, 490
145, 491
145, 492
145, 493
145, 494
145, 495
145, 496
145, 497
145, 498
145, 499
145, 500
145, 501
145, 502
145, 503
145, 504
145, 505
144, 506
144, 507
144, 508
144, 509
144, 510
145, 511
145, 512
145, 513
145, 514
145, 515
145, 516
145, 517
145, 518
145, 519
145, 520
145, 521
145, 522
145, 523
145, 524
145, 525
145, 526
145, 527
144, 528
144, 529
144, 530
144, 531
144, 532
144, 533
144, 534
144, 535
144, 536
144, 537
144, 538
144, 539
144, 540
144, 541
144, 542
144, 543
144, 544
144, 545
144, 546
144, 547
144, 548
144, 549
144, 550
144, 551
144, 552
144, 553
144, 554
143, 554
142, 555
142, 556
142, 557
142, 558
142, 559
142, 560
142, 561
142, 562
142, 563
143, 564
143, 565
143, 566
142, 567
142, 568
142, 569
142, 570
142, 571
142, 572
142, 573
142, 574
142, 575
142, 576
142, 577
142, 578
142, 579
142, 580
142, 581
142, 582
141, 582
140, 583
140, 584
140, 585
140, 586
140, 587
140, 588
140, 589
140, 590
140, 591
140, 592
139, 593
139, 594
139, 595
139, 596
139, 597
140, 598
140, 599
139, 599
138, 600
138, 601
138, 602
138, 603
138, 604
138, 605
138, 606
138, 607
138, 608
138, 609
137, 610
137, 611
137, 612
137, 613
136, 614
136, 615
136, 616
136, 617
136, 618
136, 619
136, 620
136, 621
136, 622
136, 623
137, 624
136, 624
135, 625
135, 626
135, 627
135, 628
135, 629
135, 630
134, 631
134, 632
134, 633
134, 634
134, 635
135, 636
134, 636
133, 637
133, 638
133, 639
133, 640
133, 641
133, 642
134, 643
133, 643
132, 644
132, 645
132, 646
132, 647
132, 648
131, 649
131, 650
131, 651
130, 652
130, 653
130, 654
130, 655
129, 656
129, 657
129, 658
130, 659
130, 660
130, 661
130, 662
130, 663
130, 664
130, 665
129, 666
128, 666
127, 667
127, 668
127, 669
128, 670
127, 670
126, 671
126, 672
125, 673
124, 673
123, 672
122, 672
121, 672
120, 673
119, 673
118, 673
117, 673
116, 673
115, 673
114, 673
113, 673
112, 673
111, 673
110, 674
109, 673
109, 672
109, 671
109, 670
108, 669
108, 668
108, 667
108, 666
108, 665
108, 664
108, 663
108, 662
108, 661
108, 660
108, 659
108, 658
108, 657
108, 656
108, 655
108, 654
108, 653
108, 652
107, 651
107, 650
107, 649
107, 648
108, 647
108, 646
108, 645
108, 644
107, 643
107, 642
107, 641
107, 640
107, 639
107, 638
107, 637
107, 636
107, 635
107, 634
106, 633
107, 632
107, 631
107, 630
106, 629
106, 628
106, 627
106, 626
106, 625
107, 624
107, 623
107, 622
107, 621
107, 620
106, 619
106, 618
106, 617
106, 616
106, 615
106, 614
106, 613
106, 612
106, 611
106, 610
106, 609
106, 608
106, 607
106, 606
106, 605
106, 604
106, 603
106, 602
106, 601
106, 600
106, 599
107, 598
107, 597
107, 596
107, 595
107, 594
107, 593
106, 592
106, 591
106, 590
106, 589
107, 588
107, 587
107, 586
107, 585
107, 584
107, 583
107, 582
107, 581
107, 580
107, 579
107, 578
107, 577
107, 576
107, 575
107, 574
107, 573
107, 572
107, 571
107, 570
107, 569
107, 568
107, 567
108, 566
108, 565
108, 564
108, 563
108, 562
108, 561
108, 560
108, 559
108, 558
108, 557
108, 556
108, 555
108, 554
108, 553
108, 552
108, 551
108, 550
109, 549
109, 548
109, 547
109, 546
109, 545
109, 544
109, 543
109, 542
109, 541
109, 540
109, 539
109, 538
109, 537
110, 536
110, 535
110, 534
110, 533
110, 532
110, 531
110, 530
110, 529
110, 528
110, 527
110, 526
111, 525
111, 524
111, 523
111, 522
111, 521
111, 520
111, 519
111, 518
111, 517
111, 516
111, 515
111, 514
111, 513
112, 512
112, 511
112, 510
112, 509
112, 508
112, 507
112, 506
112, 505
112, 504
113, 503
113, 502
113, 501
113, 500
113, 499
113, 498
113, 497
113, 496
113, 495
114, 494
114, 493
114, 492
114, 491
114, 490
114, 489
114, 488
115, 487
115, 486
115, 485
115, 484
115, 483
115, 482
115, 481
116, 480
116, 479
116, 478
116, 477
116, 476
116, 475
116, 474
117, 473
117, 472
117, 471
117, 470
117, 469
117, 468
117, 467
118, 466
118, 465
118, 464
118, 463
118, 462
118, 461
118, 460
119, 459
119, 458
119, 457
119, 456
119, 455
119, 454
119, 453
120, 452
120, 451
120, 450
120, 449
120, 448
120, 447
120, 446
121, 445
121, 444
121, 443
121, 442
121, 441
122, 440
122, 439
122, 438
122, 437
122, 436
122, 435
123, 434
123, 433
123, 432
123, 431
123, 430
123, 429
124, 428
124, 427
124, 426
124, 425
124, 424
124, 423
124, 422
125, 421
125, 420
125, 419
125, 418
125, 417
125, 416
126, 415
126, 414
126, 413
126, 412
126, 411
126, 410
127, 409
127, 408
127, 407
127, 406
127, 405
128, 404
128, 403
128, 402
128, 401
128, 400
128, 399
128, 398
128, 397
128, 396
129, 395
129, 394
129, 393
129, 392
129, 391
129, 390
129, 389
129, 388
129, 387
129, 386
129, 385
129, 384
129, 383
129, 382
129, 381
129, 380
129, 379
129, 378
129, 377
129, 376
129, 375
129, 374
129, 373
129, 372
129, 371
129, 370
129, 369
129, 368
128, 367
128, 366
128, 365
128, 364
127, 363
127, 362
127, 361
126, 360
126, 359
125, 358
125, 357
124, 356
124, 355
123, 354
122, 353
122, 352
121, 351
120, 350
120, 349
119, 348
118, 347
117, 346
117, 345
116, 344
115, 343
114, 342
114, 341
113, 340
112, 339
112, 338
111, 337
110, 336
109, 335
109, 334
108, 333
108, 332
107, 331
106, 330
106, 329
105, 328
105, 327
105, 326
104, 325
104, 324
104, 323
103, 322
103, 321
103, 320
102, 319
102, 318
102, 317
102, 316
102, 315
102, 314
102, 313
102, 312
102, 311
102, 310
102, 309
102, 308
