46, 708
46, 707
46, 706
46, 705
46, 704
46, 703
46, 702
46, 701
46, 700
46, 699
46, 698
46, 697
46, 696
46, 695
46, 694
47, 693
47, 692
47, 691
47, 690
47, 689
47, 688
47, 687
47, 686
47, 685
47, 684
47, 683
48, 682
48, 681
48, 680
48, 679
48, 678
48, 677
48, 676
48, 675
48, 674
49, 673
49, 672
49, 671
49, 670
49, 669
49, 668
49, 667
49, 666
49, 665
50, 664
50, 663
50, 662
50, 661
50, 660
50, 659
50, 658
50, 657
50, 656
50, 655
50, 654
50, 653
50, 652
50, 651
50, 650
51, 649
51, 648
51, 647
51, 646
51, 645
51, 644
51, 643
51, 642
51, 641
51, 640
51, 639
51, 638
51, 637
51, 636
51, 635
51, 634
51, 633
52, 632
52, 631
52, 630
52, 629
52, 628
52, 627
52, 626
52, 625
52, 624
53, 623
53, 622
53, 621
53, 620
53, 619
53, 618
53, 617
53, 616
53, 615
53, 614
54, 613
54, 612
54, 611
54, 610
54, 609
54, 608
54, 607
54, 606
55, 605
55, 604
55, 603
55, 602
55, 601
55, 600
55, 599
55, 598
55, 597
56, 596
56, 595
56, 594
56, 593
56, 592
56, 591
56, 590
56, 589
56, 588
56, 587
57, 586
57, 585
57, 584
57, 583
57, 582
57, 581
57, 580
57, 579
57, 578
58, 577
58, 576
58, 575
58, 574
58, 573
58, 572
58, 571
58, 570
58, 569
59, 568
59, 567
59, 566
59, 565
59, 564
59, 563
59, 562
59, 561
59, 560
60, 559
60, 558
60, 557
60, 556
60, 555
60, 554
60, 553
60, 552
60, 551
61, 550
61, 549
61, 548
61, 547
61, 546
61, 545
61, 544
61, 543
62, 542
62, 541
62, 540
62, 539
62, 538
62, 537
62, 536
62, 535
63, 534
63, 533
63, 532
63, 531
63, 530
63, 529
63, 528
64, 527
64, 526
64, 525
64, 524
64, 523
64, 522
64, 521
64, 520
64, 519
64, 518
65, 517
65, 516
65, 515
65, 514
65, 513
65, 512
65, 511
65, 510
66, 509
66, 508
66, 507
66, 506
66, 505
66, 504
66, 503
66, 502
67, 501
67, 500
67, 499
67, 498
67, 497
67, 496
67, 495
67, 494
67, 493
68, 492
68, 491
68, 490
68, 489
68, 488
68, 487
68, 486
68, 485
69, 484
69, 483
69, 482
69, 481
69, 480
69, 479
69, 478
69, 477
69, 476
70, 475
70, 474
70, 473
70, 472
70, 471
70, 470
70, 469
70, 468
71, 467
71, 466
71, 465
71, 464
71, 463
71, 462
71, 461
71, 460
72, 459
72, 458
72, 457
72, 456
72, 455
72, 454
72, 453
72, 452
72, 451
73, 450
73, 449
73, 448
73, 447
73, 446
73, 445
73, 444
74, 443
74, 442
74, 441
74, 440
74, 439
74, 438
75, 437
75, 436
75, 435
75, 434
75, 433
75, 432
76, 431
76, 430
76, 429
76, 428
76, 427
76, 426
76, 425
76, 424
76, 423
77, 422
77, 421
77, 420
77, 419
77, 418
77, 417
77, 416
77, 415
77, 414
78, 413
78, 412
78, 411
78, 410
78, 409
78, 408
78, 407
78, 406
79, 405
79, 404
79, 403
79, 402
79, 401
79, 400
79, 399
79, 398
80, 397
80, 396
80, 395
80, 394
80, 393
80, 392
80, 391
81, 390
81, 389
81, 388
81, 387
81, 386
81, 385
81, 384
81, 383
81, 382
82, 381
82, 380
82, 379
82, 378
82, 377
82, 376
82, 375
83, 374
83, 373
83, 372
83, 371
83, 370
83, 369
83, 368
84, 367
84, 366
84, 365
84, 364
84, 363
84, 362
84, 361
85, 360
85, 359
86, 358
87, 357
88, 357
89, 356
90, 356
91, 356
92, 355
92, 354
93, 353
93, 352
93, 351
93, 350
94, 349
94, 348
94, 347
94, 346
94, 345
94, 344
94, 343
95, 342
95, 341
95, 340
95, 339
95, 338
96, 337
96, 336
96, 335
96, 334
96, 333
97, 332
97, 331
97, 330
97, 329
97, 328
97, 327
98, 326
98, 325
98, 324
98, 323
98, 322
99, 321
99, 320
99, 319
99, 318
99, 317
99, 316
99, 315
100, 314
100, 313
100, 312
100, 311
100, 310
100, 309
100, 308
100, 307
101, 306
101, 305
101, 304
101, 303
101, 302
101, 301
101, 300
102, 299
102, 298
102, 297
102, 296
102, 295
102, 294
102, 293
102, 292
103, 291
103, 290
103, 289
103, 288
103, 287
103, 286
103, 285
103, 284
103, 283
103, 282
103, 281
103, 280
103, 279
103, 278
103, 277
102, 276
102, 275
101, 274
101, 273
100, 272
99, 271
99, 270
99, 269
99, 268
99, 267
99, 266
98, 265
97, 264
96, 263
95, 262
94, 262
93, 262
92, 262
92, 261
92, 260
91, 259
90, 258
89, 257
88, 256
87, 256
86, 256
85, 256
84, 255
83, 254
83, 253
82, 252
82, 251
82, 250
81, 249
81, 248
80, 247
80, 246
80, 245
80, 244
80, 243
80, 242
80, 241
80, 240
80, 239
80, 238
80, 237
80, 236
80, 235
80, 234
80, 233
80, 232
80, 231
80, 230
81, 229
81, 228
81, 227
81, 226
81, 225
81, 224
81, 223
82, 222
82, 221
82, 220
82, 219
82, 218
82, 217
82, 216
82, 215
83, 214
83, 213
83, 212
84, 211
84, 210
85, 210
86, 210
87, 210
88, 210
89, 210
90, 210
91, 210
92, 210
93, 210
94, 210
95, 210
96, 210
97, 209
97, 208
97, 207
96, 206
95, 206
94, 206
93, 206
92, 206
91, 206
90, 206
89, 206
88, 206
87, 206
86, 206
85, 206
84, 206
83, 206
83, 205
82, 204
82, 203
82, 202
82, 201
82, 200
82, 199
82, 198
82, 197
82, 196
82, 195
82, 194
82, 193
82, 192
82, 191
82, 190
82, 189
81, 188
81, 187
81, 186
81, 185
82, 184
82, 183
82, 182
82, 181
82, 180
82, 179
82, 178
82, 177
82, 176
83, 175
83, 174
84, 173
84, 172
84, 171
84, 170
84, 169
84, 168
84, 167
84, 166
84, 165
84, 164
84, 163
84, 162
84, 161
84, 160
84, 159
84, 158
84, 157
84, 156
84, 155
84, 154
84, 153
84, 152
84, 151
84, 150
84, 149
84, 148
84, 147
84, 146
84, 145
84, 144
84, 143
84, 142
84, 141
84, 140
84, 139
84, 138
84, 137
84, 136
84, 135
84, 134
84, 133
84, 132
84, 131
84, 130
85, 130
86, 129
86, 128
86, 127
86, 126
86, 125
86, 124
86, 123
86, 122
86, 121
86, 120
86, 119
86, 118
86, 117
86, 116
86, 115
86, 114
86, 113
86, 112
86, 111
86, 110
86, 109
87, 108
87, 107
87, 106
87, 105
87, 104
87, 103
87, 102
88, 101
89, 100
89, 99
89, 98
89, 97
89, 96
89, 95
90, 94
90, 93
90, 92
89, 91
90, 90
90, 89
90, 88
90, 87
90, 86
89, 85
88, 84
88, 83
89, 83
90, 82
90, 81
90, 80
91, 79
91, 78
91, 77
91, 78
91, 79
91, 80
91, 81
91, 82
92, 83
92, 84
92, 85
92, 86
92, 87
92, 88
92, 89
92, 90
92, 91
92, 92
93, 93
92, 94
92, 95
92, 96
92, 97
92, 98
92, 99
92, 100
93, 101
94, 102
93, 103
93, 104
93, 105
94, 106
93, 107
93, 108
93, 109
94, 110
94, 111
94, 112
94, 113
94, 114
94, 115
95, 116
95, 117
95, 118
95, 119
95, 120
96, 121
96, 122
96, 123
96, 124
96, 125
96, 126
96, 127
96, 128
96, 129
96, 130
97, 131
97, 132
97, 133
97, 134
97, 135
97, 136
97, 137
97, 138
97, 139
98, 140
98, 141
98, 142
98, 143
98, 144
98, 145
98, 146
99, 147
99, 148
99, 149
99, 150
99, 151
99, 152
99, 153
99, 154
99, 155
99, 156
99, 157
99, 158
99, 159
99, 160
100, 161
100, 162
100, 163
101, 164
101, 165
101, 166
101, 167
101, 168
102, 169
103, 170
103, 171
104, 172
103, 173
103, 174
103, 175
103, 176
103, 177
102, 178
102, 179
102, 180
101, 181
101, 182
101, 183
101, 184
101, 185
101, 186
101, 187
101, 188
101, 189
101, 190
101, 191
101, 192
101, 193
101, 194
101, 195
101, 196
101, 197
101, 198
101, 199
101, 200
101, 201
101, 202
101, 203
101, 204
101, 205
102, 206
102, 207
102, 208
102, 209
102, 210
102, 211
102, 212
102, 213
102, 214
102, 215
102, 216
102, 217
102, 218
103, 219
104, 220
105, 220
106, 220
107, 220
108, 220
109, 219
110, 218
110, 217
111, 216
111, 215
111, 214
112, 213
112, 212
112, 211
112, 210
112, 209
112, 208
113, 207
114, 207
115, 207
116, 207
117, 207
118, 207
119, 206
119, 205
119, 204
118, 203
117, 203
116, 203
115, 203
114, 203
113, 203
112, 203
111, 202
110, 201
110, 200
110, 199
110, 198
110, 197
110, 196
110, 195
110, 194
110, 193
109, 192
109, 191
109, 190
109, 189
108, 188
108, 187
108, 186
108, 185
108, 184
108, 183
108, 182
108, 181
108, 180
108, 179
108, 178
109, 177
109, 176
109, 175
109, 174
109, 173
109, 172
109, 171
110, 170
110, 169
110, 168
110, 167
110, 166
110, 165
110, 164
110, 163
110, 162
110, 161
110, 160
110, 159
110, 158
110, 157
110, 156
110, 155
110, 154
110, 153
110, 152
110, 151
110, 150
110, 149
110, 148
110, 147
110, 146
110, 145
110, 144
110, 143
110, 142
110, 141
110, 140
110, 139
110, 138
110, 137
110, 136
110, 135
110, 134
110, 133
110, 132
110, 131
110, 130
110, 129
110, 128
110, 127
110, 126
110, 125
110, 124
110, 123
110, 122
110, 121
110, 120
110, 119
110, 118
110, 117
110, 116
110, 115
110, 114
111, 113
111, 112
111, 111
111, 110
111, 109
111, 108
112, 109
113, 109
114, 109
115, 108
115, 107
115, 106
115, 105
114, 104
113, 104
112, 104
112, 103
111, 102
111, 101
111, 100
111, 99
112, 98
112, 97
113, 97
114, 96
114, 95
114, 94
114, 93
114, 92
114, 91
114, 90
114, 89
113, 88
114, 87
114, 86
114, 85
113, 84
113, 83
113, 82
113, 81
113, 80
113, 79
113, 78
113, 77
113, 76
113, 75
113, 74
113, 73
113, 72
113, 71
113, 70
113, 69
113, 70
113, 71
113, 72
113, 73
113, 74
113, 75
113, 76
113, 77
113, 78
113, 79
113, 80
113, 81
113, 82
113, 83
114, 84
114, 85
114, 86
114, 87
115, 88
115, 89
115, 90
115, 91
115, 92
115, 93
115, 94
115, 95
114, 96
113, 97
113, 98
113, 99
114, 100
115, 100
116, 100
116, 101
116, 102
116, 103
116, 104
116, 105
117, 106
116, 107
115, 108
114, 109
114, 110
114, 111
114, 112
114, 113
113, 114
113, 115
113, 116
114, 117
114, 118
114, 119
115, 120
116, 120
117, 120
117, 121
117, 122
117, 123
117, 124
117, 125
117, 126
118, 127
119, 127
119, 128
119, 129
119, 130
119, 131
120, 132
119, 132
118, 133
118, 134
118, 135
119, 136
120, 136
119, 137
119, 138
119, 139
120, 140
120, 141
120, 142
120, 143
121, 144
121, 145
121, 146
121, 147
121, 148
121, 149
121, 150
121, 151
121, 152
121, 153
121, 154
121, 155
121, 156
121, 157
121, 158
121, 159
121, 160
121, 161
121, 162
121, 163
121, 164
121, 165
121, 166
121, 167
121, 168
121, 169
121, 170
122, 171
122, 172
123, 173
123, 174
123, 175
123, 176
123, 177
123, 178
123, 179
123, 180
123, 181
123, 182
123, 183
123, 184
123, 185
123, 186
123, 187
123, 188
123, 189
124, 190
123, 191
123, 192
123, 193
123, 194
123, 195
123, 196
123, 197
123, 198
123, 199
123, 200
123, 201
123, 202
123, 203
123, 204
123, 205
123, 206
123, 207
123, 208
123, 209
123, 210
123, 211
123, 212
123, 213
123, 214
123, 215
123, 216
123, 217
124, 218
125, 219
126, 219
127, 219
128, 219
129, 219
130, 218
131, 217
132, 216
132, 215
132, 214
133, 213
133, 212
133, 211
133, 210
133, 209
134, 208
134, 207
134, 206
135, 205
135, 204
135, 203
134, 202
133, 201
132, 201
132, 200
132, 199
132, 198
132, 197
132, 196
132, 195
131, 194
131, 193
130, 192
130, 191
130, 190
130, 189
130, 188
130, 187
130, 186
130, 185
130, 184
129, 183
129, 182
129, 181
130, 180
130, 179
130, 178
130, 177
130, 176
130, 175
130, 174
131, 173
131, 172
131, 171
131, 170
131, 169
132, 168
132, 167
132, 166
132, 165
132, 164
132, 163
132, 162
132, 161
132, 160
132, 159
132, 158
132, 157
132, 156
132, 155
132, 154
132, 153
132, 152
132, 151
132, 150
132, 149
132, 148
132, 147
132, 146
132, 145
132, 144
132, 143
132, 142
132, 141
132, 140
132, 139
132, 138
132, 137
132, 136
132, 135
132, 134
132, 133
132, 132
132, 131
132, 130
132, 129
132, 128
132, 127
132, 126
132, 125
132, 124
132, 123
132, 122
132, 121
132, 120
132, 119
132, 118
132, 117
132, 116
132, 115
132, 114
132, 113
132, 112
132, 111
132, 110
132, 109
132, 108
132, 107
132, 106
132, 105
132, 104
132, 103
132, 102
132, 101
132, 100
132, 99
132, 98
133, 97
134, 97
135, 96
135, 95
135, 94
134, 93
134, 92
135, 91
135, 90
135, 91
135, 92
135, 93
135, 94
135, 95
135, 96
135, 97
136, 98
135, 99
135, 100
135, 101
136, 102
136, 103
135, 103
134, 103
133, 104
133, 105
133, 106
133, 107
133, 108
133, 109
133, 110
133, 111
133, 112
133, 113
134, 114
135, 115
136, 115
137, 115
137, 116
137, 117
137, 118
137, 119
138, 120
138, 121
138, 122
138, 123
139, 124
139, 125
139, 126
139, 127
140, 128
140, 129
139, 130
139, 131
139, 132
139, 133
140, 134
140, 135
140, 136
140, 137
140, 138
140, 139
140, 140
140, 141
141, 142
141, 143
141, 144
141, 145
141, 146
141, 147
141, 148
141, 149
141, 150
141, 151
141, 152
142, 153
142, 154
142, 155
142, 156
142, 157
143, 158
143, 159
143, 160
143, 161
143, 162
143, 163
143, 164
143, 165
143, 166
143, 167
143, 168
143, 169
143, 170
143, 171
143, 172
143, 173
143, 174
143, 175
143, 176
143, 177
143, 178
143, 179
143, 180
143, 181
143, 182
143, 183
144, 184
144, 185
145, 186
145, 187
145, 188
145, 189
145, 190
145, 191
144, 192
144, 193
144, 194
144, 195
143, 196
143, 197
143, 198
143, 199
143, 200
142, 201
142, 202
142, 203
143, 204
144, 204
145, 204
145, 205
145, 206
145, 207
144, 208
144, 209
144, 210
144, 211
144, 212
144, 213
144, 214
144, 215
145, 216
145, 217
146, 218
147, 218
148, 218
149, 218
150, 218
151, 217
152, 216
153, 215
154, 214
154, 213
155, 212
156, 211
156, 210
156, 209
155, 208
155, 207
155, 206
156, 206
157, 205
157, 204
157, 203
156, 202
155, 201
154, 201
153, 200
153, 199
152, 198
152, 197
152, 196
152, 195
152, 194
152, 193
152, 192
152, 191
152, 190
152, 189
151, 188
151, 187
151, 186
151, 185
151, 184
150, 183
150, 182
150, 181
151, 180
151, 179
151, 178
151, 177
151, 176
151, 175
152, 174
152, 173
152, 172
152, 171
152, 170
152, 169
152, 168
152, 167
152, 166
152, 165
152, 164
152, 163
152, 162
152, 161
152, 160
152, 159
152, 158
152, 157
152, 156
152, 155
152, 154
152, 153
152, 152
152, 151
152, 150
152, 149
152, 148
152, 147
152, 146
152, 145
152, 144
152, 143
152, 142
152, 141
152, 140
152, 139
152, 138
152, 137
152, 136
152, 135
152, 134
152, 133
152, 132
152, 131
152, 130
152, 129
152, 128
152, 127
152, 126
152, 125
152, 124
152, 123
152, 122
152, 121
152, 120
152, 119
152, 118
152, 117
152, 116
152, 115
152, 114
153, 113
153, 112
153, 111
153, 110
153, 109
153, 108
153, 107
154, 107
155, 106
155, 105
156, 104
156, 103
156, 102
156, 101
155, 100
155, 99
155, 98
155, 97
155, 96
155, 95
155, 94
155, 93
155, 92
155, 91
155, 90
155, 89
155, 88
155, 87
154, 86
154, 85
154, 84
154, 83
154, 82
154, 81
154, 80
154, 79
154, 78
154, 77
154, 76
154, 75
154, 74
154, 73
155, 72
155, 71
155, 70
155, 71
155, 72
155, 73
156, 74
156, 75
156, 76
157, 77
157, 78
157, 79
157, 80
158, 81
158, 82
158, 83
158, 84
158, 85
158, 86
158, 87
159, 88
159, 89
159, 90
159, 91
159, 92
159, 93
160, 94
160, 95
160, 96
160, 97
160, 98
160, 99
159, 99
158, 100
158, 101
158, 102
159, 103
160, 103
161, 103
161, 104
161, 105
161, 106
162, 107
162, 108
162, 109
162, 110
162, 111
162, 112
162, 113
163, 114
163, 115
163, 116
163, 117
163, 118
163, 119
163, 120
164, 121
165, 122
165, 123
165, 124
165, 125
165, 126
165, 127
165, 128
165, 129
165, 130
165, 131
165, 132
165, 133
165, 134
165, 135
166, 136
167, 136
167, 137
167, 138
167, 139
167, 140
167, 141
167, 142
167, 143
167, 144
167, 145
167, 146
167, 147
167, 148
167, 149
168, 150
169, 151
169, 152
169, 153
169, 154
169, 155
169, 156
169, 157
169, 158
169, 159
169, 160
169, 161
169, 162
169, 163
169, 164
169, 165
170, 166
171, 166
171, 167
171, 168
171, 169
171, 170
171, 171
171, 172
172, 173
171, 174
171, 175
171, 176
171, 177
171, 178
171, 179
171, 180
171, 181
171, 182
171, 183
171, 184
171, 185
171, 186
171, 187
171, 188
171, 189
171, 190
171, 191
171, 192
171, 193
171, 194
171, 195
171, 196
171, 197
171, 198
170, 199
169, 200
169, 201
169, 202
170, 203
171, 203
172, 204
172, 205
172, 206
173, 207
172, 208
172, 209
172, 210
172, 211
172, 212
172, 213
172, 214
172, 215
172, 216
172, 217
172, 218
172, 219
172, 220
171, 221
171, 222
171, 223
171, 224
171, 225
170, 226
170, 227
170, 228
170, 229
169, 230
169, 231
169, 232
169, 233
168, 234
168, 235
168, 236
167, 237
167, 238
166, 239
165, 240
165, 241
164, 242
164, 243
163, 244
162, 245
161, 246
160, 247
159, 248
158, 248
157, 249
156, 250
155, 251
154, 251
153, 252
152, 253
151, 254
150, 254
149, 255
148, 256
147, 257
146, 257
145, 257
144, 258
143, 259
142, 259
141, 260
140, 260
139, 261
138, 262
137, 263
136, 263
135, 264
134, 265
133, 266
132, 266
131, 267
130, 268
129, 269
129, 270
128, 271
127, 272
127, 273
126, 274
125, 275
125, 276
124, 277
124, 278
124, 279
123, 280
123, 281
123, 282
122, 283
122, 284
122, 285
122, 286
123, 287
123, 288
124, 289
125, 289
126, 289
127, 288
127, 287
127, 286
127, 285
127, 284
128, 283
129, 282
129, 281
130, 280
131, 280
132, 279
132, 278
133, 277
134, 276
135, 275
136, 274
136, 273
137, 273
138, 272
139, 271
140, 270
141, 270
142, 269
143, 268
144, 267
145, 267
146, 266
147, 266
148, 265
149, 264
150, 264
151, 263
152, 263
153, 262
154, 262
155, 261
156, 260
157, 260
158, 259
159, 258
160, 258
161, 257
162, 256
162, 257
162, 258
161, 259
160, 260
160, 261
159, 262
158, 263
157, 263
156, 264
156, 265
155, 266
154, 267
153, 267
152, 268
152, 269
151, 269
150, 270
150, 271
149, 272
148, 273
148, 274
147, 275
146, 275
145, 276
144, 277
144, 278
144, 279
143, 280
142, 281
142, 282
142, 283
141, 283
140, 284
140, 285
140, 286
139, 286
138, 287
138, 288
137, 289
137, 290
136, 291
136, 292
136, 293
136, 294
136, 295
136, 296
136, 297
135, 298
135, 299
134, 300
134, 301
134, 302
134, 303
134, 304
134, 305
133, 305
132, 306
131, 307
131, 308
131, 309
132, 310
132, 311
132, 312
132, 313
132, 314
132, 315
132, 316
133, 317
133, 318
133, 319
133, 320
133, 321
133, 322
133, 323
132, 323
131, 323
130, 324
130, 323
129, 322
128, 322
127, 322
126, 323
125, 324
125, 325
125, 326
124, 326
123, 327
123, 328
123, 329
123, 330
123, 331
123, 332
123, 333
123, 334
123, 335
123, 336
124, 337
125, 337
125, 338
126, 339
126, 340
127, 341
126, 340
125, 340
124, 340
123, 341
123, 342
123, 343
123, 344
123, 345
123, 346
124, 347
125, 347
126, 347
126, 348
127, 349
128, 350
129, 350
128, 350
127, 350
126, 350
125, 351
125, 352
124, 353
124, 354
124, 355
125, 356
126, 356
127, 357
128, 358
129, 359
130, 359
131, 360
131, 361
131, 362
131, 363
131, 364
131, 365
131, 366
131, 367
131, 368
131, 369
131, 370
131, 371
131, 372
131, 373
131, 374
131, 375
131, 376
131, 377
131, 378
132, 379
133, 379
134, 380
133, 381
133, 382
133, 383
133, 384
134, 385
134, 386
134, 387
134, 388
134, 389
134, 390
134, 391
134, 392
134, 393
135, 394
135, 395
135, 396
134, 397
134, 398
134, 399
134, 400
134, 401
133, 402
133, 403
133, 404
133, 405
134, 406
133, 406
132, 407
131, 408
131, 409
131, 410
131, 411
131, 412
132, 413
132, 414
132, 415
132, 416
133, 417
134, 417
134, 418
134, 419
134, 420
133, 421
133, 422
132, 423
132, 424
132, 425
132, 426
132, 427
132, 428
132, 429
131, 430
131, 431
131, 432
131, 433
131, 434
132, 435
131, 435
130, 435
129, 436
129, 437
129, 438
130, 439
131, 439
132, 439
131, 439
130, 440
130, 441
129, 442
129, 443
129, 444
129, 445
129, 446
129, 447
129, 448
129, 449
129, 450
129, 451
129, 452
129, 453
129, 454
129, 455
129, 456
129, 457
129, 458
129, 459
129, 460
129, 461
129, 462
128, 463
128, 464
128, 465
128, 466
128, 467
128, 468
128, 469
128, 470
128, 471
128, 472
128, 473
128, 474
128, 475
128, 476
128, 477
128, 478
128, 479
128, 480
128, 481
128, 482
128, 483
128, 484
128, 485
128, 486
128, 487
128, 488
128, 489
128, 490
128, 491
128, 492
128, 493
128, 494
128, 495
128, 496
127, 497
127, 498
127, 499
127, 500
127, 501
127, 502
127, 503
127, 504
127, 505
127, 506
127, 507
126, 508
126, 509
126, 510
126, 511
126, 512
126, 513
126, 514
126, 515
126, 516
126, 517
126, 518
126, 519
126, 520
126, 521
126, 522
126, 523
126, 524
126, 525
127, 526
127, 527
127, 528
127, 529
127, 530
127, 531
127, 532
127, 533
127, 534
127, 535
127, 536
127, 537
127, 538
127, 539
127, 540
127, 541
127, 542
126, 542
125, 543
125, 544
125, 545
125, 546
125, 547
125, 548
125, 549
125, 550
125, 551
125, 552
125, 553
125, 554
125, 555
125, 556
125, 557
125, 558
125, 559
125, 560
125, 561
125, 562
125, 563
125, 564
125, 565
125, 566
125, 567
125, 568
125, 569
125, 570
125, 571
125, 572
125, 573
125, 574
125, 575
125, 576
125, 577
125, 578
125, 579
125, 580
125, 581
125, 582
125, 583
125, 584
125, 585
125, 586
125, 587
125, 588
125, 589
125, 590
125, 591
125, 592
125, 593
125, 594
125, 595
125, 596
125, 597
125, 598
125, 599
125, 600
125, 601
124, 602
124, 603
124, 604
124, 605
124, 606
124, 607
124, 608
124, 609
124, 610
124, 611
124, 612
124, 613
124, 614
123, 615
123, 616
123, 617
123, 618
123, 619
123, 620
123, 621
123, 622
123, 623
123, 624
123, 625
123, 626
123, 627
123, 628
123, 629
123, 630
123, 631
122, 632
122, 633
122, 634
122, 635
122, 636
123, 637
123, 638
123, 639
123, 640
123, 641
123, 642
123, 643
122, 644
122, 645
121, 646
121, 647
121, 648
122, 649
121, 650
121, 651
121, 652
121, 653
121, 654
121, 655
121, 656
121, 657
121, 658
121, 659
121, 660
121, 661
121, 662
121, 663
121, 664
120, 665
120, 666
120, 667
121, 668
121, 669
120, 670
120, 671
120, 672
120, 673
120, 674
120, 675
120, 676
120, 677
120, 678
120, 679
120, 680
120, 681
120, 682
120, 683
120, 684
120, 685
120, 686
120, 687
120, 688
120, 689
120, 690
120, 691
120, 692
120, 693
120, 694
120, 695
120, 696
120, 697
120, 698
120, 699
120, 700
120, 701
120, 702
119, 703
119, 704
118, 705
118, 706
118, 707
118, 708
117, 709
117, 710
117, 711
117, 712
117, 713
117, 714
117, 715
116, 716
116, 717
116, 718
116, 719
116, 720
116, 721
116, 722
116, 723
116, 724
117, 725
117, 726
117, 727
117, 728
117, 729
116, 730
115, 731
115, 732
115, 733
115, 734
115, 735
115, 736
115, 737
115, 738
115, 739
115, 740
115, 741
114, 742
114, 743
114, 744
115, 745
115, 746
115, 747
115, 748
115, 749
115, 750
114, 751
114, 752
114, 753
113, 754
112, 755
111, 756
110, 757
109, 758
108, 758
107, 758
106, 759
105, 759
104, 760
103, 760
102, 761
101, 761
100, 761
99, 762
98, 762
97, 762
96, 763
95, 763
94, 763
93, 763
92, 763
91, 763
90, 764
89, 764
88, 764
87, 764
86, 764
85, 764
84, 764
83, 764
82, 764
81, 764
80, 764
79, 764
78, 764
77, 764
76, 764
75, 764
74, 764
73, 764
72, 764
71, 764
70, 763
69, 763
68, 763
67, 763
66, 763
65, 763
64, 762
63, 762
62, 761
61, 760
60, 760
59, 759
58, 759
57, 758
56, 757
55, 757
54, 756
53, 755
52, 754
51, 753
50, 752
49, 751
48, 750
47, 749
47, 748
46, 747
46, 746
46, 745
46, 744
46, 743
45, 742
45, 741
45, 740
45, 739
45, 738
45, 737
45, 736
45, 735
45, 734
45, 733
45, 732
45, 731
45, 730
45, 729
45, 728
45, 727
45, 726
45, 725
45, 724
45, 723
45, 722
45, 721
45, 720
45, 719
45, 718
45, 717
45, 716
45, 715
45, 714
45, 713
45, 712
45, 711
45, 710
45, 709
