70, 259
70, 258
70, 257
70, 256
70, 255
70, 254
70, 253
70, 252
70, 251
70, 250
70, 249
71, 248
71, 247
71, 246
71, 245
71, 244
71, 243
71, 242
71, 241
71, 240
72, 239
72, 238
72, 237
72, 236
72, 235
72, 234
72, 233
73, 232
73, 231
73, 230
73, 229
73, 228
73, 227
73, 226
73, 225
73, 224
73, 223
74, 222
74, 221
74, 220
74, 219
74, 218
74, 217
74, 216
74, 215
75, 214
75, 213
75, 212
75, 211
75, 210
75, 209
75, 208
75, 207
76, 206
76, 205
76, 204
76, 203
76, 202
76, 201
77, 200
77, 199
77, 198
77, 197
77, 196
77, 195
77, 194
77, 193
77, 192
77, 191
78, 190
78, 189
79, 188
80, 188
81, 189
81, 190
82, 191
83, 191
83, 192
83, 193
83, 194
84, 195
85, 195
85, 196
85, 197
85, 198
86, 199
87, 199
87, 200
87, 201
87, 202
87, 203
88, 204
88, 205
88, 206
88, 207
88, 208
88, 209
88, 210
88, 211
88, 212
88, 213
88, 214
88, 215
88, 216
88, 217
88, 218
88, 219
88, 220
88, 221
88, 222
89, 223
89, 224
89, 225
89, 226
89, 227
89, 228
89, 229
89, 230
89, 231
89, 232
89, 233
89, 234
89, 235
89, 236
89, 237
89, 238
90, 239
90, 240
90, 241
90, 242
90, 243
90, 244
90, 245
91, 246
91, 247
91, 248
91, 249
91, 250
92, 251
92, 252
93, 253
94, 254
94, 255
95, 256
95, 257
95, 258
95, 259
95, 260
95, 261
95, 262
95, 263
96, 264
95, 265
95, 266
95, 267
96, 268
96, 269
96, 270
96, 271
96, 272
96, 273
96, 274
95, 275
95, 276
95, 277
95, 278
95, 279
96, 280
95, 281
94, 282
93, 282
92, 283
92, 284
92, 285
92, 286
92, 287
92, 288
92, 289
91, 290
91, 291
91, 292
91, 293
91, 294
91, 295
91, 296
91, 297
91, 298
91, 299
90, 299
89, 300
89, 301
88, 302
88, 301
88, 300
88, 299
87, 298
87, 297
87, 296
87, 295
87, 294
87, 293
87, 292
87, 291
87, 290
87, 289
86, 288
85, 288
84, 288
83, 289
83, 290
83, 291
83, 292
83, 293
82, 294
81, 295
80, 295
80, 294
79, 293
78, 293
77, 293
76, 293
75, 292
74, 292
73, 292
72, 292
71, 293
71, 294
71, 295
71, 296
71, 297
71, 298
71, 299
71, 300
71, 301
72, 302
73, 302
74, 302
75, 301
76, 301
77, 301
78, 301
79, 301
80, 301
81, 301
82, 301
83, 302
84, 302
84, 303
85, 304
85, 305
86, 306
87, 307
88, 307
89, 308
89, 309
89, 310
89, 311
89, 312
90, 313
91, 314
92, 315
93, 316
94, 316
95, 316
96, 316
97, 315
98, 315
99, 314
100, 313
100, 312
100, 311
101, 310
102, 309
102, 308
102, 307
102, 306
103, 306
104, 305
104, 304
104, 303
105, 302
105, 301
105, 300
104, 299
103, 299
102, 299
101, 299
100, 299
100, 298
100, 297
100, 296
100, 295
100, 294
100, 293
100, 292
100, 291
100, 290
100, 289
100, 288
100, 287
100, 286
100, 285
100, 284
100, 283
100, 282
101, 281
101, 280
101, 279
101, 278
100, 277
100, 276
101, 275
101, 274
101, 273
101, 272
101, 271
101, 270
101, 269
101, 268
101, 267
101, 266
101, 265
101, 264
101, 263
101, 262
101, 261
101, 260
101, 259
101, 258
101, 257
101, 256
101, 255
101, 254
101, 253
101, 252
101, 251
101, 250
101, 249
101, 248
101, 247
102, 246
102, 245
102, 244
102, 243
102, 242
102, 241
102, 240
102, 239
102, 238
102, 237
102, 236
102, 235
103, 234
103, 233
103, 232
103, 231
103, 230
103, 229
103, 228
103, 227
103, 226
103, 225
103, 224
103, 223
103, 222
103, 221
103, 220
103, 219
103, 218
104, 217
104, 216
104, 215
104, 214
104, 213
104, 212
104, 211
104, 210
104, 209
105, 208
105, 207
105, 206
105, 205
105, 204
105, 203
105, 202
105, 201
105, 200
105, 199
106, 198
106, 197
106, 196
106, 195
106, 194
106, 193
106, 192
106, 191
106, 190
106, 189
107, 188
108, 187
109, 187
109, 188
110, 189
109, 190
109, 191
109, 192
109, 193
109, 194
109, 195
109, 196
109, 197
109, 198
109, 199
109, 200
109, 201
109, 202
109, 203
110, 204
110, 205
110, 206
110, 207
110, 208
110, 209
110, 210
111, 211
111, 212
111, 213
111, 214
111, 215
111, 216
111, 217
111, 218
111, 219
111, 220
112, 221
113, 221
113, 222
113, 223
113, 224
113, 225
113, 226
113, 227
113, 228
113, 229
113, 230
113, 231
113, 232
113, 233
113, 234
113, 235
113, 236
113, 237
113, 238
113, 239
113, 240
113, 241
113, 242
113, 243
113, 244
113, 245
113, 246
114, 247
114, 248
114, 249
114, 250
114, 251
114, 252
115, 253
115, 254
115, 255
116, 256
116, 257
116, 258
117, 259
118, 259
119, 259
119, 260
119, 261
120, 262
120, 263
120, 264
120, 265
121, 266
121, 267
121, 268
121, 269
121, 270
121, 271
121, 272
121, 273
120, 274
119, 275
119, 276
119, 277
119, 278
119, 279
119, 280
118, 281
118, 282
117, 282
116, 283
116, 284
116, 285
116, 286
115, 287
115, 288
115, 289
115, 290
115, 291
115, 292
115, 293
115, 294
115, 295
115, 296
115, 297
115, 298
114, 298
113, 299
113, 300
112, 300
112, 299
111, 298
111, 297
111, 296
111, 295
110, 294
109, 294
108, 294
107, 295
107, 296
106, 297
106, 298
106, 299
106, 300
106, 301
106, 302
107, 303
108, 303
109, 303
109, 304
110, 305
111, 306
112, 306
113, 306
114, 307
114, 308
114, 309
114, 310
114, 311
114, 312
114, 313
115, 314
115, 315
116, 316
117, 316
118, 317
119, 317
120, 317
121, 317
122, 317
123, 316
124, 315
125, 314
125, 313
125, 312
125, 311
125, 310
125, 309
125, 308
126, 307
126, 306
126, 305
127, 305
128, 304
129, 303
129, 302
129, 301
128, 300
127, 300
126, 300
125, 300
125, 299
125, 298
125, 297
125, 296
125, 295
125, 294
125, 293
125, 292
125, 291
125, 290
125, 289
125, 288
125, 287
125, 286
125, 285
125, 284
125, 283
125, 282
125, 281
125, 280
125, 279
125, 278
125, 277
125, 276
125, 275
125, 274
125, 273
125, 272
125, 271
125, 270
125, 269
125, 268
125, 267
125, 266
125, 265
125, 264
126, 263
126, 262
126, 261
126, 260
126, 259
126, 258
126, 257
126, 256
126, 255
126, 254
126, 253
126, 252
126, 251
126, 250
126, 249
126, 248
126, 247
126, 246
127, 245
127, 244
127, 243
127, 242
127, 241
127, 240
127, 239
127, 238
127, 237
127, 236
127, 235
127, 234
127, 233
127, 232
127, 231
127, 230
127, 229
127, 228
127, 227
127, 226
127, 225
127, 224
127, 223
127, 222
128, 221
128, 220
128, 219
128, 218
128, 217
128, 216
128, 215
128, 214
128, 213
128, 212
128, 211
128, 210
128, 209
128, 208
128, 207
128, 206
128, 205
129, 204
129, 203
129, 202
129, 201
129, 200
129, 199
129, 198
129, 197
129, 196
129, 195
129, 194
129, 193
129, 192
129, 191
129, 190
130, 189
131, 189
132, 189
133, 189
133, 190
133, 191
133, 192
133, 193
133, 194
133, 195
133, 196
133, 197
133, 198
133, 199
133, 200
133, 201
133, 202
134, 203
134, 204
134, 205
134, 206
135, 207
135, 208
135, 209
135, 210
135, 211
135, 212
135, 213
135, 214
135, 215
136, 216
136, 217
136, 218
136, 219
136, 220
137, 221
137, 222
137, 223
137, 224
137, 225
137, 226
138, 227
139, 228
139, 229
139, 230
139, 231
139, 232
139, 233
139, 234
139, 235
139, 236
139, 237
139, 238
139, 239
139, 240
139, 241
139, 242
139, 243
139, 244
139, 245
139, 246
139, 247
139, 248
139, 249
139, 250
140, 251
141, 252
141, 253
141, 254
141, 255
141, 256
141, 257
141, 258
141, 259
141, 260
141, 261
141, 262
141, 263
141, 264
141, 265
141, 266
141, 267
141, 268
141, 269
141, 270
141, 271
142, 272
142, 273
142, 274
143, 275
143, 276
143, 277
143, 278
143, 279
143, 280
143, 281
143, 282
143, 283
143, 284
143, 285
143, 286
143, 287
143, 288
143, 289
143, 290
143, 291
143, 292
143, 293
143, 294
143, 295
143, 296
143, 297
142, 298
142, 299
142, 300
141, 301
141, 302
141, 303
141, 304
140, 305
140, 306
140, 307
140, 308
139, 308
139, 307
139, 306
139, 305
139, 304
139, 303
139, 302
139, 301
138, 300
138, 299
138, 298
137, 297
136, 297
136, 296
137, 295
137, 294
137, 293
136, 292
135, 292
134, 292
133, 293
132, 293
131, 294
131, 295
131, 296
131, 297
130, 298
130, 299
130, 300
130, 301
131, 302
132, 303
132, 304
133, 305
134, 305
135, 305
135, 306
135, 307
135, 308
135, 309
135, 310
135, 311
136, 312
137, 312
138, 312
139, 313
140, 313
139, 313
138, 313
137, 314
137, 315
137, 316
137, 317
137, 318
137, 319
137, 320
138, 321
138, 322
138, 323
138, 324
138, 325
139, 326
139, 327
138, 328
137, 329
137, 330
137, 331
137, 332
137, 333
137, 334
137, 335
137, 336
136, 337
135, 338
135, 339
135, 340
135, 341
135, 342
134, 342
133, 343
133, 344
133, 345
133, 346
133, 347
132, 348
132, 349
131, 350
131, 351
130, 352
129, 353
128, 354
128, 355
127, 356
126, 357
126, 358
125, 359
125, 360
124, 361
124, 362
123, 363
123, 364
122, 365
122, 366
122, 367
122, 368
121, 369
121, 370
121, 371
121, 372
121, 373
121, 374
121, 375
120, 376
120, 377
120, 378
120, 379
121, 380
121, 381
121, 382
120, 383
120, 384
120, 385
120, 386
120, 387
120, 388
120, 389
121, 390
121, 391
121, 392
121, 393
121, 394
121, 395
121, 396
121, 397
121, 398
121, 399
121, 400
121, 401
121, 402
121, 403
121, 404
121, 405
120, 406
120, 407
120, 408
120, 409
120, 410
120, 411
120, 412
120, 413
120, 414
120, 415
120, 416
121, 417
122, 418
122, 419
122, 420
122, 421
121, 421
120, 422
120, 423
120, 424
120, 425
121, 426
122, 426
123, 426
123, 427
123, 428
123, 429
123, 430
123, 431
123, 432
123, 433
124, 434
125, 434
125, 435
125, 436
125, 437
125, 438
125, 439
125, 440
125, 441
126, 442
126, 443
126, 444
126, 445
126, 446
126, 447
126, 448
125, 449
125, 450
125, 451
126, 452
127, 452
127, 453
127, 454
127, 455
127, 456
127, 457
127, 458
127, 459
127, 460
127, 461
127, 462
127, 463
127, 464
127, 465
128, 466
128, 467
127, 468
127, 469
127, 470
127, 471
128, 472
129, 472
129, 473
129, 474
129, 475
129, 476
129, 477
129, 478
129, 479
129, 480
129, 481
130, 482
130, 483
130, 484
131, 485
131, 486
131, 487
131, 488
131, 489
131, 490
131, 491
131, 492
131, 493
131, 494
131, 495
131, 496
131, 497
131, 498
131, 499
132, 500
133, 501
133, 502
133, 503
133, 504
133, 505
133, 506
133, 507
133, 508
133, 509
133, 510
133, 511
134, 512
135, 513
135, 514
135, 515
135, 516
135, 517
135, 518
135, 519
135, 520
135, 521
135, 522
135, 523
135, 524
136, 525
136, 526
137, 527
137, 528
137, 529
137, 530
137, 531
137, 532
137, 533
137, 534
137, 535
138, 536
139, 537
139, 538
139, 539
139, 540
139, 541
139, 542
139, 543
139, 544
139, 545
139, 546
140, 547
140, 548
140, 549
141, 550
141, 551
141, 552
141, 553
141, 554
141, 555
141, 556
141, 557
141, 558
141, 559
142, 560
143, 561
143, 562
143, 563
143, 564
143, 565
143, 566
143, 567
143, 568
143, 569
144, 570
145, 571
145, 572
145, 573
145, 574
145, 575
145, 576
145, 577
146, 578
147, 578
147, 579
147, 580
147, 581
147, 582
147, 583
147, 584
147, 585
147, 586
146, 586
145, 587
145, 588
145, 589
145, 590
145, 591
146, 592
147, 593
147, 594
147, 595
148, 596
149, 596
149, 597
149, 598
149, 599
149, 600
149, 601
149, 602
149, 603
148, 603
147, 604
147, 605
147, 606
148, 607
148, 608
149, 609
149, 610
149, 611
150, 612
150, 613
150, 614
151, 615
151, 616
150, 615
149, 614
148, 614
147, 613
146, 612
146, 611
145, 610
144, 609
143, 608
142, 607
142, 606
142, 605
142, 604
141, 603
140, 603
139, 603
138, 603
137, 603
136, 604
136, 605
136, 606
137, 607
137, 608
138, 609
138, 610
139, 611
140, 612
141, 613
142, 614
143, 615
144, 616
145, 617
146, 618
147, 618
148, 619
149, 620
150, 621
150, 622
150, 623
150, 624
151, 625
150, 626
150, 627
150, 628
150, 629
151, 630
150, 630
149, 630
148, 630
147, 631
147, 632
147, 633
148, 634
149, 635
149, 636
149, 637
149, 638
149, 639
149, 640
149, 641
149, 642
149, 643
149, 644
149, 645
149, 646
149, 647
148, 648
148, 649
148, 650
148, 651
148, 652
148, 653
148, 654
148, 655
148, 656
147, 657
147, 658
147, 659
147, 660
147, 661
147, 662
146, 663
146, 664
146, 665
145, 666
145, 667
145, 668
145, 669
145, 670
144, 671
143, 671
142, 672
142, 673
141, 673
140, 673
139, 673
138, 673
137, 674
137, 675
137, 676
138, 677
137, 678
136, 679
135, 679
134, 679
134, 678
134, 677
133, 676
132, 676
131, 675
130, 674
129, 674
128, 674
127, 674
126, 674
125, 673
124, 673
123, 672
122, 671
121, 671
120, 670
119, 670
119, 669
118, 668
117, 667
117, 666
116, 665
116, 664
116, 663
115, 662
114, 661
113, 660
113, 659
112, 658
112, 657
112, 656
112, 655
112, 654
111, 653
111, 652
110, 651
110, 650
110, 649
110, 648
109, 647
108, 646
108, 645
108, 644
107, 643
107, 642
106, 641
106, 640
106, 639
106, 638
105, 637
105, 636
105, 635
105, 634
105, 633
106, 633
107, 633
108, 632
108, 631
108, 630
107, 629
106, 629
105, 629
104, 629
103, 629
103, 628
103, 627
103, 626
103, 625
103, 624
103, 623
102, 622
102, 621
102, 620
102, 619
102, 618
101, 617
100, 617
99, 617
100, 616
100, 615
100, 614
100, 613
101, 612
101, 611
101, 610
101, 609
102, 608
102, 607
102, 606
102, 605
101, 604
100, 603
99, 603
99, 602
99, 601
99, 600
99, 599
100, 598
100, 597
100, 596
101, 595
101, 594
101, 593
102, 592
102, 591
102, 590
101, 589
100, 588
100, 587
100, 586
100, 585
100, 584
100, 583
100, 582
101, 581
101, 580
101, 579
101, 578
101, 577
102, 576
102, 575
102, 574
102, 573
102, 572
102, 571
103, 570
103, 569
103, 568
103, 567
103, 566
103, 565
103, 564
103, 563
103, 562
103, 561
104, 560
104, 559
104, 558
104, 557
104, 556
104, 555
104, 554
104, 553
105, 552
105, 551
105, 550
105, 549
105, 548
105, 547
105, 546
105, 545
105, 544
105, 543
105, 542
105, 541
105, 540
105, 539
105, 538
105, 537
105, 536
106, 535
106, 534
106, 533
106, 532
106, 531
106, 530
106, 529
106, 528
107, 527
107, 526
107, 525
107, 524
107, 523
107, 522
107, 521
107, 520
107, 519
107, 518
107, 517
107, 516
107, 515
107, 514
107, 513
107, 512
107, 511
107, 510
107, 509
108, 508
108, 507
108, 506
108, 505
108, 504
108, 503
108, 502
108, 501
108, 500
108, 499
108, 498
108, 497
108, 496
109, 495
109, 494
109, 493
109, 492
109, 491
109, 490
109, 489
109, 488
109, 487
109, 486
109, 485
109, 484
109, 483
109, 482
109, 481
109, 480
109, 479
109, 478
109, 477
109, 476
109, 475
109, 474
109, 473
109, 472
109, 471
110, 470
110, 469
110, 468
110, 467
110, 466
110, 465
110, 464
110, 463
110, 462
110, 461
110, 460
110, 459
110, 458
110, 457
110, 456
110, 455
110, 454
110, 453
110, 452
110, 451
110, 450
110, 449
110, 448
110, 447
110, 446
110, 445
110, 444
110, 443
110, 442
110, 441
110, 440
110, 439
110, 438
110, 437
110, 436
110, 435
110, 434
110, 433
110, 432
110, 431
110, 430
110, 429
110, 428
110, 427
110, 426
110, 425
110, 424
110, 423
110, 422
110, 421
110, 420
110, 419
110, 418
110, 417
110, 416
110, 415
110, 414
110, 413
110, 412
110, 411
110, 410
110, 409
110, 408
110, 407
109, 406
109, 405
109, 404
109, 403
108, 402
108, 401
108, 400
108, 399
107, 398
107, 397
107, 396
107, 395
108, 394
108, 393
108, 392
108, 391
108, 390
108, 389
108, 388
108, 387
107, 386
107, 385
107, 384
107, 383
107, 382
106, 381
106, 380
106, 379
106, 378
106, 377
106, 376
105, 375
105, 374
104, 373
104, 372
104, 371
103, 370
103, 369
103, 368
102, 367
102, 366
101, 365
100, 364
100, 363
99, 362
99, 361
98, 360
97, 359
96, 358
96, 357
95, 356
94, 355
93, 354
92, 353
91, 352
90, 351
89, 350
88, 349
87, 348
86, 347
85, 346
84, 345
83, 344
82, 343
81, 342
80, 341
80, 340
79, 339
79, 338
78, 337
78, 336
77, 335
76, 335
76, 334
75, 333
74, 332
74, 331
74, 330
73, 329
73, 328
73, 327
73, 326
73, 325
73, 324
73, 323
73, 322
73, 321
73, 320
73, 319
72, 318
72, 317
72, 316
72, 315
72, 314
72, 313
72, 312
72, 311
72, 310
72, 309
72, 308
72, 307
72, 306
72, 305
71, 304
70, 303
70, 302
70, 301
70, 300
70, 299
70, 298
70, 297
70, 296
70, 295
69, 294
69, 293
69, 292
69, 291
69, 290
69, 289
69, 288
69, 287
69, 286
69, 285
69, 284
69, 283
69, 282
69, 281
69, 280
69, 279
69, 278
69, 277
69, 276
69, 275
69, 274
69, 273
69, 272
69, 271
69, 270
69, 269
69, 268
69, 267
69, 266
69, 265
69, 264
69, 263
69, 262
69, 261
69, 260
