92, 726
93, 725
93, 724
93, 723
93, 722
93, 721
93, 720
93, 719
93, 718
93, 717
93, 716
93, 715
93, 714
94, 713
94, 712
94, 711
94, 710
94, 709
94, 708
94, 707
94, 706
94, 705
94, 704
95, 703
95, 702
95, 701
95, 700
95, 699
95, 698
95, 697
95, 696
95, 695
95, 694
95, 693
95, 692
96, 691
96, 690
96, 689
96, 688
96, 687
96, 686
96, 685
96, 684
96, 683
96, 682
96, 681
97, 680
97, 679
97, 678
97, 677
97, 676
97, 675
97, 674
97, 673
97, 672
97, 671
97, 670
97, 669
97, 668
97, 667
98, 666
98, 665
98, 664
98, 663
98, 662
98, 661
98, 660
98, 659
98, 658
98, 657
99, 656
99, 655
99, 654
99, 653
99, 652
99, 651
99, 650
99, 649
99, 648
99, 647
99, 646
99, 645
99, 644
100, 643
100, 642
100, 641
100, 640
100, 639
100, 638
100, 637
100, 636
100, 635
100, 634
100, 633
100, 632
101, 631
101, 630
101, 629
101, 628
101, 627
101, 626
101, 625
101, 624
101, 623
101, 622
101, 621
101, 620
101, 619
102, 618
102, 617
102, 616
102, 615
102, 614
102, 613
102, 612
102, 611
102, 610
102, 609
102, 608
102, 607
103, 606
103, 605
103, 604
103, 603
103, 602
103, 601
103, 600
103, 599
103, 598
103, 597
103, 596
103, 595
104, 594
104, 593
104, 592
104, 591
104, 590
104, 589
104, 588
104, 587
104, 586
104, 585
104, 584
105, 583
105, 582
105, 581
105, 580
105, 579
105, 578
105, 577
105, 576
105, 575
105, 574
105, 573
105, 572
105, 571
106, 570
106, 569
106, 568
106, 567
106, 566
106, 565
106, 564
107, 563
107, 562
107, 561
107, 560
107, 559
107, 558
107, 557
107, 556
107, 555
107, 554
107, 553
107, 552
107, 551
107, 550
108, 549
108, 548
108, 547
108, 546
108, 545
108, 544
108, 543
108, 542
108, 541
108, 540
108, 539
108, 538
108, 537
109, 536
109, 535
109, 534
109, 533
109, 532
109, 531
109, 530
109, 529
109, 528
109, 527
109, 526
110, 525
110, 524
110, 523
110, 522
110, 521
110, 520
110, 519
110, 518
110, 517
110, 516
110, 515
111, 514
111, 513
111, 512
111, 511
111, 510
111, 509
111, 508
111, 507
111, 506
111, 505
111, 504
112, 503
112, 502
112, 501
112, 500
112, 499
112, 498
112, 497
112, 496
112, 495
112, 494
112, 493
112, 492
113, 491
113, 490
113, 489
113, 488
113, 487
113, 486
113, 485
113, 484
113, 483
113, 482
113, 481
114, 480
114, 479
114, 478
114, 477
114, 476
114, 475
114, 474
114, 473
114, 472
114, 471
114, 470
115, 469
115, 468
115, 467
115, 466
115, 465
115, 464
115, 463
115, 462
115, 461
115, 460
115, 459
116, 458
116, 457
116, 456
116, 455
116, 454
116, 453
116, 452
116, 451
116, 450
116, 449
116, 448
117, 447
117, 446
117, 445
117, 444
117, 443
117, 442
117, 441
117, 440
117, 439
118, 438
118, 437
118, 436
118, 435
118, 434
118, 433
118, 432
118, 431
118, 430
118, 429
118, 428
119, 427
119, 426
119, 425
119, 424
119, 423
119, 422
119, 421
119, 420
119, 419
119, 418
119, 417
120, 416
120, 415
120, 414
120, 413
120, 412
120, 411
120, 410
120, 409
120, 408
120, 407
120, 406
121, 405
121, 404
121, 403
121, 402
121, 401
121, 400
121, 399
121, 398
121, 397
121, 396
121, 395
121, 394
122, 393
122, 392
122, 391
122, 390
122, 389
122, 388
122, 387
122, 386
122, 385
123, 384
123, 383
123, 382
123, 381
123, 380
123, 379
123, 378
124, 377
124, 376
124, 375
125, 374
125, 373
125, 372
126, 371
126, 370
126, 369
127, 368
127, 367
127, 366
127, 365
127, 364
127, 363
128, 362
128, 361
128, 360
128, 359
127, 358
128, 357
129, 356
129, 355
129, 354
129, 353
130, 353
131, 352
131, 351
131, 350
130, 349
131, 348
131, 347
132, 346
132, 345
132, 344
131, 343
130, 343
131, 343
132, 343
133, 342
133, 341
134, 340
134, 339
134, 338
133, 337
132, 337
133, 336
133, 335
133, 334
133, 333
133, 332
133, 331
134, 330
134, 329
134, 328
134, 327
135, 326
135, 325
135, 324
135, 323
135, 322
136, 321
136, 320
136, 319
136, 318
137, 317
137, 316
137, 315
137, 314
137, 313
138, 312
138, 311
138, 310
138, 309
139, 308
139, 307
139, 306
139, 305
139, 304
139, 303
139, 302
140, 301
140, 300
140, 299
140, 298
140, 297
141, 296
141, 295
141, 294
141, 293
141, 292
141, 291
141, 290
140, 289
140, 288
140, 287
139, 286
139, 285
139, 284
139, 283
138, 282
137, 281
137, 280
136, 279
136, 278
135, 277
136, 276
136, 275
136, 274
135, 273
134, 273
133, 273
132, 274
131, 273
130, 272
129, 271
128, 270
127, 269
127, 268
126, 267
126, 266
125, 265
125, 264
125, 263
125, 262
124, 261
123, 260
123, 259
123, 258
123, 257
123, 256
123, 255
122, 254
122, 253
122, 252
123, 251
123, 250
123, 249
122, 248
121, 248
121, 247
121, 246
121, 245
121, 244
121, 243
121, 242
121, 241
121, 240
121, 239
121, 238
121, 237
121, 236
121, 235
121, 234
121, 233
121, 232
122, 231
123, 230
123, 229
123, 228
123, 227
123, 226
123, 225
123, 224
123, 223
123, 222
123, 221
123, 220
123, 219
123, 218
123, 217
123, 216
123, 215
123, 214
123, 213
123, 212
123, 211
123, 210
123, 209
123, 208
123, 207
123, 206
123, 205
123, 204
123, 203
123, 202
123, 201
123, 200
123, 199
123, 198
123, 197
123, 196
123, 195
123, 194
123, 193
123, 192
123, 191
124, 190
124, 189
124, 188
124, 187
124, 186
124, 185
124, 184
125, 183
125, 182
125, 181
125, 180
125, 179
125, 178
125, 177
125, 176
125, 175
125, 174
125, 173
125, 172
125, 171
125, 170
125, 169
125, 168
125, 167
125, 166
125, 165
125, 164
125, 163
125, 162
126, 161
126, 160
126, 159
126, 158
126, 157
126, 156
127, 155
127, 154
127, 153
127, 152
127, 151
127, 150
127, 149
127, 148
127, 147
127, 146
127, 145
127, 144
127, 143
128, 142
129, 141
129, 140
129, 139
129, 138
129, 137
129, 136
129, 135
129, 134
129, 133
129, 132
129, 131
129, 130
129, 129
129, 128
130, 127
131, 126
131, 125
131, 124
131, 123
131, 122
131, 121
131, 120
131, 119
131, 118
131, 117
131, 116
131, 115
131, 114
131, 113
131, 112
131, 111
131, 110
132, 110
133, 109
133, 108
133, 107
133, 106
133, 105
133, 104
133, 103
133, 102
133, 101
133, 100
133, 99
133, 98
133, 97
133, 96
133, 95
133, 94
133, 93
133, 92
134, 91
134, 90
134, 89
134, 88
135, 87
135, 86
135, 85
135, 84
135, 83
135, 82
135, 81
135, 80
135, 79
135, 78
135, 77
135, 76
135, 75
136, 74
136, 73
136, 72
136, 71
136, 70
136, 69
137, 69
138, 69
138, 70
138, 71
139, 72
139, 73
139, 74
139, 75
139, 76
139, 77
140, 78
140, 79
140, 80
140, 81
140, 82
140, 83
140, 84
140, 85
140, 86
140, 87
140, 88
140, 89
140, 90
140, 91
140, 92
140, 93
140, 94
140, 95
140, 96
140, 97
140, 98
140, 99
140, 100
140, 101
140, 102
140, 103
140, 104
140, 105
140, 106
140, 107
140, 108
140, 109
140, 110
140, 111
139, 112
139, 113
139, 114
139, 115
139, 116
139, 117
139, 118
139, 119
139, 120
139, 121
139, 122
139, 123
139, 124
139, 125
139, 126
139, 127
139, 128
139, 129
138, 130
138, 131
138, 132
138, 133
139, 134
139, 135
139, 136
139, 137
139, 138
139, 139
138, 140
138, 141
138, 142
138, 143
139, 144
139, 145
139, 146
139, 147
139, 148
139, 149
139, 150
139, 151
139, 152
139, 153
139, 154
139, 155
139, 156
139, 157
139, 158
139, 159
139, 160
139, 161
139, 162
139, 163
139, 164
138, 165
138, 166
138, 167
138, 168
138, 169
138, 170
138, 171
138, 172
138, 173
138, 174
138, 175
138, 176
138, 177
138, 178
138, 179
138, 180
138, 181
138, 182
138, 183
139, 184
140, 185
141, 185
142, 185
143, 184
143, 183
143, 182
143, 181
142, 180
143, 179
144, 179
144, 180
144, 181
144, 182
144, 183
144, 184
144, 185
144, 186
144, 187
144, 188
144, 189
144, 190
144, 191
144, 192
143, 192
142, 193
142, 194
142, 195
142, 196
141, 197
141, 196
142, 195
142, 194
142, 193
142, 192
141, 191
140, 191
140, 190
140, 189
139, 188
138, 188
137, 188
136, 189
136, 190
136, 191
136, 192
136, 193
137, 194
138, 194
137, 195
137, 196
137, 197
136, 198
136, 199
136, 200
136, 201
136, 202
136, 203
136, 204
135, 204
134, 204
133, 204
132, 204
131, 204
130, 205
130, 206
130, 207
131, 208
132, 208
133, 208
134, 208
135, 208
135, 209
135, 210
135, 211
135, 212
134, 213
134, 214
134, 215
135, 216
135, 217
135, 218
135, 219
135, 220
136, 221
136, 222
137, 223
138, 223
139, 224
140, 224
141, 224
142, 223
143, 223
144, 223
145, 222
145, 221
146, 220
147, 219
147, 218
148, 218
149, 217
149, 216
149, 215
148, 214
148, 213
148, 212
148, 211
148, 210
148, 209
148, 208
148, 207
147, 206
148, 205
148, 204
148, 203
149, 202
149, 201
149, 200
148, 199
148, 198
148, 197
149, 196
149, 195
149, 194
149, 193
149, 192
149, 191
149, 190
149, 189
149, 188
149, 187
149, 186
149, 185
149, 184
149, 183
149, 182
149, 181
149, 180
149, 179
149, 178
149, 177
149, 176
149, 175
149, 174
149, 173
149, 172
149, 171
149, 170
149, 169
149, 168
150, 167
150, 166
150, 165
149, 164
149, 163
149, 162
149, 161
149, 160
149, 159
149, 158
150, 157
150, 156
151, 155
151, 154
151, 153
151, 152
151, 151
151, 150
151, 149
151, 148
151, 147
151, 146
151, 145
151, 144
151, 143
151, 142
151, 141
151, 140
152, 139
152, 138
152, 137
152, 136
152, 135
152, 134
152, 133
152, 132
152, 131
153, 130
153, 129
153, 128
153, 127
153, 126
153, 125
153, 124
153, 123
153, 122
153, 121
153, 120
153, 119
153, 118
153, 117
153, 116
153, 115
153, 114
153, 113
153, 112
153, 111
153, 110
153, 109
153, 108
153, 107
153, 106
153, 105
153, 104
153, 103
153, 102
153, 101
153, 100
153, 99
153, 98
153, 97
153, 96
153, 95
153, 94
153, 93
153, 92
153, 91
153, 90
153, 89
153, 88
153, 87
153, 86
154, 85
154, 84
154, 83
154, 82
154, 81
154, 80
154, 79
154, 78
154, 77
154, 76
154, 75
154, 74
154, 73
154, 72
154, 71
154, 70
154, 69
155, 69
156, 69
157, 69
157, 70
157, 71
158, 72
158, 73
158, 74
158, 75
158, 76
158, 77
158, 78
158, 79
158, 80
158, 81
158, 82
158, 83
158, 84
158, 85
158, 86
158, 87
158, 88
158, 89
158, 90
158, 91
158, 92
158, 93
158, 94
158, 95
158, 96
158, 97
158, 98
158, 99
158, 100
158, 101
158, 102
158, 103
158, 104
158, 105
158, 106
158, 107
158, 108
158, 109
158, 110
158, 111
158, 112
158, 113
158, 114
158, 115
159, 116
160, 117
160, 118
160, 119
160, 120
160, 121
160, 122
160, 123
160, 124
160, 125
160, 126
160, 127
160, 128
160, 129
160, 130
160, 131
160, 132
160, 133
160, 134
160, 135
160, 136
160, 137
160, 138
160, 139
160, 140
160, 141
160, 142
160, 143
160, 144
160, 145
160, 146
160, 147
160, 148
160, 149
160, 150
160, 151
160, 152
160, 153
160, 154
160, 155
160, 156
160, 157
160, 158
160, 159
160, 160
160, 161
160, 162
160, 163
160, 164
160, 165
160, 166
160, 167
160, 168
160, 169
159, 170
159, 171
159, 172
159, 173
159, 174
159, 175
159, 176
159, 177
159, 178
159, 179
160, 180
160, 181
160, 182
160, 183
160, 184
160, 185
160, 186
160, 187
160, 188
161, 189
162, 189
163, 189
164, 189
165, 188
165, 187
165, 186
165, 185
166, 184
166, 185
166, 186
166, 187
166, 188
166, 189
166, 190
166, 191
166, 192
165, 193
165, 194
165, 195
164, 196
164, 197
163, 198
163, 199
162, 199
162, 198
161, 197
160, 197
159, 197
158, 198
158, 199
158, 200
158, 201
157, 202
157, 203
156, 203
155, 204
155, 205
155, 206
156, 207
157, 207
158, 207
159, 206
159, 205
159, 206
159, 207
159, 208
159, 209
159, 210
159, 211
159, 212
159, 213
159, 214
159, 215
158, 216
158, 217
158, 218
158, 219
159, 220
159, 221
160, 222
160, 223
161, 224
162, 224
163, 224
164, 223
165, 223
166, 223
167, 222
168, 222
169, 221
169, 220
169, 219
170, 219
171, 220
172, 221
173, 221
174, 221
175, 221
176, 221
177, 220
177, 219
178, 218
178, 217
178, 216
177, 215
176, 215
175, 215
174, 216
173, 216
172, 216
171, 215
171, 214
171, 213
171, 212
171, 211
170, 210
170, 209
171, 208
171, 207
171, 206
171, 205
171, 204
171, 203
171, 202
171, 201
171, 200
171, 199
171, 198
171, 197
171, 196
171, 195
171, 194
171, 193
171, 192
171, 191
171, 190
171, 189
171, 188
171, 187
171, 186
171, 185
171, 184
171, 183
171, 182
171, 181
171, 180
171, 179
171, 178
171, 177
171, 176
171, 175
171, 174
171, 173
171, 172
171, 171
171, 170
171, 169
171, 168
171, 167
171, 166
171, 165
171, 164
171, 163
171, 162
171, 161
171, 160
171, 159
171, 158
171, 157
171, 156
171, 155
171, 154
171, 153
171, 152
172, 151
172, 150
172, 149
172, 148
172, 147
172, 146
172, 145
172, 144
172, 143
172, 142
173, 141
173, 140
173, 139
173, 138
173, 137
173, 136
173, 135
173, 134
173, 133
173, 132
173, 131
173, 130
173, 129
173, 128
173, 127
173, 126
173, 125
173, 124
173, 123
173, 122
173, 121
173, 120
173, 119
173, 118
173, 117
173, 116
173, 115
173, 114
173, 113
173, 112
173, 111
173, 110
173, 109
173, 108
173, 107
173, 106
173, 105
173, 104
173, 103
173, 102
173, 101
173, 100
173, 99
173, 98
173, 97
173, 96
173, 95
173, 94
173, 93
173, 92
173, 91
173, 90
173, 89
173, 88
173, 87
173, 86
173, 85
173, 84
173, 83
173, 82
173, 81
173, 80
173, 79
173, 78
173, 77
173, 76
173, 75
173, 74
173, 73
173, 72
173, 71
173, 70
173, 69
174, 68
175, 68
176, 69
176, 70
177, 71
178, 72
178, 73
178, 74
178, 75
178, 76
178, 77
178, 78
178, 79
178, 80
178, 81
178, 82
178, 83
178, 84
178, 85
178, 86
178, 87
178, 88
178, 89
178, 90
178, 91
178, 92
178, 93
178, 94
178, 95
178, 96
178, 97
178, 98
178, 99
178, 100
178, 101
178, 102
178, 103
178, 104
178, 105
178, 106
178, 107
178, 108
179, 109
179, 110
179, 111
179, 112
179, 113
180, 114
180, 115
180, 116
180, 117
180, 118
180, 119
180, 120
180, 121
180, 122
180, 123
180, 124
180, 125
180, 126
180, 127
180, 128
180, 129
180, 130
180, 131
180, 132
180, 133
180, 134
180, 135
180, 136
181, 137
181, 138
181, 139
181, 140
181, 141
181, 142
181, 143
181, 144
181, 145
181, 146
181, 147
181, 148
181, 149
181, 150
181, 151
181, 152
181, 153
181, 154
181, 155
181, 156
181, 157
181, 158
181, 159
181, 160
182, 161
181, 162
181, 163
181, 164
181, 165
181, 166
181, 167
181, 168
181, 169
181, 170
181, 171
181, 172
181, 173
181, 174
181, 175
181, 176
181, 177
181, 178
181, 179
181, 180
181, 181
182, 182
182, 183
182, 184
183, 185
183, 186
183, 187
184, 188
185, 188
186, 188
187, 187
187, 188
187, 189
187, 190
186, 191
186, 192
186, 193
185, 193
184, 193
183, 194
183, 195
183, 196
183, 197
184, 198
185, 198
184, 198
183, 198
182, 198
181, 198
180, 199
180, 200
180, 201
181, 202
182, 202
181, 203
181, 204
181, 205
181, 206
181, 207
181, 208
181, 209
181, 210
181, 211
181, 212
181, 213
181, 214
181, 215
181, 216
181, 217
182, 218
182, 219
182, 220
183, 221
184, 221
185, 222
186, 223
187, 223
188, 223
189, 223
190, 223
191, 222
192, 221
193, 220
193, 219
193, 218
194, 218
195, 217
195, 216
195, 215
195, 214
195, 213
195, 212
194, 211
194, 210
193, 209
193, 208
193, 207
193, 206
193, 205
193, 204
193, 203
193, 202
193, 201
193, 200
193, 199
193, 198
193, 197
193, 196
193, 195
193, 194
193, 193
193, 192
193, 191
193, 190
193, 189
193, 188
193, 187
193, 186
193, 185
193, 184
192, 183
192, 182
192, 181
192, 180
192, 179
192, 178
192, 177
191, 176
191, 175
191, 174
191, 173
191, 172
191, 171
191, 170
191, 169
191, 168
191, 167
191, 166
191, 165
192, 164
192, 163
192, 162
192, 161
192, 160
192, 159
192, 158
192, 157
192, 156
192, 155
192, 154
192, 153
193, 152
193, 151
193, 150
193, 149
193, 148
193, 147
193, 146
193, 145
193, 144
193, 143
193, 142
193, 141
193, 140
193, 139
193, 138
193, 137
193, 136
193, 135
193, 134
193, 133
193, 132
193, 131
193, 130
193, 129
193, 128
193, 127
193, 126
193, 125
193, 124
193, 123
193, 122
193, 121
193, 120
193, 119
193, 118
193, 117
192, 116
192, 115
193, 114
193, 113
193, 112
193, 111
193, 110
193, 109
193, 108
193, 107
193, 106
193, 105
192, 104
192, 103
192, 102
192, 101
192, 100
192, 99
192, 98
192, 97
192, 96
192, 95
192, 94
192, 93
192, 92
192, 91
192, 90
192, 89
192, 88
192, 87
192, 86
192, 85
192, 84
192, 83
192, 82
191, 81
191, 80
191, 79
191, 78
191, 77
191, 76
191, 75
191, 74
191, 73
191, 72
191, 71
192, 70
192, 69
193, 68
194, 69
194, 70
195, 71
195, 72
196, 73
196, 74
196, 75
196, 76
196, 77
196, 78
196, 79
196, 80
196, 81
197, 82
197, 83
197, 84
197, 85
197, 86
197, 87
197, 88
197, 89
197, 90
198, 91
198, 92
198, 93
198, 94
198, 95
198, 96
198, 97
198, 98
198, 99
198, 100
198, 101
199, 102
199, 103
199, 104
199, 105
199, 106
199, 107
199, 108
200, 109
200, 110
200, 111
200, 112
200, 113
200, 114
200, 115
200, 116
200, 117
200, 118
200, 119
200, 120
201, 121
201, 122
201, 123
201, 124
201, 125
201, 126
201, 127
202, 128
202, 129
202, 130
202, 131
202, 132
202, 133
202, 134
202, 135
202, 136
203, 137
203, 138
203, 139
203, 140
203, 141
203, 142
203, 143
203, 144
203, 145
203, 146
203, 147
203, 148
203, 149
203, 150
203, 151
204, 152
204, 153
204, 154
204, 155
204, 156
204, 157
204, 158
204, 159
204, 160
204, 161
204, 162
204, 163
204, 164
204, 165
204, 166
204, 167
204, 168
204, 169
204, 170
204, 171
205, 172
205, 173
205, 174
205, 175
205, 176
205, 177
205, 178
206, 179
205, 180
205, 181
205, 182
206, 183
206, 184
206, 185
206, 186
206, 187
206, 188
206, 189
206, 190
206, 191
206, 192
206, 193
206, 194
206, 195
206, 196
206, 197
206, 198
206, 199
206, 200
206, 201
206, 202
206, 203
206, 204
206, 205
206, 206
206, 207
205, 207
204, 208
204, 209
204, 210
204, 211
204, 212
203, 213
203, 214
203, 215
204, 216
204, 217
204, 218
204, 219
204, 220
204, 221
204, 222
204, 223
204, 224
204, 225
205, 226
206, 226
205, 227
205, 228
205, 229
205, 230
205, 231
205, 232
205, 233
204, 234
204, 235
204, 236
205, 237
205, 238
204, 239
203, 240
202, 241
202, 242
202, 243
203, 244
202, 245
202, 246
202, 247
203, 248
202, 248
201, 248
200, 249
200, 250
199, 251
198, 252
198, 253
198, 254
197, 254
196, 254
195, 255
195, 256
195, 257
196, 258
197, 258
197, 259
198, 260
199, 260
198, 261
197, 262
196, 263
195, 264
195, 265
195, 266
194, 267
194, 268
194, 269
193, 270
192, 271
191, 272
191, 273
190, 274
189, 275
188, 276
187, 277
186, 278
185, 278
184, 279
183, 280
182, 281
182, 282
181, 283
181, 284
180, 285
179, 286
179, 287
178, 288
178, 289
177, 290
177, 291
176, 291
175, 292
175, 293
174, 293
173, 293
172, 294
172, 295
172, 296
171, 297
171, 298
171, 299
171, 300
170, 301
170, 302
169, 302
168, 301
167, 301
167, 300
167, 299
167, 298
166, 297
165, 297
165, 296
166, 295
166, 294
167, 293
168, 292
168, 291
169, 290
170, 289
170, 288
170, 287
171, 286
171, 285
171, 284
170, 283
169, 283
168, 283
167, 284
166, 285
166, 286
165, 287
164, 288
164, 289
163, 290
163, 291
162, 292
162, 293
162, 294
161, 295
161, 296
160, 297
160, 298
160, 299
160, 300
161, 301
162, 301
161, 301
160, 301
159, 302
159, 303
159, 304
159, 305
159, 306
160, 307
161, 307
161, 308
160, 308
159, 308
158, 309
158, 310
158, 311
158, 312
158, 313
158, 314
158, 315
158, 316
158, 317
158, 318
158, 319
158, 320
158, 321
158, 322
158, 323
158, 324
158, 325
158, 326
158, 327
158, 328
158, 329
158, 330
158, 331
158, 332
158, 333
158, 334
158, 335
158, 336
158, 337
158, 338
158, 339
159, 340
159, 341
159, 342
159, 343
159, 344
159, 345
159, 346
159, 347
159, 348
159, 349
160, 350
160, 351
160, 352
160, 353
160, 354
160, 355
161, 356
162, 356
162, 357
162, 358
162, 359
161, 360
161, 361
160, 361
159, 362
159, 363
159, 364
160, 365
161, 366
162, 366
163, 367
164, 367
164, 368
164, 369
163, 370
163, 371
163, 372
163, 373
163, 374
163, 375
164, 376
163, 377
163, 378
163, 379
163, 380
164, 381
164, 382
164, 383
164, 384
164, 385
165, 386
165, 387
164, 387
163, 387
162, 388
162, 389
162, 390
162, 391
162, 392
162, 393
163, 394
164, 395
163, 396
163, 397
162, 398
162, 399
162, 400
162, 401
162, 402
163, 403
164, 404
165, 405
164, 405
163, 405
162, 406
162, 407
162, 408
162, 409
162, 410
162, 411
162, 412
162, 413
162, 414
163, 415
164, 415
165, 415
166, 415
167, 414
167, 413
167, 412
167, 413
167, 414
167, 415
166, 415
165, 415
164, 416
163, 416
162, 416
161, 417
161, 418
161, 419
161, 420
161, 421
161, 422
161, 423
161, 424
161, 425
161, 426
161, 427
160, 428
160, 429
160, 430
160, 431
160, 432
160, 433
161, 434
162, 434
163, 434
162, 434
161, 435
161, 436
160, 437
160, 438
160, 439
160, 440
161, 441
162, 442
161, 443
161, 444
160, 444
159, 444
158, 445
158, 446
158, 447
158, 448
158, 449
158, 450
158, 451
159, 452
159, 453
159, 454
159, 455
159, 456
159, 457
158, 458
158, 459
158, 460
158, 461
158, 462
158, 463
158, 464
158, 465
158, 466
158, 467
158, 468
158, 469
158, 470
158, 471
158, 472
157, 473
157, 474
157, 475
157, 476
157, 477
157, 478
156, 479
156, 480
156, 481
156, 482
156, 483
157, 484
158, 484
159, 484
160, 484
159, 484
158, 484
157, 485
157, 486
157, 487
156, 488
156, 489
156, 490
156, 491
156, 492
155, 493
155, 494
155, 495
156, 496
156, 497
157, 498
158, 498
157, 499
156, 500
155, 501
155, 502
155, 503
156, 504
156, 505
156, 506
155, 506
154, 507
154, 508
154, 509
154, 510
154, 511
154, 512
154, 513
154, 514
155, 515
154, 516
154, 517
154, 518
154, 519
154, 520
154, 521
154, 522
153, 523
153, 524
152, 525
152, 526
152, 527
152, 528
153, 529
153, 530
153, 531
153, 532
154, 533
155, 533
154, 533
153, 534
152, 535
152, 536
152, 537
152, 538
152, 539
152, 540
152, 541
152, 542
152, 543
152, 544
152, 545
151, 546
151, 547
151, 548
151, 549
151, 550
151, 551
152, 552
153, 553
152, 553
151, 553
150, 554
150, 555
150, 556
150, 557
150, 558
150, 559
150, 560
150, 561
150, 562
150, 563
150, 564
150, 565
150, 566
150, 567
150, 568
150, 569
150, 570
150, 571
150, 572
151, 573
151, 574
150, 575
150, 576
149, 576
148, 577
148, 578
148, 579
148, 580
149, 581
149, 582
149, 583
148, 584
148, 585
148, 586
148, 587
148, 588
148, 589
148, 590
148, 591
148, 592
148, 593
148, 594
148, 595
148, 596
148, 597
148, 598
148, 599
148, 600
149, 601
148, 602
148, 603
148, 604
147, 605
147, 606
146, 607
146, 608
146, 609
146, 610
146, 611
146, 612
146, 613
146, 614
146, 615
146, 616
147, 617
146, 618
146, 619
146, 620
146, 621
146, 622
147, 623
147, 624
146, 625
146, 626
145, 626
144, 627
144, 628
144, 629
145, 630
146, 630
146, 631
146, 632
146, 633
146, 634
146, 635
145, 636
145, 637
144, 638
144, 639
144, 640
144, 641
144, 642
144, 643
144, 644
144, 645
144, 646
144, 647
144, 648
144, 649
145, 650
144, 651
143, 652
143, 653
143, 654
143, 655
143, 656
143, 657
143, 658
144, 659
143, 660
142, 661
142, 662
142, 663
142, 664
142, 665
142, 666
142, 667
142, 668
142, 669
142, 670
142, 671
142, 672
142, 673
141, 674
141, 675
141, 676
141, 677
141, 678
141, 679
141, 680
141, 681
141, 682
141, 683
141, 684
141, 685
141, 686
141, 687
141, 688
141, 689
140, 690
140, 691
140, 692
140, 693
140, 694
140, 695
140, 696
140, 697
140, 698
140, 699
140, 700
140, 701
140, 702
140, 703
140, 704
140, 705
140, 706
140, 707
140, 708
139, 709
139, 710
139, 711
139, 712
139, 713
139, 714
139, 715
139, 716
139, 717
139, 718
138, 719
138, 720
138, 721
138, 722
138, 723
139, 724
139, 725
139, 726
138, 727
138, 728
137, 729
136, 730
136, 731
136, 732
137, 733
137, 734
137, 735
137, 736
136, 737
136, 738
136, 739
136, 740
136, 741
136, 742
135, 743
135, 744
135, 745
135, 746
134, 747
133, 748
132, 748
131, 749
130, 750
130, 751
129, 752
128, 752
127, 753
126, 753
125, 754
124, 754
123, 754
122, 754
121, 754
120, 754
119, 754
118, 754
117, 754
116, 754
115, 754
114, 754
113, 754
112, 755
111, 755
110, 754
109, 754
108, 754
107, 753
106, 753
105, 752
104, 751
103, 751
102, 750
101, 749
100, 748
99, 748
98, 748
97, 747
96, 747
95, 746
94, 745
93, 744
92, 743
92, 742
91, 741
91, 740
91, 739
91, 738
91, 737
91, 736
91, 735
91, 734
91, 733
91, 732
91, 731
91, 730
91, 729
91, 728
91, 727
