68, 188
68, 187
68, 186
68, 185
68, 184
69, 183
69, 182
69, 181
70, 180
70, 179
70, 178
70, 177
71, 176
71, 175
71, 174
72, 173
72, 172
72, 171
73, 170
73, 169
74, 168
74, 167
75, 166
75, 165
76, 164
76, 163
77, 162
78, 161
78, 160
79, 159
80, 158
81, 157
81, 156
82, 155
83, 154
84, 154
85, 153
86, 153
86, 154
86, 155
87, 156
87, 157
87, 158
87, 159
88, 160
88, 161
88, 162
88, 163
88, 164
88, 165
89, 166
89, 167
89, 168
89, 169
90, 170
90, 171
90, 172
90, 173
90, 174
90, 175
89, 175
88, 176
88, 177
88, 178
88, 179
88, 180
89, 181
90, 181
91, 181
92, 182
91, 182
90, 183
90, 184
90, 185
91, 186
92, 187
93, 188
93, 189
94, 190
95, 191
96, 191
97, 191
98, 191
99, 192
100, 192
101, 192
102, 192
103, 193
104, 193
105, 193
106, 193
107, 193
108, 193
108, 194
109, 195
110, 195
111, 195
112, 194
113, 193
114, 193
114, 194
115, 195
116, 195
117, 195
118, 195
119, 195
120, 195
121, 195
122, 195
123, 194
124, 194
125, 194
126, 194
127, 193
128, 193
129, 193
130, 192
131, 192
132, 192
133, 191
134, 190
135, 190
136, 189
137, 189
138, 188
138, 187
139, 186
140, 185
141, 184
142, 185
143, 185
144, 185
145, 184
145, 183
145, 182
145, 181
145, 180
145, 179
145, 178
145, 177
145, 176
145, 175
145, 174
144, 173
144, 172
144, 171
144, 170
144, 169
143, 168
143, 167
143, 166
143, 165
143, 164
143, 163
142, 162
142, 161
142, 160
142, 159
142, 158
142, 157
141, 156
141, 155
141, 154
141, 153
140, 152
140, 151
140, 150
140, 149
140, 148
140, 147
140, 146
140, 145
140, 144
140, 143
140, 142
141, 142
142, 143
143, 143
144, 143
145, 144
146, 144
147, 145
148, 146
149, 147
150, 147
151, 148
152, 148
153, 149
153, 150
154, 151
155, 152
156, 152
156, 153
157, 154
158, 155
159, 156
160, 157
161, 158
162, 159
163, 160
164, 161
165, 162
165, 163
166, 164
167, 165
167, 166
168, 167
168, 168
169, 169
170, 169
170, 170
170, 171
170, 172
171, 173
171, 174
171, 175
171, 176
172, 177
173, 177
174, 178
174, 179
175, 180
175, 181
175, 182
175, 183
175, 184
175, 185
175, 186
176, 187
176, 188
175, 189
174, 190
174, 191
174, 192
174, 193
174, 194
173, 195
173, 196
173, 197
172, 197
171, 198
171, 199
170, 199
169, 199
168, 200
168, 201
167, 201
166, 202
165, 202
164, 203
163, 204
163, 205
163, 206
162, 207
162, 208
162, 209
162, 210
163, 211
164, 211
163, 212
162, 213
161, 214
161, 215
160, 216
160, 217
159, 218
159, 219
158, 220
158, 221
157, 222
156, 223
156, 224
156, 225
155, 225
154, 226
154, 227
154, 228
154, 229
154, 230
154, 231
153, 231
152, 232
152, 233
152, 234
152, 235
152, 236
152, 237
152, 238
152, 239
151, 240
150, 241
150, 242
150, 243
150, 244
150, 245
150, 246
150, 247
150, 248
150, 249
150, 250
150, 251
150, 252
150, 253
150, 254
150, 255
150, 256
150, 257
150, 258
149, 259
149, 260
149, 261
149, 262
148, 263
148, 264
148, 265
148, 266
148, 267
148, 268
148, 269
148, 270
148, 271
148, 272
148, 273
148, 274
148, 275
148, 276
148, 277
148, 278
148, 279
148, 280
148, 281
148, 282
148, 283
148, 284
148, 285
148, 286
147, 287
147, 288
147, 289
147, 290
147, 291
146, 292
146, 293
146, 294
146, 295
146, 296
146, 297
146, 298
146, 299
146, 300
146, 301
146, 302
146, 303
146, 304
146, 305
146, 306
146, 307
146, 308
146, 309
146, 310
146, 311
146, 312
146, 313
146, 314
146, 315
146, 316
146, 317
146, 318
146, 319
146, 320
145, 321
145, 322
145, 323
145, 324
144, 325
144, 326
144, 327
144, 328
144, 329
144, 330
144, 331
144, 332
144, 333
144, 334
144, 335
144, 336
144, 337
144, 338
144, 339
144, 340
144, 341
144, 342
144, 343
144, 344
144, 345
144, 346
144, 347
144, 348
144, 349
144, 350
144, 351
144, 352
144, 353
144, 354
144, 355
144, 356
144, 357
143, 358
143, 359
143, 360
143, 361
143, 362
143, 363
143, 364
143, 365
143, 366
143, 367
142, 368
142, 369
142, 370
142, 371
142, 372
142, 373
142, 374
142, 375
142, 376
142, 377
142, 378
142, 379
142, 380
142, 381
142, 382
142, 383
142, 384
142, 385
142, 386
142, 387
142, 388
142, 389
142, 390
142, 391
142, 392
142, 393
142, 394
142, 395
142, 396
142, 397
142, 398
142, 399
142, 400
142, 401
142, 402
142, 403
141, 404
141, 405
141, 406
140, 407
140, 408
140, 409
140, 410
140, 411
140, 412
140, 413
140, 414
140, 415
140, 416
140, 417
140, 418
140, 419
140, 420
140, 421
140, 422
140, 423
140, 424
140, 425
140, 426
140, 427
140, 428
140, 429
140, 430
140, 431
140, 432
140, 433
140, 434
140, 435
140, 436
140, 437
140, 438
140, 439
139, 440
139, 441
139, 442
139, 443
139, 444
138, 445
138, 446
138, 447
138, 448
138, 449
138, 450
138, 451
138, 452
138, 453
138, 454
138, 455
138, 456
138, 457
138, 458
138, 459
138, 460
138, 461
138, 462
138, 463
138, 464
138, 465
138, 466
138, 467
138, 468
138, 469
138, 470
138, 471
138, 472
138, 473
138, 474
138, 475
138, 476
138, 477
138, 478
138, 479
138, 480
138, 481
138, 482
138, 483
137, 484
137, 485
137, 486
137, 487
137, 488
137, 489
136, 490
136, 491
136, 492
136, 493
136, 494
136, 495
136, 496
136, 497
136, 498
136, 499
136, 500
136, 501
136, 502
136, 503
136, 504
136, 505
136, 506
136, 507
136, 508
136, 509
136, 510
136, 511
136, 512
136, 513
136, 514
136, 515
136, 516
136, 517
136, 518
136, 519
135, 520
135, 521
135, 522
135, 523
135, 524
134, 525
134, 526
134, 527
134, 528
134, 529
134, 530
134, 531
134, 532
134, 533
134, 534
134, 535
134, 536
134, 537
134, 538
134, 539
134, 540
134, 541
134, 542
134, 543
134, 544
134, 545
134, 546
134, 547
134, 548
134, 549
134, 550
134, 551
134, 552
134, 553
134, 554
134, 555
134, 556
134, 557
134, 558
134, 559
133, 560
133, 561
133, 562
134, 563
133, 564
133, 565
133, 566
133, 567
133, 568
133, 569
133, 570
133, 571
133, 572
133, 573
133, 574
133, 575
133, 576
132, 577
132, 578
132, 579
132, 580
132, 581
132, 582
132, 583
132, 584
132, 585
132, 586
132, 587
132, 588
132, 589
132, 590
132, 591
132, 592
132, 593
132, 594
132, 595
132, 596
132, 597
132, 598
132, 599
132, 600
132, 601
132, 602
132, 603
132, 604
132, 605
132, 606
132, 607
132, 608
132, 609
132, 610
132, 611
132, 612
132, 613
132, 614
132, 615
132, 616
132, 617
132, 618
132, 619
132, 620
132, 621
132, 622
133, 623
134, 624
134, 625
134, 626
134, 627
134, 628
134, 629
134, 630
134, 631
134, 632
134, 633
134, 634
135, 635
135, 636
136, 637
137, 638
137, 639
138, 640
138, 641
139, 642
139, 643
140, 644
140, 645
141, 646
141, 647
141, 648
142, 649
142, 650
142, 651
143, 652
143, 653
143, 654
143, 655
143, 656
143, 657
144, 658
144, 659
144, 660
144, 661
144, 662
144, 663
144, 664
144, 665
144, 666
144, 667
144, 668
144, 669
144, 670
143, 671
143, 672
143, 673
143, 674
143, 675
142, 676
142, 677
142, 678
141, 679
141, 680
141, 681
140, 682
140, 683
140, 684
139, 685
139, 686
138, 687
137, 688
137, 689
136, 690
136, 691
135, 692
134, 693
133, 694
132, 695
131, 696
130, 697
129, 698
128, 699
127, 700
126, 701
125, 701
124, 702
123, 703
122, 703
121, 704
120, 704
119, 705
118, 705
117, 705
116, 706
115, 706
114, 706
113, 707
112, 707
111, 707
110, 707
109, 707
108, 707
107, 707
106, 707
105, 707
104, 707
103, 707
102, 707
101, 706
100, 706
99, 706
98, 706
97, 705
96, 705
95, 704
94, 704
93, 703
92, 703
91, 702
90, 702
89, 701
88, 700
87, 699
86, 699
85, 698
84, 697
83, 696
82, 695
82, 694
81, 693
80, 692
79, 691
79, 690
78, 689
77, 688
77, 687
76, 686
76, 685
75, 684
75, 683
75, 682
74, 681
74, 680
73, 679
73, 678
73, 677
73, 676
72, 675
72, 674
72, 673
72, 672
72, 671
71, 670
71, 669
71, 668
71, 667
71, 666
71, 665
71, 664
71, 663
71, 662
71, 661
71, 660
71, 659
71, 658
72, 657
72, 656
72, 655
72, 654
72, 653
72, 652
73, 651
73, 650
73, 649
74, 648
74, 647
74, 646
75, 645
75, 644
76, 643
76, 642
77, 641
77, 640
78, 639
78, 638
79, 637
80, 636
80, 635
81, 634
82, 633
83, 632
83, 631
84, 630
84, 629
84, 628
84, 627
85, 626
85, 625
85, 624
86, 623
86, 622
86, 621
87, 620
87, 619
87, 618
87, 617
88, 616
88, 615
88, 614
88, 613
88, 612
88, 611
89, 610
89, 609
89, 608
89, 607
89, 606
89, 605
89, 604
89, 603
89, 602
89, 601
89, 600
89, 599
89, 598
89, 597
90, 596
90, 595
90, 594
90, 593
90, 592
90, 591
90, 590
90, 589
90, 588
90, 587
90, 586
90, 585
90, 584
90, 583
90, 582
90, 581
90, 580
90, 579
90, 578
90, 577
90, 576
90, 575
90, 574
90, 573
90, 572
90, 571
91, 570
91, 569
91, 568
91, 567
91, 566
91, 565
91, 564
91, 563
91, 562
91, 561
91, 560
91, 559
91, 558
91, 557
91, 556
91, 555
91, 554
91, 553
91, 552
91, 551
91, 550
91, 549
91, 548
91, 547
91, 546
91, 545
92, 544
92, 543
92, 542
92, 541
92, 540
92, 539
92, 538
92, 537
92, 536
92, 535
92, 534
92, 533
92, 532
92, 531
92, 530
92, 529
92, 528
92, 527
92, 526
93, 525
93, 524
93, 523
93, 522
93, 521
93, 520
93, 519
93, 518
93, 517
93, 516
93, 515
93, 514
93, 513
93, 512
93, 511
93, 510
93, 509
93, 508
93, 507
93, 506
93, 505
93, 504
93, 503
93, 502
93, 501
93, 500
93, 499
93, 498
93, 497
94, 496
94, 495
94, 494
94, 493
94, 492
94, 491
94, 490
94, 489
94, 488
94, 487
94, 486
94, 485
94, 484
94, 483
94, 482
95, 481
95, 480
95, 479
95, 478
95, 477
95, 476
95, 475
95, 474
95, 473
95, 472
95, 471
95, 470
95, 469
95, 468
95, 467
95, 466
95, 465
96, 464
96, 463
96, 462
96, 461
96, 460
96, 459
96, 458
96, 457
96, 456
96, 455
96, 454
96, 453
96, 452
96, 451
96, 450
96, 449
96, 448
96, 447
96, 446
97, 445
97, 444
97, 443
97, 442
97, 441
97, 440
97, 439
97, 438
97, 437
97, 436
97, 435
97, 434
97, 433
97, 432
97, 431
97, 430
97, 429
97, 428
97, 427
97, 426
97, 425
97, 424
98, 423
98, 422
98, 421
98, 420
98, 419
98, 418
98, 417
98, 416
98, 415
98, 414
98, 413
98, 412
98, 411
98, 410
98, 409
98, 408
98, 407
99, 406
99, 405
99, 404
99, 403
99, 402
99, 401
99, 400
99, 399
99, 398
99, 397
99, 396
99, 395
99, 394
99, 393
99, 392
99, 391
99, 390
99, 389
100, 388
100, 387
100, 386
100, 385
100, 384
100, 383
100, 382
100, 381
100, 380
100, 379
100, 378
100, 377
100, 376
101, 375
101, 374
101, 373
101, 372
101, 371
101, 370
101, 369
101, 368
101, 367
101, 366
101, 365
101, 364
101, 363
101, 362
101, 361
102, 360
102, 359
102, 358
102, 357
102, 356
102, 355
102, 354
102, 353
102, 352
102, 351
102, 350
102, 349
102, 348
103, 347
103, 346
103, 345
103, 344
103, 343
103, 342
103, 341
103, 340
103, 339
103, 338
103, 337
103, 336
103, 335
104, 334
104, 333
104, 332
104, 331
104, 330
104, 329
104, 328
104, 327
104, 326
104, 325
104, 324
104, 323
104, 322
105, 321
105, 320
105, 319
105, 318
105, 317
105, 316
105, 315
105, 314
105, 313
105, 312
105, 311
105, 310
105, 309
105, 308
105, 307
105, 306
106, 305
106, 304
106, 303
106, 302
106, 301
106, 300
106, 299
106, 298
106, 297
106, 296
106, 295
106, 294
107, 293
107, 292
107, 291
107, 290
107, 289
107, 288
107, 287
107, 286
107, 285
107, 284
107, 283
107, 282
107, 281
107, 280
107, 279
108, 278
108, 277
108, 276
108, 275
108, 274
108, 273
108, 272
108, 271
108, 270
108, 269
108, 268
108, 267
108, 266
108, 265
108, 264
108, 263
107, 262
107, 261
107, 260
107, 259
107, 258
107, 257
107, 256
106, 255
106, 254
106, 253
106, 252
105, 251
105, 250
105, 249
105, 248
104, 247
104, 246
103, 245
103, 244
103, 243
102, 242
102, 241
101, 240
101, 239
100, 238
99, 237
99, 236
98, 235
98, 234
97, 233
96, 232
95, 231
95, 230
94, 229
93, 228
92, 227
92, 226
91, 225
90, 224
89, 223
88, 223
87, 223
86, 224
86, 225
86, 226
86, 227
87, 228
88, 229
88, 230
87, 229
86, 228
85, 227
84, 227
83, 226
82, 226
81, 225
80, 224
79, 224
78, 223
77, 222
76, 221
75, 220
74, 220
73, 219
72, 218
72, 217
71, 216
71, 215
72, 216
73, 216
74, 217
75, 218
76, 218
77, 219
78, 219
79, 219
80, 220
81, 220
82, 220
83, 220
84, 221
85, 221
86, 221
87, 221
88, 221
89, 221
90, 220
90, 219
90, 218
89, 217
88, 217
87, 217
86, 216
85, 216
84, 216
83, 216
82, 215
81, 215
80, 215
79, 214
78, 213
77, 213
76, 212
75, 211
74, 211
73, 210
72, 209
71, 209
71, 208
71, 207
70, 206
69, 205
69, 204
69, 203
68, 202
68, 201
68, 200
67, 199
67, 198
67, 197
67, 196
67, 195
67, 194
67, 193
67, 192
67, 191
67, 190
67, 189
