74, 144
75, 145
75, 146
75, 147
75, 148
76, 149
77, 150
77, 151
77, 152
78, 153
79, 154
79, 155
80, 156
81, 156
82, 157
83, 158
84, 159
85, 160
85, 161
86, 162
87, 162
88, 162
89, 162
90, 162
91, 162
92, 163
93, 163
94, 164
95, 164
96, 165
97, 165
98, 165
98, 166
99, 167
100, 167
101, 168
102, 168
103, 168
104, 169
105, 169
106, 170
107, 170
108, 170
109, 170
110, 170
111, 170
112, 169
112, 168
112, 167
111, 166
110, 166
109, 166
108, 166
107, 166
106, 165
105, 165
104, 164
103, 164
102, 163
101, 163
100, 163
100, 162
99, 161
98, 161
98, 160
98, 159
97, 158
96, 157
95, 157
94, 156
93, 156
92, 156
91, 157
90, 157
89, 156
88, 155
87, 155
86, 154
85, 153
84, 152
83, 151
82, 151
82, 150
82, 149
82, 148
81, 147
80, 146
80, 145
80, 144
79, 143
79, 142
79, 141
79, 140
78, 139
78, 138
78, 137
78, 136
78, 135
78, 134
78, 133
78, 132
78, 131
78, 130
78, 129
78, 128
78, 127
79, 127
80, 126
80, 125
80, 124
79, 123
79, 122
80, 121
80, 120
81, 119
81, 118
81, 117
81, 116
81, 115
81, 114
82, 113
82, 112
82, 111
83, 110
83, 109
84, 108
84, 107
84, 106
84, 105
85, 104
85, 103
85, 102
85, 101
86, 100
87, 99
87, 98
88, 97
88, 96
88, 95
87, 94
86, 94
86, 93
87, 94
88, 94
89, 94
90, 93
91, 92
91, 91
91, 90
92, 89
92, 88
93, 87
93, 86
93, 87
93, 88
94, 89
94, 90
94, 91
94, 92
94, 93
95, 94
95, 95
96, 96
97, 96
97, 97
97, 98
97, 99
97, 100
97, 101
97, 102
97, 103
98, 104
98, 105
98, 106
99, 107
99, 108
99, 109
100, 110
100, 111
99, 112
99, 113
99, 114
100, 115
100, 116
101, 117
102, 118
102, 119
102, 120
102, 121
103, 122
104, 123
104, 124
104, 125
104, 126
105, 127
106, 127
107, 127
108, 128
109, 128
110, 128
111, 128
111, 129
112, 130
113, 130
114, 130
115, 130
116, 131
117, 132
118, 132
119, 133
120, 133
121, 133
122, 132
123, 132
124, 132
125, 132
126, 133
127, 133
128, 134
129, 134
130, 134
131, 134
132, 134
133, 134
134, 134
135, 134
136, 134
137, 134
138, 134
139, 134
140, 133
140, 132
141, 131
141, 132
141, 133
142, 134
143, 134
144, 134
145, 133
146, 133
147, 132
148, 131
148, 130
149, 131
150, 131
151, 131
152, 130
152, 129
153, 130
154, 130
155, 130
156, 129
157, 129
158, 128
159, 128
160, 127
161, 127
162, 127
163, 127
164, 126
165, 125
166, 124
167, 123
168, 122
169, 121
169, 120
170, 120
171, 120
172, 119
172, 118
173, 117
173, 116
174, 115
174, 114
174, 113
174, 112
173, 111
173, 110
173, 109
172, 108
171, 108
172, 108
173, 107
173, 106
173, 105
173, 104
173, 103
173, 102
173, 101
172, 100
172, 99
172, 98
172, 97
172, 96
171, 95
170, 95
169, 95
168, 96
168, 97
167, 97
167, 96
166, 95
166, 94
166, 93
167, 93
168, 93
169, 92
169, 91
169, 90
169, 89
168, 88
167, 88
166, 88
165, 89
165, 90
165, 91
165, 90
165, 89
164, 88
165, 88
166, 88
167, 87
167, 86
167, 85
167, 84
166, 83
165, 83
164, 83
163, 84
163, 85
163, 84
163, 83
162, 82
162, 81
162, 80
162, 79
161, 78
161, 77
161, 76
160, 75
160, 74
160, 73
160, 72
159, 71
160, 71
161, 71
162, 70
163, 69
164, 69
165, 69
166, 70
167, 70
168, 71
169, 72
170, 72
171, 73
172, 73
173, 74
174, 75
175, 76
176, 76
177, 77
178, 78
179, 79
180, 79
181, 80
182, 81
183, 82
184, 82
185, 83
186, 84
187, 85
188, 86
189, 87
190, 88
191, 89
192, 90
193, 91
193, 92
194, 93
195, 94
196, 95
197, 96
198, 97
199, 98
199, 99
200, 100
201, 101
202, 102
202, 103
203, 104
204, 105
204, 106
205, 107
206, 108
206, 109
207, 110
207, 111
208, 112
208, 113
209, 114
209, 115
209, 116
210, 117
210, 118
210, 119
211, 120
211, 121
211, 122
212, 123
213, 123
213, 124
213, 125
212, 125
211, 126
211, 127
211, 128
211, 129
211, 130
211, 131
211, 132
210, 133
209, 134
209, 135
209, 136
209, 137
208, 138
207, 139
207, 140
207, 141
206, 142
205, 143
205, 144
204, 145
203, 146
203, 147
202, 147
201, 148
201, 149
200, 150
200, 151
199, 152
199, 153
199, 154
199, 155
199, 156
199, 157
198, 158
197, 159
197, 160
197, 161
197, 162
196, 162
195, 163
195, 164
195, 165
195, 166
195, 167
194, 167
193, 168
193, 169
193, 170
193, 171
193, 172
193, 173
192, 174
191, 175
191, 176
191, 177
191, 178
191, 179
191, 180
191, 181
191, 182
191, 183
190, 184
189, 185
189, 186
189, 187
189, 188
189, 189
189, 190
189, 191
189, 192
189, 193
189, 194
189, 195
189, 196
189, 197
189, 198
189, 199
189, 200
189, 201
189, 202
189, 203
189, 204
189, 205
189, 206
189, 207
189, 208
189, 209
189, 210
189, 211
189, 212
189, 213
189, 214
189, 215
189, 216
189, 217
189, 218
189, 219
189, 220
189, 221
189, 222
189, 223
189, 224
189, 225
189, 226
189, 227
190, 228
190, 229
190, 230
190, 231
190, 232
190, 233
191, 234
191, 235
191, 236
191, 237
191, 238
191, 239
191, 240
191, 241
191, 242
191, 243
191, 244
191, 245
191, 246
191, 247
191, 248
191, 249
191, 250
191, 251
191, 252
191, 253
191, 254
191, 255
191, 256
191, 257
191, 258
191, 259
191, 260
191, 261
191, 262
191, 263
191, 264
191, 265
191, 266
191, 267
191, 268
191, 269
191, 270
191, 271
191, 272
191, 273
191, 274
191, 275
191, 276
191, 277
191, 278
191, 279
191, 280
191, 281
191, 282
191, 283
191, 284
191, 285
191, 286
191, 287
191, 288
191, 289
191, 290
191, 291
191, 292
191, 293
191, 294
191, 295
191, 296
191, 297
191, 298
191, 299
191, 300
191, 301
191, 302
191, 303
191, 304
191, 305
191, 306
191, 307
191, 308
191, 309
191, 310
191, 311
191, 312
191, 313
191, 314
191, 315
191, 316
191, 317
191, 318
191, 319
191, 320
191, 321
191, 322
191, 323
191, 324
191, 325
191, 326
191, 327
191, 328
191, 329
191, 330
191, 331
191, 332
191, 333
191, 334
191, 335
191, 336
191, 337
191, 338
191, 339
191, 340
191, 341
191, 342
191, 343
191, 344
191, 345
191, 346
191, 347
191, 348
191, 349
191, 350
191, 351
191, 352
191, 353
191, 354
191, 355
191, 356
191, 357
191, 358
191, 359
191, 360
191, 361
191, 362
191, 363
191, 364
191, 365
191, 366
191, 367
191, 368
191, 369
191, 370
191, 371
191, 372
191, 373
191, 374
191, 375
191, 376
191, 377
191, 378
191, 379
191, 380
191, 381
191, 382
191, 383
191, 384
191, 385
191, 386
191, 387
191, 388
191, 389
191, 390
191, 391
191, 392
191, 393
191, 394
191, 395
191, 396
191, 397
191, 398
191, 399
191, 400
191, 401
191, 402
191, 403
191, 404
191, 405
191, 406
191, 407
191, 408
191, 409
191, 410
191, 411
191, 412
191, 413
191, 414
191, 415
191, 416
191, 417
191, 418
191, 419
191, 420
191, 421
191, 422
191, 423
191, 424
191, 425
191, 426
191, 427
191, 428
191, 429
191, 430
191, 431
191, 432
191, 433
191, 434
191, 435
191, 436
191, 437
191, 438
191, 439
191, 440
191, 441
191, 442
191, 443
191, 444
191, 445
191, 446
191, 447
191, 448
191, 449
191, 450
191, 451
191, 452
191, 453
191, 454
191, 455
191, 456
191, 457
191, 458
191, 459
191, 460
191, 461
191, 462
191, 463
191, 464
191, 465
191, 466
191, 467
191, 468
191, 469
191, 470
191, 471
191, 472
191, 473
191, 474
191, 475
191, 476
191, 477
191, 478
191, 479
191, 480
191, 481
191, 482
191, 483
191, 484
191, 485
191, 486
191, 487
191, 488
191, 489
191, 490
191, 491
191, 492
191, 493
191, 494
191, 495
191, 496
191, 497
191, 498
191, 499
191, 500
191, 501
191, 502
191, 503
191, 504
191, 505
191, 506
191, 507
191, 508
191, 509
191, 510
191, 511
191, 512
191, 513
191, 514
191, 515
191, 516
191, 517
191, 518
191, 519
191, 520
191, 521
191, 522
191, 523
191, 524
191, 525
191, 526
191, 527
191, 528
191, 529
191, 530
191, 531
191, 532
191, 533
191, 534
191, 535
191, 536
191, 537
191, 538
191, 539
191, 540
191, 541
191, 542
191, 543
191, 544
191, 545
191, 546
191, 547
191, 548
191, 549
191, 550
191, 551
191, 552
191, 553
191, 554
191, 555
191, 556
191, 557
191, 558
191, 559
191, 560
191, 561
191, 562
191, 563
191, 564
191, 565
191, 566
191, 567
191, 568
191, 569
191, 570
191, 571
191, 572
191, 573
191, 574
191, 575
191, 576
191, 577
191, 578
191, 579
191, 580
191, 581
191, 582
191, 583
191, 584
191, 585
191, 586
191, 587
191, 588
191, 589
191, 590
191, 591
191, 592
191, 593
191, 594
191, 595
191, 596
191, 597
191, 598
191, 599
191, 600
191, 601
191, 602
191, 603
191, 604
191, 605
191, 606
191, 607
191, 608
191, 609
191, 610
191, 611
191, 612
191, 613
191, 614
191, 615
191, 616
191, 617
191, 618
191, 619
191, 620
190, 621
190, 622
190, 623
191, 624
191, 625
191, 626
191, 627
191, 628
191, 629
190, 630
190, 631
190, 632
190, 633
190, 634
191, 635
191, 636
191, 637
191, 638
191, 639
191, 640
191, 641
191, 642
191, 643
191, 644
191, 645
191, 646
191, 647
191, 648
191, 649
191, 650
191, 651
192, 652
193, 653
193, 654
193, 655
193, 656
193, 657
193, 658
193, 659
194, 660
195, 661
195, 662
194, 662
193, 662
192, 662
191, 663
191, 664
191, 665
192, 666
193, 667
194, 668
195, 669
196, 670
196, 671
197, 672
198, 673
199, 674
199, 675
200, 676
200, 677
201, 678
201, 679
202, 680
202, 681
203, 682
203, 683
204, 684
204, 685
204, 686
205, 687
205, 688
205, 689
206, 690
206, 691
206, 692
206, 693
206, 694
207, 695
207, 696
207, 697
207, 698
207, 699
207, 700
207, 701
207, 702
207, 703
207, 704
207, 705
207, 706
206, 707
206, 708
206, 709
206, 710
206, 711
205, 712
205, 713
205, 714
205, 715
204, 716
204, 717
204, 718
203, 719
203, 720
202, 721
202, 722
201, 723
201, 724
200, 725
200, 726
199, 727
199, 728
198, 729
197, 730
197, 731
196, 732
195, 733
194, 734
193, 735
192, 736
191, 737
190, 738
189, 739
188, 739
187, 740
186, 741
185, 742
184, 742
183, 743
182, 743
181, 744
180, 744
179, 745
178, 745
177, 746
176, 746
175, 747
174, 747
173, 747
172, 748
171, 748
170, 748
169, 748
168, 749
167, 749
166, 749
165, 749
164, 749
163, 750
162, 750
161, 751
160, 751
159, 751
158, 751
157, 751
156, 751
155, 751
154, 750
153, 750
152, 750
151, 749
150, 749
149, 748
148, 748
147, 747
146, 747
145, 747
144, 746
143, 746
142, 745
141, 745
140, 745
139, 744
138, 743
137, 743
136, 742
135, 742
134, 741
133, 740
132, 739
131, 739
130, 738
129, 737
128, 736
127, 735
126, 734
125, 733
124, 732
124, 731
123, 730
122, 729
121, 728
121, 727
120, 726
120, 725
119, 724
118, 723
118, 722
117, 721
117, 720
117, 719
116, 718
116, 717
115, 716
115, 715
115, 714
115, 713
114, 712
114, 711
114, 710
114, 709
113, 708
113, 707
113, 706
113, 705
113, 704
113, 703
113, 702
113, 701
113, 700
113, 699
113, 698
113, 697
113, 696
113, 695
114, 694
114, 693
114, 692
114, 691
114, 690
115, 689
115, 688
115, 687
116, 686
116, 685
116, 684
117, 683
117, 682
117, 681
118, 680
118, 679
119, 678
119, 677
120, 676
120, 675
121, 674
121, 673
122, 672
122, 671
123, 670
123, 669
124, 668
124, 667
125, 666
126, 665
126, 664
127, 663
128, 662
129, 661
129, 660
129, 659
129, 658
129, 657
130, 656
130, 655
130, 654
131, 653
131, 652
131, 651
131, 650
130, 649
130, 648
131, 648
132, 647
132, 646
132, 645
132, 644
132, 643
132, 642
132, 641
132, 640
132, 639
132, 638
132, 637
133, 637
134, 636
134, 635
134, 634
134, 633
134, 632
134, 631
134, 630
134, 629
134, 628
134, 627
134, 626
134, 625
134, 624
134, 623
134, 622
134, 621
134, 620
134, 619
134, 618
134, 617
134, 616
134, 615
134, 614
134, 613
134, 612
134, 611
134, 610
134, 609
134, 608
134, 607
134, 606
134, 605
134, 604
134, 603
134, 602
134, 601
134, 600
134, 599
134, 598
134, 597
134, 596
134, 595
134, 594
134, 593
134, 592
134, 591
134, 590
134, 589
134, 588
134, 587
134, 586
134, 585
134, 584
134, 583
134, 582
134, 581
134, 580
134, 579
134, 578
134, 577
134, 576
134, 575
134, 574
134, 573
134, 572
134, 571
134, 570
134, 569
134, 568
134, 567
134, 566
134, 565
134, 564
134, 563
134, 562
134, 561
134, 560
134, 559
134, 558
134, 557
134, 556
134, 555
134, 554
135, 554
136, 553
136, 552
136, 551
136, 550
136, 549
136, 548
135, 547
134, 547
135, 547
136, 546
136, 545
136, 544
136, 543
136, 542
136, 541
136, 540
136, 539
136, 538
136, 537
136, 536
136, 535
136, 534
136, 533
136, 532
136, 531
136, 530
136, 529
136, 528
136, 527
136, 526
136, 525
136, 524
136, 523
136, 522
136, 521
136, 520
136, 519
136, 518
136, 517
136, 516
136, 515
136, 514
136, 513
136, 512
136, 511
136, 510
136, 509
136, 508
136, 507
136, 506
136, 505
136, 504
136, 503
136, 502
136, 501
136, 500
136, 499
136, 498
136, 497
136, 496
136, 495
136, 494
136, 493
136, 492
136, 491
136, 490
136, 489
136, 488
136, 487
136, 486
136, 485
136, 484
136, 483
136, 482
136, 481
136, 480
136, 479
136, 478
136, 477
136, 476
136, 475
136, 474
136, 473
136, 472
136, 471
136, 470
136, 469
136, 468
136, 467
136, 466
136, 465
136, 464
136, 463
136, 462
136, 461
136, 460
136, 459
136, 458
136, 457
136, 456
136, 455
136, 454
136, 453
136, 452
136, 451
136, 450
136, 449
136, 448
136, 447
136, 446
136, 445
136, 444
136, 443
136, 442
136, 441
136, 440
136, 439
137, 438
137, 437
137, 436
137, 435
137, 434
136, 433
136, 432
136, 431
136, 430
136, 429
136, 428
136, 427
136, 426
136, 425
136, 424
136, 423
136, 422
136, 421
136, 420
136, 419
136, 418
136, 417
136, 416
136, 415
136, 414
136, 413
136, 412
136, 411
136, 410
136, 409
136, 408
136, 407
136, 406
136, 405
136, 404
136, 403
136, 402
136, 401
136, 400
136, 399
136, 398
136, 397
136, 396
136, 395
136, 394
136, 393
136, 392
136, 391
136, 390
136, 389
136, 388
136, 387
136, 386
136, 385
136, 384
136, 383
136, 382
136, 381
136, 380
136, 379
136, 378
136, 377
136, 376
136, 375
136, 374
136, 373
136, 372
136, 371
136, 370
136, 369
136, 368
136, 367
136, 366
136, 365
136, 364
136, 363
136, 362
136, 361
136, 360
136, 359
136, 358
136, 357
136, 356
136, 355
136, 354
136, 353
136, 352
136, 351
136, 350
136, 349
136, 348
136, 347
136, 346
136, 345
136, 344
136, 343
136, 342
136, 341
136, 340
136, 339
136, 338
136, 337
136, 336
136, 335
136, 334
136, 333
136, 332
136, 331
136, 330
136, 329
136, 328
136, 327
136, 326
136, 325
136, 324
136, 323
136, 322
136, 321
137, 321
138, 320
138, 319
138, 318
138, 317
138, 316
138, 315
138, 314
138, 313
138, 312
138, 311
138, 310
138, 309
138, 308
138, 307
138, 306
138, 305
138, 304
138, 303
138, 302
138, 301
138, 300
138, 299
138, 298
138, 297
138, 296
138, 295
138, 294
138, 293
138, 292
138, 291
138, 290
138, 289
138, 288
138, 287
138, 286
138, 285
138, 284
138, 283
138, 282
138, 281
138, 280
138, 279
138, 278
138, 277
138, 276
138, 275
138, 274
138, 273
138, 272
138, 271
138, 270
138, 269
138, 268
138, 267
138, 266
138, 265
138, 264
138, 263
138, 262
138, 261
138, 260
138, 259
138, 258
138, 257
138, 256
138, 255
138, 254
138, 253
138, 252
138, 251
138, 250
138, 249
138, 248
138, 247
138, 246
138, 245
138, 244
138, 243
138, 242
138, 241
138, 240
138, 239
138, 238
138, 237
138, 236
138, 235
138, 234
138, 233
138, 232
138, 231
138, 230
138, 229
138, 228
138, 227
138, 226
138, 225
138, 224
138, 223
138, 222
137, 221
137, 220
137, 219
137, 218
137, 217
137, 216
136, 215
136, 214
136, 213
136, 212
135, 211
135, 210
135, 209
135, 208
134, 207
134, 206
134, 205
133, 204
133, 203
132, 202
132, 201
131, 200
130, 199
130, 198
129, 197
128, 197
128, 196
128, 195
128, 194
127, 193
126, 193
126, 192
126, 191
125, 190
124, 190
124, 189
124, 188
123, 187
122, 187
122, 186
122, 185
121, 184
120, 183
119, 182
118, 182
118, 181
118, 180
117, 179
116, 178
115, 177
114, 176
113, 175
112, 174
112, 173
111, 172
110, 172
109, 172
108, 173
108, 174
108, 175
108, 176
108, 177
109, 178
110, 179
111, 179
111, 180
112, 181
113, 182
114, 183
114, 184
115, 185
116, 186
116, 187
117, 188
118, 189
118, 190
119, 191
120, 192
119, 191
118, 191
117, 190
117, 189
116, 188
115, 188
114, 187
113, 186
113, 185
112, 184
111, 184
110, 184
110, 183
109, 182
108, 182
107, 182
106, 181
105, 180
104, 179
103, 179
102, 178
101, 177
100, 176
99, 176
98, 175
97, 174
96, 174
95, 174
94, 173
93, 173
92, 172
91, 172
90, 171
89, 170
88, 169
87, 169
87, 168
86, 167
85, 167
84, 166
83, 165
82, 164
82, 163
81, 162
80, 161
79, 160
78, 159
78, 158
77, 157
76, 156
76, 155
76, 154
75, 153
75, 152
75, 151
75, 150
75, 149
75, 148
75, 147
75, 146
74, 145
74, 144
74, 143
