73, 195
73, 194
73, 193
73, 192
74, 191
74, 190
74, 189
75, 188
75, 187
75, 186
76, 185
76, 184
77, 183
77, 182
77, 181
78, 180
78, 179
79, 178
79, 177
80, 176
80, 175
81, 174
81, 173
82, 172
83, 171
84, 170
84, 169
85, 169
86, 168
87, 168
88, 168
89, 169
89, 170
90, 171
90, 172
90, 173
91, 174
91, 175
91, 176
91, 177
91, 178
92, 179
92, 180
92, 181
92, 182
92, 183
93, 184
93, 185
93, 186
93, 187
93, 188
93, 189
94, 190
94, 191
94, 192
94, 193
94, 194
94, 195
94, 196
95, 197
96, 197
96, 198
97, 199
98, 200
99, 200
100, 201
101, 201
102, 201
103, 201
104, 202
105, 202
106, 202
107, 202
108, 202
109, 202
110, 202
111, 202
112, 202
113, 202
114, 202
115, 202
116, 202
117, 202
118, 202
119, 202
119, 203
120, 204
121, 204
122, 204
123, 203
123, 202
123, 201
124, 201
125, 200
126, 200
127, 200
128, 200
129, 199
130, 198
131, 198
132, 197
133, 197
134, 196
135, 195
136, 195
137, 194
138, 193
139, 192
140, 192
141, 191
142, 190
142, 189
142, 188
143, 187
143, 186
143, 185
142, 184
142, 183
142, 182
142, 181
142, 180
141, 179
141, 178
141, 177
141, 176
141, 175
141, 174
140, 173
140, 172
140, 171
140, 170
140, 169
140, 168
139, 167
139, 166
139, 165
139, 164
139, 163
138, 162
138, 161
138, 160
138, 159
138, 158
138, 157
139, 156
140, 156
141, 157
142, 157
142, 158
143, 159
144, 159
145, 160
146, 160
147, 161
148, 161
149, 162
150, 163
151, 164
151, 165
152, 166
153, 167
154, 168
155, 169
155, 170
156, 171
156, 172
157, 173
158, 174
159, 175
160, 176
160, 177
160, 178
161, 179
162, 179
163, 179
163, 180
163, 181
163, 182
164, 183
164, 184
164, 185
164, 186
165, 187
165, 188
166, 189
167, 189
168, 189
167, 189
166, 189
165, 190
165, 191
165, 192
165, 193
165, 194
164, 195
164, 196
163, 197
163, 198
163, 199
163, 200
162, 201
161, 202
161, 203
161, 204
161, 205
162, 206
163, 206
164, 206
165, 205
165, 204
166, 203
167, 202
167, 201
167, 200
167, 199
167, 198
168, 198
169, 197
169, 196
169, 195
169, 194
169, 193
169, 192
169, 191
169, 192
169, 193
169, 194
169, 195
169, 196
169, 197
169, 198
169, 199
169, 200
168, 200
167, 201
167, 202
167, 203
167, 204
166, 204
165, 205
165, 206
165, 207
164, 207
163, 208
163, 209
163, 210
162, 210
161, 211
160, 212
159, 213
158, 214
158, 215
158, 216
158, 217
158, 218
157, 219
157, 220
157, 221
158, 222
157, 223
156, 223
155, 224
155, 225
155, 226
155, 227
155, 228
154, 228
153, 229
153, 230
153, 231
153, 232
153, 233
152, 233
151, 234
151, 235
151, 236
151, 237
151, 238
151, 239
150, 239
149, 240
149, 241
149, 242
149, 243
149, 244
149, 245
149, 246
149, 247
149, 248
149, 249
149, 250
149, 251
149, 252
149, 253
148, 253
147, 254
147, 255
147, 256
147, 257
147, 258
147, 259
147, 260
147, 261
147, 262
147, 263
147, 264
147, 265
147, 266
147, 267
147, 268
147, 269
147, 270
147, 271
147, 272
147, 273
147, 274
147, 275
147, 276
147, 277
147, 278
147, 279
146, 279
145, 280
145, 281
145, 282
145, 283
145, 284
145, 285
145, 286
145, 287
145, 288
145, 289
145, 290
145, 291
145, 292
145, 293
145, 294
145, 295
145, 296
145, 297
145, 298
145, 299
145, 300
145, 301
145, 302
145, 303
145, 304
145, 305
145, 306
145, 307
145, 308
145, 309
145, 310
144, 310
143, 311
143, 312
143, 313
143, 314
143, 315
143, 316
143, 317
143, 318
143, 319
143, 320
143, 321
143, 322
143, 323
143, 324
144, 325
145, 325
144, 326
143, 327
143, 328
143, 329
143, 330
143, 331
143, 332
143, 333
143, 334
143, 335
143, 336
143, 337
143, 338
143, 339
143, 340
143, 341
143, 342
143, 343
143, 344
143, 345
143, 346
143, 347
143, 348
143, 349
143, 350
143, 351
143, 352
143, 353
143, 354
143, 355
143, 356
142, 357
142, 358
142, 359
142, 360
142, 361
142, 362
141, 363
141, 364
141, 365
141, 366
141, 367
141, 368
141, 369
141, 370
141, 371
141, 372
141, 373
141, 374
141, 375
141, 376
141, 377
141, 378
141, 379
141, 380
141, 381
141, 382
141, 383
141, 384
141, 385
141, 386
141, 387
141, 388
141, 389
141, 390
141, 391
141, 392
141, 393
141, 394
141, 395
141, 396
141, 397
141, 398
141, 399
141, 400
141, 401
141, 402
140, 402
139, 403
139, 404
139, 405
139, 406
139, 407
139, 408
139, 409
139, 410
139, 411
139, 412
139, 413
139, 414
139, 415
139, 416
139, 417
139, 418
139, 419
139, 420
139, 421
139, 422
139, 423
139, 424
139, 425
139, 426
139, 427
139, 428
139, 429
139, 430
139, 431
139, 432
139, 433
139, 434
139, 435
139, 436
139, 437
139, 438
139, 439
139, 440
139, 441
139, 442
139, 443
139, 444
139, 445
139, 446
139, 447
138, 447
137, 448
137, 449
137, 450
137, 451
137, 452
137, 453
137, 454
137, 455
137, 456
137, 457
137, 458
137, 459
137, 460
137, 461
137, 462
137, 463
137, 464
137, 465
137, 466
137, 467
137, 468
137, 469
137, 470
137, 471
137, 472
137, 473
137, 474
137, 475
137, 476
137, 477
137, 478
137, 479
137, 480
137, 481
137, 482
137, 483
137, 484
137, 485
137, 486
137, 487
137, 488
137, 489
137, 490
137, 491
137, 492
136, 492
135, 493
135, 494
135, 495
135, 496
135, 497
135, 498
135, 499
135, 500
135, 501
135, 502
135, 503
135, 504
135, 505
135, 506
135, 507
135, 508
135, 509
135, 510
135, 511
135, 512
135, 513
135, 514
135, 515
135, 516
135, 517
135, 518
135, 519
135, 520
135, 521
135, 522
135, 523
135, 524
135, 525
134, 525
133, 526
133, 527
133, 528
133, 529
133, 530
133, 531
133, 532
133, 533
133, 534
133, 535
133, 536
133, 537
133, 538
133, 539
133, 540
133, 541
133, 542
133, 543
133, 544
133, 545
133, 546
133, 547
133, 548
133, 549
133, 550
133, 551
133, 552
133, 553
133, 554
133, 555
133, 556
133, 557
133, 558
133, 559
133, 560
132, 561
132, 562
132, 563
133, 564
133, 565
132, 565
131, 566
131, 567
131, 568
131, 569
131, 570
131, 571
131, 572
131, 573
131, 574
131, 575
131, 576
131, 577
131, 578
131, 579
131, 580
131, 581
131, 582
131, 583
131, 584
131, 585
131, 586
131, 587
131, 588
131, 589
131, 590
131, 591
131, 592
131, 593
131, 594
131, 595
131, 596
131, 597
131, 598
131, 599
130, 600
130, 601
130, 602
130, 603
130, 604
130, 605
130, 606
130, 607
130, 608
130, 609
130, 610
130, 611
130, 612
130, 613
130, 614
130, 615
130, 616
130, 617
130, 618
131, 619
131, 620
131, 621
131, 622
131, 623
131, 624
131, 625
131, 626
131, 627
131, 628
131, 629
130, 629
129, 630
129, 631
129, 632
130, 633
131, 634
131, 635
132, 636
133, 637
134, 638
134, 639
135, 640
135, 641
136, 642
136, 643
137, 644
137, 645
138, 646
138, 647
138, 648
138, 649
139, 650
139, 651
139, 652
139, 653
140, 654
140, 655
140, 656
140, 657
140, 658
140, 659
140, 660
140, 661
140, 662
140, 663
140, 664
140, 665
140, 666
139, 667
139, 668
139, 669
139, 670
139, 671
138, 672
138, 673
138, 674
137, 675
137, 676
137, 677
136, 678
136, 679
135, 680
135, 681
134, 682
133, 683
133, 684
132, 685
131, 686
130, 687
129, 688
128, 689
127, 690
126, 691
125, 692
124, 692
123, 693
122, 694
121, 694
120, 695
119, 695
118, 696
117, 696
116, 697
115, 697
114, 697
113, 698
112, 698
111, 698
110, 698
109, 698
108, 698
107, 698
106, 698
105, 698
104, 698
103, 698
102, 699
101, 698
100, 698
99, 697
98, 697
97, 697
96, 696
95, 696
94, 695
93, 695
92, 694
91, 693
90, 693
89, 692
88, 691
87, 690
86, 689
85, 688
84, 687
83, 686
82, 685
81, 684
81, 683
80, 682
79, 681
79, 680
78, 679
78, 678
77, 677
77, 676
77, 675
76, 674
76, 673
76, 672
75, 671
75, 670
75, 669
75, 668
75, 667
74, 666
74, 665
74, 664
74, 663
74, 662
74, 661
74, 660
74, 659
74, 658
74, 657
74, 656
74, 655
74, 654
74, 653
74, 652
75, 651
75, 650
75, 649
76, 648
76, 647
76, 646
77, 645
77, 644
78, 643
78, 642
79, 641
79, 640
80, 639
80, 638
81, 637
82, 636
83, 635
83, 634
84, 633
85, 632
85, 631
85, 630
84, 629
84, 628
84, 627
84, 626
84, 625
84, 624
85, 623
85, 622
85, 621
86, 620
86, 619
86, 618
86, 617
86, 616
86, 615
87, 614
87, 613
87, 612
87, 611
87, 610
88, 609
88, 608
88, 607
88, 606
88, 605
88, 604
88, 603
88, 602
88, 601
88, 600
88, 599
88, 598
88, 597
88, 596
89, 595
89, 594
89, 593
89, 592
89, 591
89, 590
89, 589
89, 588
89, 587
89, 586
89, 585
89, 584
89, 583
89, 582
89, 581
89, 580
89, 579
89, 578
90, 577
90, 576
90, 575
90, 574
90, 573
90, 572
90, 571
90, 570
90, 569
90, 568
90, 567
90, 566
90, 565
90, 564
90, 563
90, 562
90, 561
91, 560
91, 559
91, 558
91, 557
91, 556
91, 555
91, 554
91, 553
91, 552
91, 551
91, 550
91, 549
91, 548
91, 547
92, 546
92, 545
92, 544
92, 543
92, 542
92, 541
92, 540
92, 539
92, 538
92, 537
92, 536
92, 535
92, 534
92, 533
92, 532
92, 531
92, 530
92, 529
92, 528
92, 527
92, 526
92, 525
92, 524
92, 523
92, 522
92, 521
92, 520
92, 519
92, 518
92, 517
92, 516
92, 515
92, 514
92, 513
93, 512
93, 511
93, 510
93, 509
93, 508
93, 507
93, 506
93, 505
93, 504
93, 503
93, 502
93, 501
93, 500
94, 499
94, 498
94, 497
94, 496
94, 495
94, 494
94, 493
94, 492
94, 491
94, 490
94, 489
94, 488
94, 487
94, 486
94, 485
94, 484
94, 483
94, 482
94, 481
94, 480
94, 479
94, 478
94, 477
94, 476
95, 475
95, 474
95, 473
95, 472
95, 471
95, 470
95, 469
95, 468
95, 467
95, 466
96, 465
96, 464
96, 463
96, 462
96, 461
96, 460
96, 459
96, 458
96, 457
96, 456
96, 455
96, 454
96, 453
96, 452
96, 451
96, 450
96, 449
96, 448
96, 447
96, 446
96, 445
96, 444
96, 443
97, 442
97, 441
97, 440
97, 439
97, 438
97, 437
97, 436
97, 435
97, 434
97, 433
97, 432
97, 431
97, 430
97, 429
97, 428
97, 427
97, 426
97, 425
97, 424
98, 423
98, 422
98, 421
98, 420
98, 419
98, 418
98, 417
98, 416
98, 415
98, 414
98, 413
98, 412
98, 411
98, 410
98, 409
99, 408
99, 407
99, 406
99, 405
99, 404
99, 403
99, 402
99, 401
99, 400
99, 399
99, 398
99, 397
99, 396
99, 395
99, 394
99, 393
99, 392
99, 391
99, 390
99, 389
99, 388
99, 387
99, 386
99, 385
99, 384
100, 383
100, 382
100, 381
100, 380
100, 379
100, 378
100, 377
100, 376
100, 375
100, 374
100, 373
100, 372
100, 371
100, 370
100, 369
100, 368
100, 367
100, 366
101, 365
101, 364
101, 363
101, 362
101, 361
101, 360
101, 359
101, 358
101, 357
101, 356
101, 355
101, 354
101, 353
101, 352
102, 351
102, 350
102, 349
102, 348
102, 347
102, 346
102, 345
102, 344
102, 343
102, 342
102, 341
102, 340
102, 339
102, 338
102, 337
103, 336
103, 335
103, 334
103, 333
103, 332
103, 331
103, 330
103, 329
103, 328
103, 327
103, 326
103, 325
103, 324
103, 323
103, 322
103, 321
104, 320
104, 319
104, 318
104, 317
104, 316
104, 315
104, 314
104, 313
104, 312
104, 311
104, 310
104, 309
104, 308
104, 307
104, 306
104, 305
104, 304
104, 303
105, 302
105, 301
105, 300
105, 299
105, 298
105, 297
105, 296
105, 295
105, 294
105, 293
105, 292
105, 291
105, 290
106, 289
106, 288
106, 287
106, 286
106, 285
106, 284
106, 283
106, 282
106, 281
106, 280
106, 279
106, 278
106, 277
106, 276
106, 275
106, 274
106, 273
106, 272
106, 271
106, 270
106, 269
106, 268
106, 267
106, 266
106, 265
106, 264
106, 263
106, 262
106, 261
105, 260
105, 259
105, 258
105, 257
104, 256
104, 255
104, 254
104, 253
103, 252
103, 251
103, 250
102, 249
102, 248
101, 247
101, 246
100, 245
100, 244
100, 243
99, 242
98, 241
98, 240
97, 239
96, 238
96, 237
95, 236
94, 235
93, 234
92, 233
92, 232
92, 231
93, 231
94, 231
94, 232
95, 233
96, 233
97, 233
98, 232
98, 231
99, 231
100, 230
100, 229
100, 228
99, 227
98, 227
97, 227
96, 227
95, 228
95, 229
95, 228
95, 227
94, 226
93, 226
92, 226
91, 226
90, 226
89, 226
88, 225
87, 225
86, 224
85, 224
84, 223
83, 223
82, 222
81, 221
80, 220
79, 219
78, 219
78, 218
77, 217
76, 216
75, 215
75, 214
74, 213
74, 212
73, 211
73, 210
73, 209
72, 208
72, 207
72, 206
72, 205
72, 204
72, 203
72, 202
72, 201
72, 200
72, 199
72, 198
72, 197
72, 196
