58, 633
58, 632
58, 631
58, 630
58, 629
59, 628
59, 627
59, 626
60, 625
60, 624
61, 623
61, 622
62, 621
62, 620
63, 619
64, 618
65, 617
65, 616
66, 615
67, 614
68, 613
69, 612
69, 611
69, 610
68, 609
69, 608
69, 607
69, 606
70, 605
70, 604
70, 603
70, 602
70, 601
70, 600
71, 600
72, 599
72, 598
72, 597
72, 596
72, 595
72, 594
72, 593
72, 592
72, 591
72, 590
73, 589
73, 588
73, 587
73, 586
74, 585
74, 584
74, 583
74, 582
74, 581
74, 580
74, 579
74, 578
74, 577
74, 576
74, 575
74, 574
74, 573
74, 572
74, 571
74, 570
74, 569
74, 568
75, 567
75, 566
75, 565
75, 564
76, 563
76, 562
76, 561
76, 560
76, 559
76, 558
76, 557
76, 556
76, 555
76, 554
76, 553
76, 552
76, 551
76, 550
76, 549
76, 548
76, 547
77, 546
77, 545
77, 544
78, 543
78, 542
78, 541
78, 540
78, 539
78, 538
78, 537
78, 536
78, 535
78, 534
78, 533
78, 532
78, 531
78, 530
78, 529
78, 528
78, 527
78, 526
79, 525
79, 524
79, 523
80, 522
80, 521
80, 520
80, 519
80, 518
80, 517
80, 516
80, 515
80, 514
80, 513
80, 512
80, 511
80, 510
80, 509
80, 508
80, 507
80, 506
80, 505
80, 504
80, 503
80, 502
80, 501
80, 500
80, 499
81, 498
82, 497
82, 496
82, 495
82, 494
82, 493
82, 492
82, 491
82, 490
82, 489
82, 488
82, 487
82, 486
82, 485
82, 484
82, 483
82, 482
82, 481
82, 480
82, 479
82, 478
82, 477
82, 476
82, 475
83, 475
84, 474
84, 473
84, 472
84, 471
84, 470
84, 469
84, 468
84, 467
84, 466
84, 465
84, 464
84, 463
84, 462
84, 461
84, 460
84, 459
84, 458
84, 457
85, 456
86, 455
86, 454
86, 453
86, 452
86, 451
86, 450
86, 449
86, 448
86, 447
86, 446
86, 445
86, 444
86, 443
86, 442
86, 441
86, 440
86, 439
86, 438
86, 437
86, 436
86, 435
87, 434
88, 433
88, 432
88, 431
88, 430
88, 429
88, 428
88, 427
88, 426
88, 425
88, 424
88, 423
88, 422
88, 421
88, 420
88, 419
88, 418
88, 417
88, 416
88, 415
88, 414
88, 413
89, 412
90, 411
90, 410
90, 409
90, 408
90, 407
90, 406
90, 405
90, 404
90, 403
90, 402
90, 401
90, 400
90, 399
90, 398
90, 397
90, 396
90, 395
90, 394
90, 393
90, 392
91, 392
92, 391
92, 390
92, 389
92, 388
92, 387
92, 386
92, 385
92, 384
92, 383
92, 382
92, 381
92, 380
92, 379
92, 378
92, 377
92, 376
92, 375
92, 374
92, 373
92, 372
93, 372
94, 371
94, 370
94, 369
94, 368
94, 367
94, 366
94, 365
94, 364
94, 363
94, 362
94, 361
94, 360
94, 359
94, 358
94, 357
94, 356
94, 355
94, 354
94, 353
94, 352
95, 352
96, 351
96, 350
96, 349
96, 348
96, 347
96, 346
96, 345
96, 344
96, 343
96, 342
96, 341
96, 340
96, 339
96, 338
96, 337
97, 336
98, 335
98, 334
98, 333
98, 332
98, 331
98, 330
98, 329
98, 328
98, 327
98, 326
98, 325
98, 324
98, 323
98, 322
98, 321
98, 320
98, 319
98, 318
99, 318
100, 317
100, 316
100, 315
100, 314
100, 313
100, 312
100, 311
100, 310
100, 309
100, 308
100, 307
100, 306
100, 305
100, 304
100, 303
100, 302
100, 301
100, 300
100, 299
101, 299
102, 298
102, 297
102, 296
102, 295
102, 294
102, 293
102, 292
102, 291
102, 290
102, 289
102, 288
102, 287
102, 286
102, 285
102, 284
102, 283
102, 282
102, 281
102, 280
102, 279
103, 279
104, 278
104, 277
104, 276
104, 275
104, 274
104, 273
104, 272
104, 271
104, 270
104, 269
104, 268
103, 267
102, 266
102, 265
102, 264
102, 263
102, 262
102, 261
102, 260
101, 259
100, 258
100, 257
100, 256
100, 255
99, 254
98, 254
98, 253
97, 252
97, 251
97, 250
96, 249
96, 248
95, 247
94, 247
94, 246
93, 245
92, 244
91, 243
91, 242
92, 242
93, 242
94, 242
95, 242
96, 242
97, 242
98, 242
99, 242
100, 242
101, 242
102, 241
102, 240
102, 239
101, 238
100, 238
99, 238
98, 238
97, 238
96, 237
95, 237
94, 237
93, 237
92, 237
91, 237
90, 237
89, 236
88, 236
87, 236
86, 236
85, 236
84, 235
83, 235
82, 234
81, 234
80, 233
79, 232
78, 231
77, 230
76, 229
76, 228
75, 227
75, 226
74, 225
74, 224
74, 223
73, 222
73, 221
73, 220
73, 219
73, 218
73, 217
73, 216
73, 215
73, 214
73, 213
73, 212
73, 211
74, 210
74, 209
74, 208
74, 207
75, 206
75, 205
75, 204
76, 203
76, 202
76, 201
77, 200
77, 199
77, 198
78, 197
78, 196
79, 195
79, 194
80, 193
80, 192
81, 191
81, 190
82, 189
83, 188
83, 187
84, 186
85, 185
86, 185
86, 186
87, 187
87, 188
87, 189
87, 190
88, 191
88, 192
88, 193
88, 194
89, 195
89, 196
89, 197
89, 198
89, 199
89, 200
89, 201
89, 202
90, 203
90, 204
90, 205
90, 206
90, 207
91, 208
91, 209
91, 210
92, 211
93, 212
94, 213
95, 214
96, 214
97, 214
98, 215
99, 215
100, 215
101, 215
102, 215
103, 215
104, 215
105, 215
106, 216
107, 216
108, 216
109, 216
110, 216
111, 216
112, 216
113, 216
114, 215
115, 215
116, 215
117, 215
118, 215
119, 215
120, 214
121, 214
122, 213
123, 213
124, 212
125, 212
126, 212
127, 211
128, 211
129, 210
130, 209
131, 208
132, 207
133, 206
134, 205
135, 204
135, 203
135, 202
135, 201
135, 200
135, 199
135, 198
135, 197
135, 196
135, 195
135, 194
134, 193
134, 192
134, 191
134, 190
134, 189
133, 188
133, 187
133, 186
133, 185
133, 184
133, 183
132, 182
132, 181
132, 180
132, 179
132, 178
132, 177
131, 176
131, 175
132, 174
132, 173
133, 173
134, 174
135, 174
136, 175
137, 175
138, 176
139, 177
140, 178
141, 179
142, 180
143, 181
144, 181
144, 182
145, 183
146, 184
147, 185
148, 186
149, 187
150, 188
151, 189
151, 190
152, 191
153, 192
154, 193
154, 194
155, 195
155, 196
156, 197
156, 198
156, 199
157, 200
157, 201
157, 202
157, 203
158, 204
159, 205
159, 206
159, 207
159, 208
159, 209
159, 210
159, 211
158, 212
158, 213
158, 214
157, 215
157, 216
157, 217
157, 218
157, 219
156, 219
155, 220
154, 220
153, 220
152, 221
151, 222
150, 222
149, 223
148, 223
147, 224
146, 224
145, 225
145, 226
145, 227
146, 228
147, 228
148, 228
149, 227
150, 228
151, 228
151, 229
151, 230
151, 231
150, 232
149, 233
149, 234
149, 235
148, 235
147, 236
147, 237
147, 238
147, 239
146, 239
145, 240
145, 241
145, 242
145, 243
145, 244
144, 245
143, 246
143, 247
143, 248
142, 248
141, 249
141, 250
141, 251
142, 252
141, 253
141, 254
141, 255
140, 256
140, 257
140, 258
141, 259
140, 259
139, 260
139, 261
139, 262
139, 263
139, 264
139, 265
139, 266
140, 267
141, 267
141, 268
141, 269
141, 270
140, 271
139, 272
139, 273
139, 274
139, 275
139, 276
139, 277
139, 278
139, 279
139, 280
138, 280
137, 281
137, 282
137, 283
137, 284
137, 285
137, 286
137, 287
138, 288
139, 288
139, 289
139, 290
138, 291
137, 292
137, 293
137, 294
137, 295
137, 296
137, 297
137, 298
137, 299
137, 300
137, 301
137, 302
136, 302
135, 303
135, 304
135, 305
135, 306
135, 307
136, 308
137, 308
137, 309
137, 310
137, 311
136, 312
135, 313
135, 314
135, 315
135, 316
135, 317
135, 318
135, 319
135, 320
135, 321
135, 322
135, 323
134, 323
133, 324
133, 325
133, 326
133, 327
133, 328
133, 329
134, 330
135, 330
135, 331
135, 332
135, 333
135, 334
134, 335
134, 336
134, 337
133, 338
133, 339
133, 340
133, 341
133, 342
133, 343
133, 344
133, 345
133, 346
133, 347
133, 348
133, 349
133, 350
132, 350
131, 351
131, 352
131, 353
131, 354
131, 355
131, 356
131, 357
131, 358
132, 359
133, 359
133, 360
133, 361
133, 362
132, 363
132, 364
131, 365
131, 366
131, 367
131, 368
131, 369
131, 370
131, 371
131, 372
131, 373
131, 374
131, 375
130, 375
129, 376
129, 377
129, 378
129, 379
129, 380
130, 381
131, 381
131, 382
131, 383
131, 384
131, 385
130, 386
130, 387
129, 388
129, 389
129, 390
129, 391
129, 392
129, 393
129, 394
129, 395
129, 396
129, 397
128, 397
127, 398
127, 399
127, 400
127, 401
127, 402
128, 403
129, 403
129, 404
129, 405
129, 406
129, 407
128, 408
127, 409
127, 410
127, 411
127, 412
127, 413
127, 414
127, 415
127, 416
127, 417
127, 418
126, 418
125, 419
125, 420
125, 421
125, 422
125, 423
125, 424
125, 425
126, 426
127, 426
127, 427
127, 428
127, 429
127, 430
126, 431
126, 432
126, 433
126, 434
125, 435
125, 436
125, 437
125, 438
125, 439
125, 440
125, 441
125, 442
125, 443
124, 443
123, 444
123, 445
123, 446
123, 447
124, 448
125, 448
125, 449
125, 450
124, 451
124, 452
124, 453
124, 454
123, 455
123, 456
123, 457
123, 458
123, 459
123, 460
123, 461
123, 462
122, 462
121, 463
121, 464
121, 465
121, 466
122, 467
123, 467
123, 468
123, 469
123, 470
123, 471
123, 472
123, 473
122, 474
122, 475
122, 476
122, 477
121, 478
121, 479
121, 480
121, 481
121, 482
121, 483
121, 484
121, 485
121, 486
120, 486
119, 487
119, 488
119, 489
119, 490
119, 491
120, 492
121, 492
121, 493
121, 494
121, 495
121, 496
120, 497
120, 498
119, 499
119, 500
119, 501
119, 502
119, 503
119, 504
119, 505
119, 506
119, 507
119, 508
118, 508
117, 509
117, 510
117, 511
117, 512
117, 513
118, 514
119, 514
118, 514
117, 515
117, 516
117, 517
117, 518
117, 519
117, 520
117, 521
117, 522
117, 523
117, 524
117, 525
117, 526
116, 526
115, 527
115, 528
115, 529
115, 530
115, 531
115, 532
115, 533
115, 534
115, 535
115, 536
115, 537
115, 538
115, 539
115, 540
114, 541
114, 542
114, 543
114, 544
115, 545
115, 546
115, 547
115, 548
115, 549
115, 550
115, 551
114, 551
113, 552
113, 553
113, 554
113, 555
113, 556
113, 557
113, 558
113, 559
113, 560
113, 561
113, 562
113, 563
113, 564
113, 565
112, 566
112, 567
112, 568
112, 569
112, 570
113, 571
113, 572
113, 573
113, 574
112, 574
111, 575
111, 576
111, 577
111, 578
111, 579
111, 580
111, 581
111, 582
112, 583
113, 583
112, 584
112, 585
112, 586
111, 587
111, 588
110, 589
110, 590
110, 591
110, 592
110, 593
110, 594
110, 595
110, 596
111, 597
111, 598
111, 599
111, 600
111, 601
111, 602
111, 603
111, 604
111, 605
111, 606
111, 607
111, 608
110, 609
110, 610
109, 611
108, 612
108, 613
108, 614
108, 615
109, 616
109, 617
110, 618
111, 619
111, 620
112, 621
113, 622
113, 623
114, 624
114, 625
114, 626
115, 627
115, 628
115, 629
116, 630
116, 631
116, 632
116, 633
117, 634
117, 635
117, 636
117, 637
117, 638
117, 639
117, 640
117, 641
117, 642
117, 643
117, 644
117, 645
117, 646
117, 647
116, 648
116, 649
116, 650
115, 651
115, 652
115, 653
114, 654
114, 655
113, 656
113, 657
112, 658
112, 659
111, 660
110, 661
109, 662
109, 663
108, 664
107, 665
106, 666
105, 667
104, 667
103, 668
102, 669
101, 670
100, 670
99, 671
98, 671
97, 672
96, 672
95, 673
94, 673
93, 673
92, 674
91, 674
90, 674
89, 674
88, 674
87, 674
86, 674
85, 674
84, 674
83, 674
82, 674
81, 674
80, 673
79, 673
78, 673
77, 672
76, 672
75, 671
74, 670
73, 670
72, 669
71, 669
70, 668
69, 667
68, 666
67, 665
66, 664
65, 663
65, 662
64, 661
63, 660
63, 659
62, 658
62, 657
61, 656
61, 655
60, 654
60, 653
59, 652
59, 651
59, 650
58, 649
58, 648
58, 647
58, 646
58, 645
57, 644
57, 643
57, 642
57, 641
57, 640
57, 639
57, 638
57, 637
57, 636
57, 635
57, 634
