154, 383
155, 382
155, 381
155, 380
156, 379
156, 378
156, 377
156, 376
156, 375
155, 374
156, 373
157, 372
157, 371
157, 370
157, 369
158, 368
158, 367
159, 366
159, 365
160, 364
160, 363
160, 362
161, 361
162, 360
162, 359
162, 358
163, 357
164, 356
164, 355
164, 354
165, 353
165, 352
166, 351
167, 350
168, 349
168, 348
168, 347
169, 346
169, 345
169, 344
170, 343
171, 342
172, 341
172, 340
173, 339
173, 338
174, 337
174, 336
175, 335
176, 334
176, 333
177, 332
178, 331
178, 330
178, 329
179, 328
180, 327
180, 326
181, 325
182, 324
182, 323
182, 322
183, 321
184, 320
184, 319
185, 318
185, 317
186, 316
187, 315
187, 314
188, 313
188, 312
189, 311
190, 310
191, 309
191, 308
192, 307
192, 306
193, 305
193, 304
194, 303
195, 302
196, 301
196, 300
197, 299
198, 298
198, 297
198, 296
199, 295
200, 295
201, 294
202, 293
203, 292
204, 291
205, 290
206, 289
206, 288
207, 287
208, 286
209, 285
210, 284
211, 283
212, 282
213, 281
213, 280
214, 279
215, 278
216, 277
217, 276
218, 275
218, 274
219, 273
220, 272
221, 272
222, 271
222, 270
223, 269
224, 268
225, 267
225, 266
226, 266
227, 265
227, 264
228, 264
229, 263
230, 262
231, 261
232, 260
233, 259
233, 258
234, 258
235, 257
235, 256
236, 256
237, 255
238, 254
238, 253
239, 252
239, 251
240, 251
241, 251
242, 250
243, 249
243, 248
244, 248
245, 247
246, 247
247, 246
248, 245
249, 244
250, 243
251, 242
252, 241
253, 241
254, 240
255, 239
256, 238
257, 237
258, 236
259, 235
260, 235
261, 234
262, 233
262, 232
263, 232
264, 232
265, 231
266, 230
267, 229
268, 228
269, 227
270, 226
271, 226
272, 225
273, 224
274, 223
275, 222
276, 222
277, 221
278, 220
279, 219
280, 219
281, 218
282, 218
283, 217
284, 217
285, 216
286, 216
287, 215
288, 215
289, 214
289, 213
290, 213
291, 213
292, 213
293, 212
294, 211
295, 211
296, 210
297, 210
298, 209
299, 208
300, 208
301, 208
302, 207
303, 207
304, 206
305, 206
306, 206
307, 206
308, 206
309, 206
310, 206
311, 206
312, 206
313, 205
314, 205
315, 205
316, 205
317, 205
318, 204
319, 204
320, 204
321, 204
322, 203
323, 203
324, 203
325, 203
326, 203
327, 203
328, 202
329, 202
330, 202
331, 202
332, 201
333, 201
334, 201
335, 201
336, 200
337, 200
338, 200
339, 200
340, 200
341, 199
342, 199
343, 199
344, 199
345, 198
346, 198
347, 198
348, 198
349, 197
350, 197
351, 197
352, 197
353, 196
354, 196
355, 196
356, 196
357, 196
358, 195
359, 195
360, 195
361, 195
362, 195
363, 194
364, 194
365, 194
366, 194
367, 194
368, 194
369, 193
370, 193
371, 193
372, 193
373, 192
374, 192
375, 192
376, 192
377, 192
378, 191
379, 191
380, 190
381, 190
382, 190
383, 190
384, 190
385, 190
386, 190
387, 190
388, 190
389, 190
390, 190
391, 189
392, 189
393, 189
394, 189
395, 189
396, 189
397, 190
398, 190
399, 190
400, 189
401, 189
402, 189
403, 189
404, 189
405, 189
406, 190
407, 190
408, 190
409, 190
410, 190
411, 190
412, 190
413, 190
414, 190
415, 190
416, 190
417, 190
418, 190
419, 191
420, 191
421, 191
422, 191
423, 191
424, 192
425, 192
426, 192
427, 192
428, 192
429, 192
430, 192
431, 192
432, 192
433, 192
434, 192
435, 193
436, 193
437, 193
438, 193
439, 193
440, 194
441, 194
442, 194
443, 194
444, 194
445, 194
446, 194
447, 195
448, 195
449, 195
450, 195
451, 195
452, 195
453, 196
454, 196
455, 196
456, 196
457, 196
458, 196
459, 196
460, 196
461, 196
462, 196
463, 197
464, 197
465, 197
466, 197
467, 197
468, 197
469, 198
470, 198
471, 198
472, 198
473, 198
474, 198
475, 198
476, 199
477, 199
478, 199
479, 200
480, 200
481, 200
482, 200
483, 200
484, 201
485, 201
486, 201
487, 202
488, 202
489, 202
490, 202
491, 202
492, 202
493, 202
494, 203
495, 203
496, 203
497, 204
498, 204
499, 204
500, 205
501, 205
502, 205
503, 206
504, 206
505, 207
506, 207
507, 207
508, 208
509, 208
510, 209
511, 209
512, 210
513, 210
514, 211
515, 211
516, 212
517, 212
518, 213
519, 213
520, 214
521, 214
522, 214
523, 215
524, 216
525, 216
526, 217
527, 217
528, 218
529, 219
530, 219
531, 220
532, 221
533, 222
534, 222
535, 223
536, 223
537, 224
538, 225
539, 226
540, 227
541, 227
542, 228
543, 228
544, 229
545, 230
546, 231
547, 231
548, 232
549, 233
550, 234
551, 235
552, 236
553, 236
554, 237
555, 237
556, 238
557, 239
558, 239
559, 240
560, 241
561, 242
562, 243
563, 243
564, 244
565, 245
566, 246
567, 247
568, 247
569, 248
570, 249
571, 250
572, 251
573, 252
574, 253
575, 254
576, 255
577, 256
578, 257
579, 258
580, 259
580, 260
581, 261
582, 262
583, 263
584, 264
584, 265
585, 266
586, 267
587, 268
588, 268
588, 269
588, 270
589, 271
590, 271
590, 272
591, 273
592, 274
592, 275
593, 276
594, 277
594, 278
595, 279
596, 280
596, 281
597, 282
598, 283
598, 284
599, 285
600, 286
600, 287
601, 288
602, 289
603, 290
603, 291
604, 292
605, 293
605, 294
606, 295
607, 296
607, 297
608, 298
609, 299
609, 300
610, 301
610, 302
611, 303
611, 304
612, 305
612, 306
613, 307
614, 308
614, 309
614, 310
615, 311
616, 312
616, 313
617, 314
618, 315
618, 316
619, 317
620, 318
621, 319
622, 320
622, 321
622, 322
623, 323
623, 324
624, 325
624, 326
625, 327
625, 328
626, 329
626, 330
627, 331
627, 332
628, 333
628, 334
629, 335
629, 336
630, 337
631, 338
631, 339
631, 340
632, 341
632, 342
633, 343
633, 344
634, 345
634, 346
635, 347
635, 348
635, 349
636, 350
636, 351
637, 352
637, 353
638, 354
638, 355
638, 356
639, 357
639, 358
640, 359
640, 360
641, 361
641, 362
641, 363
641, 364
642, 365
642, 366
642, 367
642, 368
643, 369
643, 370
643, 371
644, 372
644, 373
644, 374
645, 375
645, 376
645, 377
645, 378
645, 379
645, 380
646, 381
646, 382
646, 383
646, 384
647, 385
647, 386
647, 387
647, 388
648, 389
648, 390
648, 391
648, 392
648, 393
649, 394
649, 395
649, 396
649, 397
649, 398
649, 399
650, 400
650, 401
650, 402
651, 403
651, 404
651, 405
651, 406
651, 407
651, 408
651, 409
652, 410
652, 411
652, 412
652, 413
653, 414
653, 415
653, 416
653, 417
653, 418
654, 419
654, 420
654, 421
654, 422
654, 423
654, 424
653, 425
653, 426
653, 427
653, 428
653, 429
653, 430
654, 431
653, 432
653, 433
653, 434
653, 435
653, 436
653, 437
652, 438
652, 439
652, 440
652, 441
652, 442
652, 443
652, 444
652, 445
653, 446
652, 447
651, 448
651, 449
651, 450
651, 451
651, 452
651, 453
651, 454
651, 455
650, 456
650, 457
649, 458
649, 459
649, 460
649, 461
649, 462
649, 463
648, 464
648, 465
648, 466
648, 467
647, 468
647, 469
647, 470
647, 471
646, 472
646, 473
646, 474
647, 475
646, 476
646, 477
646, 478
646, 479
645, 480
645, 481
645, 482
645, 483
645, 484
645, 485
645, 486
645, 487
644, 487
643, 488
643, 489
643, 490
643, 491
643, 492
642, 493
642, 494
641, 495
641, 496
641, 497
641, 498
640, 499
640, 500
640, 501
640, 502
639, 503
639, 504
639, 505
639, 506
639, 507
639, 508
639, 509
638, 510
638, 511
638, 512
638, 513
637, 514
637, 515
636, 516
636, 517
636, 518
636, 519
636, 520
635, 521
635, 522
634, 523
634, 524
634, 525
633, 526
633, 527
632, 527
631, 528
631, 529
631, 530
631, 531
631, 532
630, 533
629, 534
629, 535
628, 536
628, 537
628, 538
628, 539
628, 540
627, 541
627, 542
627, 543
626, 544
626, 545
625, 546
625, 547
625, 548
625, 549
624, 550
623, 551
623, 552
623, 553
622, 554
622, 555
622, 556
622, 557
622, 558
622, 559
621, 560
621, 561
621, 562
620, 562
619, 563
619, 564
619, 565
618, 566
618, 567
618, 568
618, 569
618, 570
617, 571
617, 572
616, 573
615, 574
615, 575
614, 576
614, 577
614, 578
614, 579
613, 580
613, 581
612, 582
611, 583
610, 584
610, 585
609, 586
608, 586
607, 587
606, 588
606, 589
606, 590
605, 590
604, 591
604, 592
603, 593
602, 594
601, 595
601, 596
601, 597
600, 598
599, 599
598, 599
597, 600
597, 601
596, 602
595, 603
594, 603
593, 604
593, 605
592, 606
592, 607
591, 608
590, 609
589, 609
588, 610
587, 611
587, 612
586, 613
585, 613
584, 614
583, 615
582, 616
581, 617
580, 617
579, 618
579, 619
579, 620
578, 620
577, 621
576, 622
575, 623
574, 624
573, 625
573, 626
572, 627
571, 628
571, 629
570, 629
569, 629
568, 630
567, 631
567, 632
566, 632
565, 632
564, 633
563, 633
562, 634
561, 635
560, 636
559, 636
558, 636
557, 637
556, 638
555, 639
554, 639
553, 640
552, 641
551, 642
550, 642
549, 643
548, 644
547, 644
546, 645
545, 645
544, 646
543, 646
542, 646
541, 647
540, 648
539, 648
538, 649
537, 649
536, 650
535, 651
534, 651
533, 652
532, 652
531, 653
530, 653
529, 654
529, 655
528, 655
527, 656
526, 657
525, 657
524, 657
523, 658
522, 659
521, 660
520, 660
519, 660
518, 661
517, 662
516, 662
515, 663
514, 664
513, 665
512, 665
511, 665
510, 666
509, 667
508, 667
507, 668
506, 669
505, 669
504, 670
503, 670
502, 670
501, 671
500, 671
499, 672
498, 673
497, 673
496, 674
495, 675
494, 675
493, 675
492, 676
491, 676
490, 677
489, 677
488, 678
487, 678
486, 678
485, 679
484, 680
483, 680
482, 680
481, 681
480, 681
479, 681
478, 682
477, 682
476, 683
475, 683
474, 683
473, 683
472, 684
471, 684
470, 685
469, 685
468, 685
467, 685
466, 686
465, 686
464, 686
463, 687
462, 687
461, 687
460, 687
459, 687
458, 687
457, 687
456, 687
455, 687
454, 687
453, 687
452, 687
451, 687
450, 687
449, 688
448, 688
447, 688
446, 688
445, 688
444, 689
443, 689
442, 688
441, 688
440, 688
439, 689
438, 689
437, 689
436, 689
435, 689
434, 689
433, 689
432, 689
431, 689
430, 689
429, 689
428, 689
427, 689
426, 689
425, 689
424, 690
423, 690
422, 690
421, 690
420, 690
419, 690
418, 690
417, 690
416, 690
415, 690
414, 690
413, 690
412, 690
411, 690
410, 690
409, 691
408, 691
407, 691
406, 691
405, 691
404, 691
403, 691
402, 691
401, 691
400, 691
399, 691
398, 691
397, 691
396, 691
395, 691
394, 691
393, 691
392, 691
391, 692
390, 692
389, 691
388, 691
387, 691
386, 691
385, 691
384, 691
383, 691
382, 691
381, 692
380, 692
379, 692
378, 692
377, 693
376, 693
375, 693
374, 693
373, 692
372, 692
371, 692
370, 692
369, 692
368, 692
367, 692
366, 692
365, 692
364, 692
363, 692
362, 692
361, 692
360, 692
359, 692
358, 692
357, 692
356, 692
355, 692
354, 692
353, 692
352, 692
351, 691
350, 691
349, 691
348, 691
347, 691
346, 691
345, 690
344, 690
343, 690
342, 690
341, 690
340, 689
339, 689
338, 689
337, 688
336, 688
335, 688
334, 687
333, 687
332, 687
331, 686
330, 686
329, 685
328, 684
327, 683
326, 683
325, 682
324, 682
323, 682
322, 681
321, 680
320, 679
319, 679
318, 679
317, 678
316, 678
315, 677
314, 677
314, 676
313, 675
312, 675
311, 675
310, 674
309, 674
308, 673
307, 673
307, 672
306, 671
305, 671
304, 671
303, 670
302, 670
301, 669
300, 669
299, 669
298, 668
297, 667
296, 667
295, 666
294, 666
293, 666
292, 665
292, 664
291, 663
290, 663
289, 663
288, 663
287, 662
286, 661
285, 661
284, 661
283, 660
282, 660
281, 659
280, 659
279, 658
278, 657
277, 657
276, 656
275, 656
274, 655
273, 654
272, 653
271, 652
270, 652
269, 651
268, 651
267, 650
266, 649
265, 649
264, 648
263, 648
262, 647
261, 646
260, 645
259, 645
258, 645
257, 644
256, 643
255, 643
254, 642
253, 641
252, 640
251, 639
250, 639
249, 639
248, 638
247, 637
247, 636
246, 635
245, 635
244, 635
243, 634
243, 633
242, 632
241, 632
240, 632
239, 631
238, 631
238, 630
237, 629
236, 628
235, 628
234, 627
233, 626
232, 625
231, 624
230, 624
229, 623
229, 622
228, 621
227, 621
226, 621
226, 620
225, 619
224, 618
223, 617
223, 616
222, 615
221, 615
221, 614
220, 613
219, 612
218, 611
217, 610
216, 609
215, 609
214, 608
213, 607
213, 606
212, 605
211, 605
211, 604
211, 603
210, 602
209, 602
208, 602
208, 601
208, 600
207, 599
206, 599
205, 598
204, 597
204, 596
203, 595
203, 594
202, 593
201, 593
200, 593
200, 592
199, 591
198, 590
197, 589
197, 588
196, 587
195, 586
195, 585
195, 584
194, 583
193, 582
192, 582
191, 581
191, 580
191, 579
191, 578
191, 577
190, 576
189, 576
189, 575
189, 574
189, 573
189, 572
188, 571
187, 571
187, 570
187, 569
187, 568
186, 567
186, 566
185, 565
185, 564
185, 563
184, 562
184, 561
183, 560
183, 559
183, 558
182, 557
182, 556
181, 555
181, 554
181, 553
180, 552
179, 552
179, 551
179, 550
179, 549
179, 548
178, 547
177, 547
176, 546
176, 545
176, 544
176, 543
176, 542
176, 541
176, 540
176, 539
175, 538
175, 537
175, 536
174, 535
174, 534
174, 533
173, 532
173, 531
173, 530
173, 529
172, 528
171, 527
171, 526
171, 525
171, 524
171, 523
171, 522
171, 521
171, 520
170, 519
169, 519
169, 518
169, 517
169, 516
169, 515
169, 514
169, 513
169, 512
168, 511
167, 511
167, 510
167, 509
168, 508
168, 507
168, 506
168, 505
168, 504
167, 503
166, 502
165, 501
165, 500
165, 499
165, 498
165, 497
165, 496
165, 495
165, 494
164, 493
163, 493
164, 492
164, 491
164, 490
164, 489
164, 488
164, 487
164, 486
163, 485
163, 484
163, 483
162, 482
161, 482
161, 481
161, 480
161, 479
161, 478
161, 477
161, 476
161, 475
160, 474
160, 473
159, 472
159, 471
159, 470
159, 469
159, 468
159, 467
159, 466
159, 465
159, 464
158, 463
158, 462
157, 461
157, 460
157, 459
158, 458
158, 457
158, 456
157, 455
157, 454
157, 453
157, 452
157, 451
156, 450
156, 449
156, 448
156, 447
156, 446
156, 445
155, 444
155, 443
155, 442
155, 441
155, 440
154, 439
154, 438
154, 437
154, 436
154, 435
154, 434
154, 433
154, 432
154, 431
154, 430
154, 429
154, 428
154, 427
154, 426
154, 425
154, 424
153, 423
153, 422
154, 421
154, 420
154, 419
154, 418
155, 417
155, 416
155, 415
154, 414
154, 413
154, 412
154, 411
153, 410
153, 409
153, 408
154, 407
154, 406
154, 405
154, 404
154, 403
154, 402
154, 401
154, 400
154, 399
154, 398
154, 397
154, 396
154, 395
154, 394
155, 393
155, 392
155, 391
155, 390
155, 389
155, 388
154, 387
154, 386
153, 385
153, 384
