34, 367
34, 366
34, 365
34, 364
34, 363
34, 362
34, 361
34, 360
34, 359
34, 358
34, 357
34, 356
34, 355
35, 354
36, 353
36, 352
36, 351
36, 350
37, 349
37, 348
37, 347
37, 346
37, 345
37, 344
38, 343
38, 342
38, 341
39, 340
40, 339
40, 338
41, 337
42, 336
42, 335
43, 334
44, 333
44, 332
44, 331
44, 330
45, 329
45, 328
46, 327
46, 326
46, 325
47, 324
48, 323
49, 323
50, 322
51, 321
52, 320
52, 319
53, 318
54, 317
54, 316
55, 315
55, 314
56, 313
57, 312
58, 311
58, 310
59, 309
60, 308
60, 307
61, 306
62, 305
62, 304
63, 303
64, 302
64, 301
65, 300
66, 299
66, 298
67, 297
68, 296
68, 295
69, 294
70, 293
70, 292
71, 291
72, 290
72, 289
73, 288
74, 287
75, 286
75, 285
76, 284
76, 283
77, 282
78, 281
79, 280
80, 279
80, 278
81, 277
82, 276
82, 275
83, 274
84, 273
84, 272
85, 272
86, 271
86, 270
87, 269
88, 268
89, 267
89, 266
90, 265
91, 264
92, 263
92, 262
93, 261
93, 260
94, 260
95, 259
95, 258
96, 257
97, 256
98, 255
98, 254
99, 253
100, 252
100, 251
101, 250
101, 249
102, 248
102, 247
103, 246
104, 245
105, 244
106, 243
107, 242
108, 241
108, 240
109, 239
110, 238
111, 237
112, 236
113, 236
114, 235
115, 235
116, 235
117, 235
118, 235
119, 235
120, 235
121, 235
122, 235
123, 235
124, 235
125, 235
126, 235
127, 235
128, 235
129, 235
130, 236
131, 236
132, 236
133, 236
134, 236
135, 236
136, 236
137, 237
138, 237
139, 237
140, 237
141, 237
142, 237
143, 237
144, 237
145, 237
146, 238
147, 238
148, 238
149, 238
150, 239
151, 239
152, 239
153, 239
154, 239
155, 239
156, 239
157, 239
158, 239
159, 239
160, 240
161, 240
162, 240
163, 240
164, 240
165, 240
166, 240
167, 240
168, 240
169, 240
170, 241
171, 241
172, 241
173, 241
174, 241
175, 241
176, 241
177, 241
178, 241
179, 241
180, 241
181, 242
182, 242
183, 242
184, 242
185, 242
186, 242
187, 242
188, 241
189, 241
190, 241
191, 241
192, 241
193, 242
194, 242
195, 242
196, 242
197, 242
198, 242
199, 242
200, 242
201, 243
202, 243
203, 243
204, 243
205, 243
206, 243
207, 243
208, 243
209, 243
210, 243
211, 243
212, 244
213, 244
214, 244
215, 244
216, 244
217, 244
218, 244
219, 244
220, 244
221, 244
222, 244
223, 244
224, 244
225, 244
226, 244
227, 244
228, 244
229, 244
230, 244
231, 245
232, 245
233, 245
234, 245
235, 245
236, 244
237, 245
238, 245
239, 245
240, 245
241, 245
242, 245
243, 245
244, 245
245, 246
246, 246
247, 246
248, 246
249, 246
250, 246
251, 246
252, 246
253, 246
254, 246
255, 246
256, 246
257, 247
258, 247
259, 247
260, 247
261, 247
262, 247
263, 247
264, 247
265, 247
266, 247
267, 248
268, 248
269, 248
270, 248
271, 248
272, 248
273, 248
274, 248
275, 248
276, 248
277, 248
278, 248
279, 249
280, 249
281, 249
282, 249
283, 249
284, 249
285, 249
286, 249
287, 249
288, 249
289, 250
290, 250
291, 250
292, 250
293, 250
294, 250
295, 250
296, 250
297, 250
298, 250
299, 250
300, 250
301, 250
302, 250
303, 251
304, 251
305, 251
306, 251
307, 251
308, 251
309, 251
310, 251
311, 252
312, 252
313, 252
314, 252
315, 252
316, 252
317, 252
318, 252
319, 252
320, 253
321, 253
322, 253
323, 253
324, 253
325, 253
326, 253
327, 253
328, 253
329, 253
330, 254
331, 254
332, 254
333, 254
334, 254
335, 254
336, 254
337, 254
338, 254
339, 255
340, 255
341, 255
342, 255
343, 255
344, 255
345, 255
346, 256
347, 256
348, 256
349, 256
350, 256
351, 256
352, 256
353, 256
354, 256
355, 256
356, 256
357, 256
358, 256
359, 257
360, 257
361, 257
362, 257
363, 257
364, 257
365, 258
366, 258
367, 258
368, 258
369, 258
370, 258
371, 258
372, 258
373, 258
374, 258
375, 258
376, 258
377, 258
378, 259
379, 259
380, 259
381, 259
382, 259
383, 259
384, 260
385, 260
386, 260
387, 260
388, 260
389, 260
390, 260
391, 260
392, 260
393, 260
394, 260
395, 261
396, 261
397, 261
398, 261
399, 261
400, 261
401, 261
402, 261
403, 261
404, 261
405, 261
406, 261
407, 262
408, 262
409, 262
410, 262
411, 262
412, 262
413, 262
414, 262
415, 262
416, 262
417, 263
418, 263
419, 263
420, 263
421, 263
422, 263
423, 263
424, 263
425, 263
426, 263
427, 263
428, 263
429, 263
430, 263
431, 263
432, 264
433, 264
434, 264
435, 264
436, 264
437, 264
438, 264
439, 265
440, 265
441, 265
442, 265
443, 265
444, 265
445, 265
446, 266
447, 266
448, 266
449, 266
450, 266
451, 266
452, 266
453, 266
454, 266
455, 266
456, 266
457, 266
458, 266
459, 266
460, 266
461, 267
462, 267
463, 267
464, 267
465, 267
466, 267
467, 267
468, 267
469, 268
470, 268
471, 268
472, 268
473, 268
474, 268
475, 268
476, 268
477, 268
478, 268
479, 268
480, 268
481, 268
482, 268
483, 269
484, 269
485, 269
486, 269
487, 269
488, 269
489, 269
490, 269
491, 270
492, 270
493, 270
494, 270
495, 270
496, 270
497, 270
498, 270
499, 270
500, 270
501, 270
502, 271
503, 271
504, 271
505, 271
506, 271
507, 271
508, 272
509, 272
510, 272
511, 272
512, 272
513, 272
514, 272
515, 272
516, 272
517, 272
518, 272
519, 272
520, 272
521, 273
522, 273
523, 273
524, 273
525, 273
526, 273
527, 273
528, 273
529, 273
530, 273
531, 274
532, 274
533, 274
534, 274
535, 274
536, 274
537, 274
538, 274
539, 274
540, 274
541, 274
542, 274
543, 274
544, 274
545, 274
546, 275
547, 275
548, 275
549, 275
550, 275
551, 275
552, 275
553, 276
554, 276
555, 276
556, 276
557, 276
558, 276
559, 276
560, 276
561, 276
562, 276
563, 276
564, 276
565, 276
566, 277
567, 277
568, 277
569, 277
570, 277
571, 277
572, 277
573, 277
574, 277
575, 277
576, 278
577, 278
578, 278
579, 278
580, 278
581, 278
582, 278
583, 278
584, 278
585, 278
586, 278
587, 278
588, 278
589, 278
590, 278
591, 279
592, 279
593, 279
594, 279
595, 279
596, 279
597, 279
598, 279
599, 279
600, 279
601, 279
602, 279
603, 279
604, 280
605, 280
606, 280
607, 280
608, 280
609, 280
610, 280
611, 280
612, 280
613, 280
614, 281
615, 281
616, 281
617, 281
618, 281
619, 281
620, 281
621, 281
622, 281
623, 281
624, 281
625, 282
626, 282
627, 282
628, 282
629, 282
630, 281
631, 281
632, 281
633, 281
634, 282
635, 282
636, 282
637, 282
638, 282
639, 282
640, 282
641, 282
642, 282
643, 282
644, 283
645, 283
646, 283
647, 283
648, 283
649, 283
650, 283
651, 283
652, 283
653, 283
654, 283
655, 283
656, 283
657, 283
658, 283
659, 283
660, 283
661, 283
662, 283
663, 283
664, 283
665, 283
666, 283
667, 283
668, 283
669, 283
670, 283
671, 284
672, 284
673, 284
674, 284
675, 284
676, 284
677, 284
678, 284
679, 284
680, 284
681, 284
682, 284
683, 284
684, 285
685, 285
686, 285
687, 285
688, 285
689, 285
690, 285
691, 285
692, 285
693, 285
694, 285
695, 285
696, 285
697, 285
698, 285
699, 285
700, 285
701, 286
702, 286
703, 286
704, 286
705, 286
706, 286
707, 286
708, 286
709, 286
710, 286
711, 286
712, 286
713, 286
714, 286
715, 286
716, 286
717, 286
718, 286
719, 286
720, 287
721, 287
722, 287
723, 287
724, 287
725, 287
726, 287
727, 287
728, 287
729, 287
730, 287
731, 287
732, 287
733, 287
734, 287
735, 287
736, 288
737, 288
738, 288
739, 288
740, 288
741, 288
742, 288
743, 288
744, 288
745, 288
746, 288
747, 289
748, 289
749, 289
750, 289
751, 289
752, 289
753, 289
754, 289
755, 289
756, 289
757, 289
758, 290
759, 290
760, 290
761, 290
762, 290
763, 290
764, 290
765, 290
766, 290
767, 290
768, 290
769, 290
770, 290
771, 290
772, 291
773, 291
774, 291
775, 291
776, 291
777, 291
778, 291
779, 291
780, 291
781, 291
782, 291
783, 292
784, 292
785, 292
786, 292
787, 292
788, 292
789, 292
790, 292
791, 292
792, 292
793, 292
794, 293
795, 293
796, 293
797, 293
798, 292
799, 292
800, 292
801, 291
802, 291
803, 292
804, 293
804, 294
803, 295
803, 296
803, 297
803, 298
803, 299
802, 300
802, 301
802, 302
802, 303
801, 304
801, 305
801, 306
801, 307
801, 308
800, 309
800, 310
800, 311
800, 312
800, 313
799, 314
799, 315
799, 316
799, 317
799, 318
799, 319
798, 320
798, 321
798, 322
798, 323
798, 324
798, 325
797, 326
797, 327
797, 328
797, 329
796, 330
796, 331
796, 332
796, 333
796, 334
796, 335
796, 336
795, 337
795, 338
795, 339
795, 340
794, 341
794, 342
794, 343
794, 344
794, 345
794, 346
793, 347
793, 348
793, 349
793, 350
793, 351
793, 352
793, 353
792, 354
792, 355
792, 356
792, 357
792, 358
792, 359
791, 360
791, 361
791, 362
791, 363
791, 364
791, 365
791, 366
791, 367
790, 368
790, 369
790, 370
790, 371
790, 372
790, 373
790, 374
789, 375
789, 376
789, 377
789, 378
788, 379
788, 380
788, 381
788, 382
788, 383
787, 384
787, 385
787, 386
787, 387
787, 388
787, 389
787, 390
787, 391
787, 392
787, 393
786, 394
786, 395
786, 396
786, 397
786, 398
786, 399
786, 400
786, 401
785, 402
785, 403
785, 404
785, 405
785, 406
785, 407
784, 408
784, 409
784, 410
784, 411
784, 412
784, 413
784, 414
784, 415
784, 416
784, 417
783, 418
783, 419
783, 420
783, 421
783, 422
783, 423
783, 424
783, 425
782, 426
782, 427
782, 428
782, 429
782, 430
782, 431
782, 432
782, 433
782, 434
782, 435
782, 436
782, 437
782, 438
782, 439
781, 440
781, 441
781, 442
781, 443
781, 444
781, 445
781, 446
781, 447
781, 448
781, 449
780, 450
780, 451
780, 452
780, 453
780, 454
780, 455
780, 456
780, 457
780, 458
780, 459
780, 460
780, 461
780, 462
780, 463
780, 464
780, 465
780, 466
780, 467
780, 468
780, 469
780, 470
780, 471
780, 472
780, 473
780, 474
780, 475
780, 476
780, 477
780, 478
780, 479
780, 480
780, 481
780, 482
780, 483
780, 484
780, 485
780, 486
780, 487
780, 488
780, 489
780, 490
780, 491
780, 492
780, 493
780, 494
780, 495
780, 496
780, 497
780, 498
780, 499
780, 500
781, 501
781, 502
781, 503
781, 504
781, 505
782, 506
781, 507
781, 508
781, 509
781, 510
781, 511
781, 512
781, 513
781, 514
780, 515
780, 516
779, 517
779, 518
778, 519
777, 520
776, 520
775, 521
774, 521
773, 522
773, 523
772, 522
771, 522
770, 522
769, 522
768, 522
767, 521
766, 521
765, 521
764, 521
763, 521
762, 521
761, 521
760, 521
759, 521
758, 521
757, 521
756, 521
755, 521
754, 521
753, 521
752, 522
751, 522
750, 522
749, 523
748, 523
747, 523
746, 523
745, 523
744, 522
743, 522
742, 522
741, 522
740, 522
739, 523
738, 523
737, 523
736, 523
735, 523
734, 523
733, 523
732, 523
731, 523
730, 523
729, 523
728, 523
727, 523
726, 523
725, 523
724, 523
723, 523
722, 523
721, 523
720, 523
719, 523
718, 523
717, 523
716, 523
715, 523
714, 524
713, 523
712, 523
711, 523
710, 523
709, 523
708, 523
707, 523
706, 523
705, 523
704, 523
703, 523
702, 523
701, 523
700, 523
699, 523
698, 523
697, 523
696, 523
695, 523
694, 523
693, 523
692, 523
691, 523
690, 523
689, 523
688, 524
687, 524
686, 524
685, 524
684, 524
683, 524
682, 523
681, 523
680, 523
679, 523
678, 524
677, 524
676, 524
675, 524
674, 524
673, 523
672, 523
671, 523
670, 524
669, 524
668, 524
667, 523
666, 523
665, 523
664, 523
663, 523
662, 523
661, 523
660, 523
659, 523
658, 523
657, 523
656, 523
655, 523
654, 524
653, 524
652, 523
651, 523
650, 523
649, 523
648, 523
647, 523
646, 523
645, 523
644, 523
643, 523
642, 523
641, 523
640, 523
639, 523
638, 523
637, 523
636, 523
635, 523
634, 523
633, 524
632, 524
631, 524
630, 524
629, 524
628, 524
627, 524
626, 524
625, 524
624, 524
623, 524
622, 524
621, 524
620, 524
619, 524
618, 523
617, 523
616, 523
615, 523
614, 523
613, 523
612, 523
611, 523
610, 523
609, 523
608, 523
607, 524
606, 523
605, 523
604, 523
603, 523
602, 523
601, 523
600, 523
599, 523
598, 523
597, 523
596, 524
595, 524
594, 524
593, 524
592, 524
591, 524
590, 524
589, 524
588, 524
587, 524
586, 524
585, 523
584, 523
583, 523
582, 523
581, 523
580, 524
579, 524
578, 524
577, 523
576, 523
575, 523
574, 524
573, 524
572, 524
571, 524
570, 524
569, 524
568, 524
567, 525
566, 525
565, 525
564, 525
563, 525
562, 525
561, 524
560, 524
559, 524
558, 524
557, 524
556, 524
555, 525
554, 524
553, 524
552, 524
551, 524
550, 524
549, 524
548, 523
547, 523
546, 523
545, 523
544, 524
543, 524
542, 524
541, 524
540, 524
539, 524
538, 524
537, 524
536, 524
535, 524
534, 524
533, 524
532, 524
531, 524
530, 524
529, 524
528, 524
527, 523
526, 523
525, 523
524, 523
523, 524
522, 523
521, 523
520, 523
519, 524
518, 524
517, 524
516, 524
515, 523
514, 523
513, 523
512, 523
511, 523
510, 523
509, 523
508, 523
507, 523
506, 523
505, 523
504, 524
503, 525
502, 525
501, 524
500, 524
499, 524
498, 524
497, 524
496, 524
495, 524
494, 524
493, 524
492, 524
491, 524
490, 524
489, 524
488, 524
487, 524
486, 524
485, 524
484, 524
483, 524
482, 524
481, 524
480, 524
479, 524
478, 524
477, 524
476, 524
475, 524
474, 523
473, 523
472, 523
471, 524
470, 524
469, 524
468, 524
467, 524
466, 524
465, 524
464, 523
463, 523
462, 523
461, 524
460, 524
459, 525
458, 525
457, 524
456, 524
455, 524
454, 524
453, 524
452, 524
451, 524
450, 524
449, 525
448, 525
447, 525
446, 525
445, 525
444, 525
443, 525
442, 525
441, 524
440, 524
439, 524
438, 525
437, 525
436, 525
435, 525
434, 525
433, 525
432, 525
431, 525
430, 525
429, 525
428, 525
427, 525
426, 525
425, 525
424, 525
423, 525
422, 526
421, 526
420, 525
419, 525
418, 525
417, 525
416, 525
415, 525
414, 525
413, 525
412, 525
411, 525
410, 525
409, 525
408, 525
407, 525
406, 525
405, 525
404, 525
403, 525
402, 525
401, 525
400, 525
399, 525
398, 525
397, 526
396, 526
395, 526
394, 526
393, 526
392, 526
391, 526
390, 526
389, 527
388, 527
387, 527
386, 527
385, 527
384, 527
383, 527
382, 527
381, 527
380, 527
379, 527
378, 527
377, 526
376, 526
375, 526
374, 526
373, 526
372, 526
371, 526
370, 526
369, 527
368, 527
367, 526
366, 526
365, 526
364, 526
363, 526
362, 526
361, 526
360, 526
359, 526
358, 526
357, 526
356, 526
355, 526
354, 526
353, 526
352, 526
351, 526
350, 526
349, 526
348, 526
347, 526
346, 526
345, 526
344, 526
343, 526
342, 526
341, 526
340, 526
339, 526
338, 527
337, 527
336, 527
335, 527
334, 527
333, 527
332, 527
331, 527
330, 527
329, 527
328, 527
327, 527
326, 527
325, 527
324, 528
323, 528
322, 528
321, 528
320, 527
319, 527
318, 527
317, 527
316, 527
315, 527
314, 527
313, 528
312, 528
311, 528
310, 527
309, 527
308, 527
307, 527
306, 528
305, 528
304, 528
303, 528
302, 528
301, 528
300, 528
299, 528
298, 528
297, 529
296, 528
295, 528
294, 528
293, 528
292, 528
291, 529
290, 528
289, 528
288, 528
287, 529
286, 529
285, 529
284, 529
283, 529
282, 529
281, 529
280, 529
279, 529
278, 529
277, 529
276, 529
275, 529
274, 529
273, 529
272, 529
271, 529
270, 530
269, 530
268, 530
267, 530
266, 529
265, 529
264, 529
263, 530
262, 530
261, 530
260, 530
259, 530
258, 530
257, 530
256, 530
255, 530
254, 530
253, 530
252, 530
251, 530
250, 530
249, 530
248, 530
247, 530
246, 530
245, 530
244, 530
243, 530
242, 530
241, 530
240, 530
239, 531
238, 531
237, 531
236, 531
235, 531
234, 531
233, 531
232, 530
231, 530
230, 530
229, 530
228, 531
227, 531
226, 531
225, 531
224, 531
223, 531
222, 531
221, 530
220, 530
219, 530
218, 531
217, 531
216, 531
215, 531
214, 530
213, 530
212, 530
211, 530
210, 530
209, 530
208, 530
207, 531
206, 531
205, 530
204, 530
203, 530
202, 530
201, 531
200, 531
199, 531
198, 531
197, 530
196, 530
195, 530
194, 530
193, 530
192, 530
191, 530
190, 530
189, 529
188, 529
187, 529
186, 530
185, 529
184, 529
183, 529
182, 529
181, 529
180, 529
179, 529
178, 529
177, 529
176, 529
175, 529
174, 529
173, 529
172, 528
171, 528
170, 528
169, 528
168, 528
167, 528
166, 528
165, 528
164, 528
163, 528
162, 527
161, 527
160, 527
159, 527
158, 527
157, 528
156, 527
155, 527
154, 527
153, 527
152, 527
151, 527
150, 527
149, 527
148, 527
147, 527
146, 527
145, 527
144, 527
143, 527
142, 527
141, 527
140, 527
139, 527
138, 526
137, 526
136, 526
135, 526
134, 526
133, 526
132, 526
131, 525
130, 525
129, 525
128, 525
127, 525
126, 525
125, 525
124, 525
123, 525
122, 524
121, 524
120, 524
119, 524
118, 523
117, 522
116, 522
115, 522
114, 521
113, 521
113, 520
112, 519
111, 518
110, 518
109, 517
108, 516
107, 515
106, 515
105, 514
104, 513
103, 513
103, 512
102, 511
101, 510
100, 509
99, 509
98, 508
97, 507
96, 506
95, 505
95, 504
94, 503
93, 503
92, 502
91, 501
90, 500
89, 500
89, 499
88, 498
88, 497
88, 496
87, 495
86, 494
85, 493
84, 492
83, 491
82, 491
82, 490
81, 489
81, 488
80, 487
79, 486
79, 485
79, 484
78, 483
78, 482
77, 481
77, 480
76, 479
75, 479
75, 478
75, 477
74, 476
73, 475
73, 474
72, 473
72, 472
71, 471
70, 470
69, 469
69, 468
68, 467
67, 466
66, 465
66, 464
65, 463
65, 462
64, 461
63, 461
62, 460
61, 459
60, 458
59, 458
58, 458
57, 459
56, 459
55, 459
54, 459
53, 459
52, 460
51, 461
50, 460
49, 460
48, 460
47, 460
46, 460
45, 460
44, 460
43, 460
42, 460
41, 460
40, 460
39, 460
39, 459
40, 458
41, 458
42, 457
42, 456
43, 455
43, 454
44, 454
45, 453
46, 452
47, 451
48, 451
49, 452
50, 452
51, 452
52, 452
53, 451
54, 450
55, 449
55, 448
55, 447
55, 446
54, 445
53, 444
53, 443
53, 442
52, 441
51, 441
51, 440
51, 439
51, 438
50, 437
50, 436
49, 435
48, 434
48, 433
47, 432
46, 431
46, 430
46, 429
46, 428
45, 427
45, 426
45, 425
44, 424
43, 424
43, 423
43, 422
43, 421
43, 420
44, 419
44, 418
44, 417
43, 416
42, 415
42, 414
42, 413
42, 412
42, 411
41, 410
41, 409
41, 408
41, 407
41, 406
41, 405
41, 404
42, 403
43, 402
43, 401
43, 400
43, 399
43, 398
43, 397
42, 396
42, 395
42, 394
41, 393
40, 392
39, 391
38, 391
37, 391
36, 390
35, 389
35, 388
34, 387
34, 386
34, 385
34, 384
34, 383
35, 382
35, 381
35, 380
34, 379
34, 378
34, 377
34, 376
34, 375
34, 374
34, 373
34, 372
33, 371
33, 370
33, 369
33, 368
