80, 477
80, 476
80, 475
80, 474
80, 473
80, 472
80, 471
80, 470
80, 469
80, 468
80, 467
80, 466
80, 465
80, 464
80, 463
80, 462
80, 461
80, 460
80, 459
80, 458
80, 457
80, 456
80, 455
80, 454
80, 453
80, 452
80, 451
80, 450
80, 449
80, 448
80, 447
80, 446
81, 445
81, 444
81, 443
81, 442
80, 441
80, 440
80, 439
80, 438
81, 437
81, 436
81, 435
80, 434
80, 433
80, 432
80, 431
80, 430
80, 429
80, 428
80, 427
80, 426
80, 425
80, 424
80, 423
80, 422
80, 421
80, 420
80, 419
80, 418
80, 417
80, 416
80, 415
80, 414
80, 413
80, 412
80, 411
80, 410
80, 409
80, 408
80, 407
80, 406
80, 405
80, 404
80, 403
80, 402
80, 401
80, 400
80, 399
80, 398
80, 397
80, 396
80, 395
80, 394
80, 393
81, 392
81, 391
81, 390
81, 389
81, 388
81, 387
81, 386
81, 385
81, 384
82, 383
82, 382
82, 381
82, 380
82, 379
82, 378
82, 377
82, 376
82, 375
82, 374
82, 373
82, 372
82, 371
82, 370
82, 369
82, 368
82, 367
82, 366
82, 365
82, 364
82, 363
82, 362
82, 361
82, 360
82, 359
82, 358
82, 357
82, 356
82, 355
82, 354
82, 353
82, 352
82, 351
82, 350
82, 349
82, 348
82, 347
82, 346
82, 345
82, 344
82, 343
82, 342
82, 341
82, 340
82, 339
82, 338
82, 337
82, 336
82, 335
82, 334
82, 333
82, 332
82, 331
82, 330
82, 329
82, 328
82, 327
82, 326
82, 325
82, 324
82, 323
82, 322
82, 321
82, 320
82, 319
82, 318
82, 317
82, 316
82, 315
82, 314
82, 313
82, 312
82, 311
83, 310
83, 309
83, 308
83, 307
83, 306
83, 305
83, 304
83, 303
83, 302
84, 301
84, 300
84, 299
84, 298
84, 297
83, 296
84, 295
84, 294
84, 293
84, 292
84, 291
84, 290
84, 289
84, 288
84, 287
84, 286
84, 285
84, 284
85, 283
85, 282
85, 281
85, 280
85, 279
84, 278
84, 277
84, 276
85, 275
85, 274
85, 273
85, 272
84, 271
84, 270
84, 269
84, 268
84, 267
84, 266
84, 265
84, 264
84, 263
84, 262
84, 261
84, 260
84, 259
84, 258
84, 257
84, 256
84, 255
84, 254
84, 253
84, 252
84, 251
84, 250
84, 249
84, 248
84, 247
84, 246
84, 245
84, 244
84, 243
84, 242
84, 241
84, 240
84, 239
84, 238
83, 237
83, 236
83, 235
83, 234
82, 233
82, 232
82, 231
81, 230
81, 229
81, 228
81, 227
81, 226
81, 225
81, 224
80, 223
80, 222
80, 221
80, 220
80, 219
80, 218
81, 217
81, 216
82, 215
82, 214
82, 213
82, 212
82, 211
82, 210
82, 209
82, 208
82, 207
82, 206
83, 205
83, 204
83, 203
83, 202
84, 202
85, 201
86, 201
87, 201
88, 200
89, 200
90, 200
91, 200
92, 200
93, 200
94, 200
95, 200
96, 200
97, 200
98, 200
99, 200
100, 200
101, 200
102, 199
103, 199
104, 198
105, 198
106, 197
107, 196
108, 196
109, 197
110, 197
111, 197
112, 197
113, 197
114, 197
115, 197
116, 197
117, 197
118, 197
119, 197
120, 197
121, 197
122, 197
123, 197
124, 197
125, 197
126, 197
127, 197
128, 197
129, 197
130, 197
131, 197
132, 197
133, 197
134, 197
135, 197
136, 197
137, 197
138, 197
139, 197
140, 197
141, 197
142, 197
143, 197
144, 197
145, 197
146, 197
147, 197
148, 196
149, 196
150, 196
151, 196
152, 196
153, 196
154, 196
155, 196
156, 196
157, 196
158, 196
159, 196
160, 196
161, 196
162, 196
163, 196
164, 196
165, 196
166, 195
167, 195
168, 195
169, 195
170, 195
171, 195
172, 195
173, 196
174, 196
175, 196
176, 196
177, 196
178, 196
179, 196
180, 196
181, 196
182, 197
183, 198
184, 198
185, 198
186, 198
187, 198
188, 199
189, 199
190, 199
191, 199
192, 199
193, 199
194, 199
195, 199
196, 199
197, 199
198, 199
199, 199
200, 199
201, 199
202, 200
203, 200
204, 200
205, 200
206, 200
207, 200
208, 200
209, 199
210, 199
211, 199
212, 199
213, 199
214, 199
215, 199
216, 199
217, 199
218, 199
219, 198
220, 198
221, 199
222, 199
223, 199
224, 199
225, 199
226, 199
227, 199
228, 199
229, 199
230, 199
231, 199
232, 199
233, 199
234, 199
235, 199
236, 199
237, 199
238, 199
239, 199
240, 198
241, 198
242, 198
243, 198
244, 198
245, 198
246, 198
247, 198
248, 198
249, 198
250, 198
251, 198
252, 198
253, 198
254, 198
255, 198
256, 198
257, 198
258, 198
259, 198
260, 198
261, 198
262, 198
263, 198
264, 198
265, 198
266, 199
267, 199
268, 199
269, 199
270, 199
271, 198
272, 198
273, 197
273, 196
273, 195
274, 194
274, 193
274, 192
275, 191
276, 191
276, 192
276, 193
277, 194
277, 195
277, 196
278, 197
279, 198
280, 198
281, 198
282, 198
283, 198
284, 198
285, 198
286, 198
287, 198
288, 198
289, 199
290, 199
291, 199
292, 199
293, 199
294, 199
295, 199
296, 199
297, 199
298, 198
299, 198
300, 198
301, 198
302, 198
303, 199
304, 199
305, 199
306, 199
307, 199
308, 199
309, 199
310, 199
311, 199
312, 199
313, 200
314, 200
315, 200
316, 200
317, 200
318, 200
319, 200
320, 200
321, 200
322, 200
323, 200
324, 200
325, 200
326, 200
327, 200
328, 200
329, 200
330, 200
331, 201
332, 201
333, 201
334, 201
335, 201
336, 201
337, 201
338, 201
339, 201
340, 201
341, 201
342, 201
343, 201
344, 201
345, 201
346, 201
347, 201
348, 201
349, 201
350, 201
351, 201
352, 201
353, 201
354, 201
355, 201
356, 201
357, 200
358, 200
359, 200
360, 200
361, 200
362, 200
363, 200
364, 200
365, 200
366, 200
367, 200
368, 200
369, 200
370, 200
371, 200
372, 200
373, 200
374, 200
375, 200
376, 200
377, 200
378, 201
379, 201
380, 201
381, 201
382, 201
383, 201
384, 202
385, 202
386, 202
387, 203
388, 203
389, 203
390, 204
391, 204
392, 204
393, 204
394, 204
395, 204
396, 204
397, 204
398, 204
399, 204
400, 204
401, 204
402, 203
403, 203
404, 203
405, 202
406, 202
407, 201
408, 201
409, 200
410, 200
411, 200
412, 200
413, 200
414, 200
415, 200
416, 201
417, 201
418, 201
419, 201
420, 201
421, 201
422, 201
423, 201
424, 201
425, 201
426, 201
427, 201
428, 201
429, 201
430, 201
431, 201
432, 201
433, 201
434, 201
435, 202
436, 202
437, 202
438, 201
439, 201
440, 201
441, 201
442, 201
443, 201
444, 201
445, 201
446, 201
447, 201
448, 200
449, 200
450, 200
451, 200
452, 200
453, 200
454, 200
455, 200
456, 200
457, 200
458, 200
459, 200
460, 200
461, 200
462, 200
463, 200
464, 200
465, 200
466, 200
467, 200
468, 200
469, 200
470, 200
471, 200
472, 200
473, 200
474, 200
475, 200
476, 200
477, 200
478, 199
479, 199
480, 199
481, 199
482, 199
483, 199
484, 199
485, 199
486, 199
487, 199
488, 199
489, 198
490, 199
491, 199
492, 199
493, 199
494, 199
495, 199
496, 199
497, 199
498, 199
499, 199
500, 199
501, 199
502, 199
503, 199
504, 199
505, 199
506, 198
507, 198
508, 198
509, 198
510, 198
511, 198
512, 198
513, 198
514, 198
515, 198
516, 198
517, 198
518, 198
519, 199
520, 199
521, 199
522, 199
523, 199
524, 199
525, 199
526, 199
527, 200
527, 201
526, 201
525, 202
524, 202
523, 202
522, 203
521, 203
520, 203
519, 204
518, 204
517, 204
516, 205
516, 206
516, 207
517, 208
518, 208
519, 208
520, 208
521, 208
522, 208
523, 208
524, 208
525, 208
526, 208
527, 208
528, 208
529, 207
530, 207
531, 207
532, 207
533, 207
534, 207
535, 207
536, 207
537, 207
538, 206
539, 206
540, 206
541, 206
542, 206
543, 205
544, 205
545, 205
546, 205
547, 205
548, 204
549, 204
550, 204
551, 204
552, 204
553, 204
554, 204
555, 204
556, 204
557, 204
558, 204
559, 204
560, 204
561, 204
562, 204
563, 204
564, 204
565, 203
566, 204
567, 204
568, 204
568, 205
568, 206
568, 207
569, 208
570, 209
571, 209
572, 209
573, 209
574, 209
575, 209
576, 209
577, 209
578, 209
579, 209
580, 209
581, 209
582, 209
583, 209
584, 210
585, 211
586, 212
587, 212
588, 212
589, 212
590, 213
591, 214
591, 215
591, 216
591, 217
592, 218
592, 219
591, 220
591, 221
591, 222
591, 223
591, 224
591, 225
590, 226
590, 227
590, 228
590, 229
590, 230
590, 231
590, 232
590, 233
590, 234
590, 235
589, 236
589, 237
589, 238
589, 239
589, 240
589, 241
589, 242
589, 243
589, 244
589, 245
589, 246
589, 247
589, 248
589, 249
589, 250
588, 251
588, 252
588, 253
588, 254
588, 255
588, 256
588, 257
588, 258
588, 259
588, 260
588, 261
588, 262
588, 263
588, 264
588, 265
587, 266
587, 267
587, 268
587, 269
587, 270
587, 271
587, 272
587, 273
587, 274
587, 275
587, 276
587, 277
587, 278
587, 279
586, 280
586, 281
586, 282
586, 283
586, 284
586, 285
586, 286
586, 287
586, 288
585, 289
585, 290
585, 291
585, 292
585, 293
585, 294
585, 295
585, 296
584, 297
584, 298
584, 299
584, 300
584, 301
584, 302
584, 303
584, 304
584, 305
584, 306
584, 307
583, 308
583, 309
583, 310
583, 311
583, 312
583, 313
583, 314
583, 315
583, 316
583, 317
583, 318
583, 319
583, 320
583, 321
582, 322
582, 323
582, 324
582, 325
582, 326
582, 327
582, 328
582, 329
582, 330
582, 331
582, 332
581, 333
581, 334
581, 335
581, 336
581, 337
581, 338
581, 339
581, 340
581, 341
581, 342
581, 343
581, 344
581, 345
580, 346
580, 347
580, 348
580, 349
580, 350
580, 351
580, 352
580, 353
580, 354
580, 355
580, 356
579, 357
579, 358
579, 359
579, 360
579, 361
579, 362
579, 363
579, 364
579, 365
579, 366
579, 367
579, 368
578, 369
578, 370
578, 371
578, 372
578, 373
578, 374
578, 375
578, 376
578, 377
578, 378
578, 379
577, 380
577, 381
577, 382
577, 383
577, 384
577, 385
577, 386
577, 387
577, 388
577, 389
577, 390
577, 391
577, 392
576, 393
576, 394
576, 395
576, 396
576, 397
576, 398
576, 399
576, 400
576, 401
576, 402
576, 403
575, 404
575, 405
575, 406
575, 407
575, 408
575, 409
575, 410
575, 411
574, 412
574, 413
574, 414
574, 415
574, 416
574, 417
574, 418
574, 419
574, 420
574, 421
574, 422
573, 423
573, 424
573, 425
573, 426
573, 427
573, 428
573, 429
572, 430
572, 431
572, 432
572, 433
572, 434
572, 435
572, 436
572, 437
572, 438
572, 439
572, 440
571, 441
571, 442
571, 443
571, 444
571, 445
570, 446
570, 447
570, 448
570, 449
570, 450
570, 451
570, 452
570, 453
569, 454
569, 455
569, 456
569, 457
569, 458
569, 459
569, 460
569, 461
569, 462
569, 463
569, 464
568, 465
568, 466
568, 467
568, 468
567, 469
567, 470
567, 471
567, 472
567, 473
567, 474
567, 475
567, 476
566, 477
566, 478
566, 479
566, 480
566, 481
566, 482
566, 483
566, 484
566, 485
566, 486
565, 487
565, 488
565, 489
565, 490
565, 491
565, 492
565, 493
565, 494
565, 495
565, 496
565, 497
564, 498
564, 499
564, 500
564, 501
564, 502
563, 503
563, 504
563, 505
562, 506
562, 507
562, 508
562, 509
562, 510
561, 511
561, 512
561, 513
561, 514
561, 515
560, 516
560, 517
559, 517
558, 518
557, 518
556, 519
555, 519
554, 519
553, 519
552, 519
551, 519
550, 519
549, 519
548, 519
547, 519
546, 519
545, 519
544, 519
543, 519
542, 519
541, 519
540, 519
539, 519
538, 519
537, 520
536, 520
535, 520
534, 520
533, 520
532, 520
531, 520
530, 520
529, 520
528, 520
527, 520
526, 520
525, 521
524, 521
523, 522
522, 522
521, 522
520, 521
519, 521
518, 521
517, 521
516, 521
515, 521
514, 521
513, 521
512, 521
511, 521
510, 521
509, 521
508, 521
507, 521
506, 521
505, 521
504, 521
503, 521
502, 522
501, 522
500, 522
499, 522
498, 522
497, 522
496, 522
495, 521
494, 521
493, 521
492, 522
491, 522
490, 522
489, 522
488, 522
487, 522
486, 522
485, 522
484, 521
483, 521
482, 521
481, 521
480, 521
479, 521
478, 522
477, 522
476, 522
475, 522
474, 522
473, 521
472, 521
471, 521
470, 521
469, 521
468, 521
467, 522
466, 521
465, 521
464, 521
463, 521
462, 521
461, 521
460, 521
459, 521
458, 521
457, 521
456, 521
455, 521
454, 521
453, 522
452, 522
451, 522
450, 522
449, 522
448, 522
447, 522
446, 522
445, 522
444, 522
443, 522
442, 523
441, 523
440, 523
439, 523
438, 523
437, 523
436, 523
435, 523
434, 523
433, 523
432, 523
431, 523
430, 523
429, 523
428, 523
427, 524
426, 524
425, 524
424, 524
423, 523
422, 523
421, 523
420, 523
419, 524
418, 524
417, 524
416, 523
415, 523
414, 523
413, 523
412, 523
411, 523
410, 522
409, 522
408, 522
407, 522
406, 523
405, 523
404, 523
403, 523
402, 522
401, 522
400, 522
399, 522
398, 522
397, 521
396, 521
395, 521
394, 521
393, 521
392, 521
391, 521
390, 521
389, 521
388, 521
387, 521
386, 521
385, 521
384, 521
383, 522
382, 522
381, 522
380, 521
379, 521
378, 521
377, 521
376, 521
375, 521
374, 522
373, 522
372, 521
371, 521
370, 521
369, 521
368, 521
367, 521
366, 521
365, 521
364, 521
363, 521
362, 521
361, 521
360, 522
359, 521
358, 521
357, 521
356, 521
355, 522
354, 522
353, 522
352, 521
351, 521
350, 521
349, 521
348, 521
347, 521
346, 521
345, 521
344, 521
343, 521
342, 521
341, 521
340, 521
339, 521
338, 521
337, 521
336, 521
335, 521
334, 521
333, 520
332, 519
331, 519
330, 519
329, 519
328, 519
327, 519
326, 519
325, 519
324, 519
323, 519
322, 520
321, 520
320, 520
319, 519
318, 519
317, 519
316, 519
315, 519
314, 519
313, 520
312, 520
311, 520
310, 520
309, 520
308, 520
307, 520
306, 520
305, 519
304, 519
303, 519
302, 519
301, 520
300, 521
299, 521
298, 521
297, 521
296, 521
295, 521
294, 521
293, 520
292, 520
291, 520
290, 520
289, 520
288, 519
287, 519
286, 519
285, 519
284, 519
283, 519
282, 519
281, 519
280, 519
279, 519
278, 519
277, 519
276, 519
275, 519
274, 519
273, 519
272, 519
271, 519
270, 519
269, 519
268, 519
267, 518
266, 518
265, 518
264, 517
263, 517
262, 517
261, 517
260, 517
259, 517
258, 517
257, 517
256, 517
255, 517
254, 517
253, 517
252, 517
251, 517
250, 517
249, 517
248, 517
247, 517
246, 517
245, 517
244, 517
243, 517
242, 517
241, 517
240, 517
239, 517
238, 517
237, 517
236, 517
235, 517
234, 517
233, 517
232, 517
231, 517
230, 517
229, 517
228, 517
227, 517
226, 517
225, 517
224, 517
223, 517
222, 516
221, 516
220, 516
219, 516
218, 516
217, 516
216, 516
215, 516
214, 516
213, 515
212, 515
211, 515
210, 515
209, 515
208, 515
207, 515
206, 514
205, 514
204, 514
203, 514
202, 514
201, 514
200, 514
199, 514
198, 513
197, 513
196, 513
195, 513
194, 513
193, 513
192, 513
191, 513
190, 513
189, 513
188, 513
187, 513
186, 513
185, 513
184, 513
183, 513
182, 512
181, 512
180, 512
179, 512
178, 512
177, 512
176, 512
175, 512
174, 512
173, 512
172, 513
171, 513
170, 513
169, 513
168, 513
167, 513
166, 513
165, 512
164, 512
163, 512
162, 512
161, 512
160, 512
159, 512
158, 512
157, 512
156, 512
155, 512
154, 512
153, 512
152, 512
151, 512
150, 512
149, 512
148, 511
147, 511
146, 511
145, 511
144, 511
143, 511
142, 511
141, 511
140, 511
139, 510
138, 510
137, 510
136, 510
135, 510
134, 510
133, 510
132, 510
131, 510
130, 510
129, 510
128, 510
127, 510
126, 510
125, 509
124, 509
123, 509
122, 510
121, 510
120, 510
119, 510
118, 510
117, 510
116, 510
115, 510
114, 509
113, 509
112, 509
111, 509
110, 509
109, 510
108, 510
107, 510
106, 510
105, 510
104, 510
103, 510
102, 510
101, 510
100, 510
99, 510
98, 510
97, 510
96, 510
95, 510
94, 510
93, 510
92, 510
91, 510
90, 510
89, 510
88, 510
87, 510
86, 510
85, 510
84, 509
84, 508
83, 507
82, 507
81, 506
80, 505
79, 504
79, 503
79, 502
79, 501
79, 500
79, 499
79, 498
79, 497
79, 496
79, 495
79, 494
79, 493
79, 492
79, 491
79, 490
79, 489
79, 488
79, 487
79, 486
79, 485
79, 484
79, 483
79, 482
79, 481
79, 480
79, 479
79, 478
