59, 284
59, 283
59, 282
59, 281
59, 280
59, 279
59, 278
59, 277
59, 276
59, 275
59, 274
59, 273
59, 272
59, 271
59, 270
60, 269
60, 268
60, 267
60, 266
60, 265
60, 264
60, 263
60, 262
60, 261
60, 260
61, 259
61, 258
61, 257
62, 256
62, 255
62, 254
62, 253
62, 252
62, 251
62, 250
62, 249
62, 248
63, 247
63, 246
64, 245
64, 244
64, 243
64, 242
64, 241
65, 240
65, 239
65, 238
66, 237
66, 236
66, 235
66, 234
66, 233
66, 232
66, 231
66, 230
67, 229
67, 228
67, 227
68, 226
68, 225
68, 224
68, 223
68, 222
69, 221
69, 220
69, 219
69, 218
70, 217
70, 216
70, 215
70, 214
70, 213
70, 212
71, 211
71, 210
71, 209
71, 208
71, 207
71, 206
72, 205
72, 204
73, 203
73, 202
74, 201
74, 200
75, 199
75, 198
76, 197
76, 196
77, 195
77, 194
78, 193
78, 192
79, 191
79, 190
80, 189
80, 188
81, 187
81, 186
82, 185
82, 184
83, 183
84, 182
84, 181
84, 180
85, 179
86, 178
87, 177
87, 176
88, 175
88, 174
89, 173
90, 172
90, 171
91, 170
92, 169
92, 168
93, 167
93, 166
94, 165
94, 164
95, 163
96, 162
97, 161
97, 160
98, 159
98, 158
99, 157
100, 156
101, 155
102, 154
102, 153
103, 152
104, 151
104, 150
105, 149
106, 148
107, 147
107, 146
108, 145
109, 144
110, 143
110, 142
111, 141
112, 140
112, 139
113, 138
114, 137
115, 136
116, 135
116, 134
117, 133
118, 132
119, 131
120, 130
120, 129
121, 128
122, 128
123, 127
123, 126
124, 125
125, 124
126, 123
127, 122
128, 121
129, 120
130, 119
131, 118
132, 117
133, 116
134, 115
135, 114
136, 113
137, 112
138, 111
139, 111
140, 110
141, 109
142, 108
142, 107
143, 106
144, 106
145, 105
146, 104
147, 103
148, 102
149, 102
150, 101
151, 100
152, 99
153, 98
154, 97
155, 97
156, 96
157, 96
158, 95
159, 94
160, 94
161, 93
162, 92
163, 91
164, 90
165, 90
166, 89
167, 88
168, 88
169, 87
170, 87
171, 86
172, 85
173, 85
174, 84
175, 84
176, 83
177, 82
178, 82
179, 81
180, 81
181, 80
182, 79
183, 79
184, 78
185, 78
186, 77
187, 76
188, 75
189, 75
190, 75
191, 74
192, 73
193, 73
194, 72
195, 72
196, 72
197, 71
198, 70
199, 69
200, 69
201, 69
202, 68
203, 68
204, 67
205, 67
206, 66
207, 66
208, 65
209, 65
210, 64
211, 64
212, 63
213, 63
214, 62
215, 62
216, 62
217, 61
218, 61
219, 60
220, 59
221, 59
222, 59
223, 58
224, 58
225, 58
226, 58
227, 57
228, 57
229, 56
230, 56
231, 56
232, 56
233, 55
234, 55
235, 55
236, 54
237, 54
238, 54
239, 54
240, 53
241, 53
242, 52
243, 52
244, 51
245, 51
246, 50
247, 50
248, 50
249, 49
250, 49
251, 48
252, 48
253, 47
254, 47
255, 47
256, 47
257, 46
258, 46
259, 46
260, 46
261, 45
262, 45
263, 45
264, 45
265, 45
266, 45
267, 44
268, 44
269, 44
270, 44
271, 44
272, 44
273, 44
274, 43
275, 43
276, 43
277, 43
278, 43
279, 43
280, 43
281, 43
282, 43
283, 43
284, 42
285, 42
286, 42
287, 42
288, 42
289, 42
290, 42
291, 42
292, 42
293, 42
294, 42
295, 42
296, 42
297, 41
298, 41
299, 42
300, 42
301, 42
302, 42
303, 42
304, 42
305, 42
306, 42
307, 42
308, 42
309, 43
310, 43
311, 43
312, 43
313, 43
314, 43
315, 43
316, 43
317, 43
318, 44
319, 44
320, 44
321, 44
322, 44
323, 44
324, 44
325, 44
326, 44
327, 45
328, 45
329, 45
330, 45
331, 45
332, 45
333, 46
334, 46
335, 46
336, 46
337, 46
338, 46
339, 46
340, 47
341, 47
342, 48
343, 48
344, 48
345, 48
346, 48
347, 48
348, 49
349, 49
350, 49
351, 50
352, 50
353, 50
354, 50
355, 50
356, 51
357, 51
358, 51
359, 52
360, 52
361, 52
362, 52
363, 52
364, 53
365, 53
366, 53
367, 53
368, 54
369, 54
370, 54
371, 55
372, 55
373, 55
374, 55
375, 55
376, 55
377, 55
378, 55
379, 55
380, 55
381, 55
382, 54
383, 54
384, 53
385, 53
386, 53
387, 53
388, 54
389, 54
390, 54
391, 55
392, 56
393, 56
394, 56
395, 57
396, 57
397, 58
398, 59
399, 60
400, 61
401, 61
402, 62
403, 62
404, 62
405, 63
406, 63
407, 64
408, 64
409, 65
410, 65
411, 66
412, 66
413, 67
414, 67
415, 68
416, 68
417, 68
418, 69
419, 70
420, 70
421, 71
422, 71
423, 72
424, 72
425, 73
426, 73
427, 74
428, 74
429, 74
430, 75
431, 75
432, 76
433, 76
434, 77
435, 77
436, 78
437, 78
438, 79
439, 79
440, 79
441, 80
442, 81
443, 81
444, 82
445, 82
446, 83
447, 83
448, 84
449, 84
450, 84
451, 85
452, 85
453, 86
454, 86
455, 86
456, 87
457, 87
458, 88
459, 89
460, 90
461, 91
462, 92
463, 93
464, 94
465, 94
466, 95
467, 96
468, 97
469, 98
470, 98
471, 99
472, 100
473, 101
474, 101
475, 102
476, 103
477, 104
478, 105
479, 106
480, 107
480, 108
481, 109
482, 109
483, 110
484, 111
485, 112
486, 112
487, 112
488, 113
489, 114
490, 115
491, 116
492, 116
493, 117
494, 118
495, 119
496, 120
497, 121
498, 122
499, 123
500, 124
501, 125
502, 126
502, 127
503, 128
503, 129
504, 130
504, 131
505, 132
505, 133
506, 134
507, 135
508, 136
509, 137
510, 138
511, 139
511, 140
512, 141
513, 142
513, 143
514, 144
514, 145
515, 146
515, 147
516, 148
517, 149
518, 150
519, 151
520, 152
521, 153
522, 154
523, 154
523, 155
524, 156
524, 157
525, 158
525, 159
525, 160
525, 161
526, 162
526, 163
526, 164
527, 165
527, 166
528, 167
528, 168
528, 169
528, 170
529, 171
530, 172
531, 173
532, 174
533, 174
533, 175
534, 176
534, 177
534, 178
534, 179
534, 180
534, 181
534, 182
534, 183
535, 184
535, 185
535, 186
535, 187
536, 188
536, 189
536, 190
536, 191
537, 192
537, 193
537, 194
537, 195
537, 196
538, 197
538, 198
538, 199
539, 200
539, 201
539, 202
539, 203
539, 204
539, 205
539, 206
539, 207
540, 208
540, 209
540, 210
540, 211
541, 212
541, 213
541, 214
541, 215
542, 216
542, 217
542, 218
542, 219
542, 220
543, 221
543, 222
543, 223
543, 224
543, 225
544, 226
544, 227
544, 228
544, 229
544, 230
544, 231
544, 232
545, 233
545, 234
545, 235
545, 236
545, 237
546, 238
547, 239
548, 239
548, 240
548, 241
548, 242
548, 243
548, 244
548, 245
549, 246
549, 247
549, 248
549, 249
549, 250
549, 251
549, 252
549, 253
549, 254
549, 255
549, 256
549, 257
549, 258
549, 259
549, 260
549, 261
549, 262
550, 263
550, 264
550, 265
550, 266
550, 267
550, 268
551, 269
551, 270
551, 271
552, 272
552, 273
552, 274
552, 275
552, 276
552, 277
553, 278
553, 279
553, 280
553, 281
553, 282
553, 283
554, 284
554, 285
554, 286
554, 287
554, 288
555, 289
555, 290
555, 291
555, 292
556, 293
556, 294
556, 295
555, 296
555, 297
555, 298
555, 299
555, 300
555, 301
555, 302
555, 303
555, 304
555, 305
555, 306
555, 307
555, 308
555, 309
555, 310
555, 311
555, 312
555, 313
555, 314
555, 315
555, 316
554, 317
554, 318
554, 319
554, 320
554, 321
554, 322
554, 323
553, 324
553, 325
553, 326
553, 327
553, 328
553, 329
552, 330
552, 331
552, 332
552, 333
552, 334
551, 335
551, 336
551, 337
551, 338
551, 339
551, 340
551, 341
551, 342
550, 343
550, 344
550, 345
550, 346
550, 347
550, 348
550, 349
550, 350
550, 351
550, 352
549, 353
549, 354
549, 355
548, 356
548, 357
548, 358
548, 359
547, 360
547, 361
547, 362
547, 363
547, 364
547, 365
547, 366
546, 367
546, 368
545, 369
545, 370
544, 371
544, 372
544, 373
543, 374
543, 375
543, 376
542, 377
542, 378
541, 379
541, 380
540, 381
540, 382
540, 383
539, 384
539, 385
538, 386
537, 387
536, 388
536, 389
536, 390
535, 390
534, 391
533, 392
532, 392
531, 393
530, 394
530, 395
529, 396
529, 397
529, 398
529, 399
528, 400
527, 401
526, 402
526, 403
525, 404
525, 405
524, 406
524, 407
524, 408
523, 409
522, 410
522, 411
522, 412
521, 413
520, 414
519, 415
519, 416
518, 417
518, 418
518, 419
517, 420
517, 421
516, 422
515, 423
514, 424
514, 425
513, 426
513, 427
512, 428
512, 429
511, 430
510, 431
510, 432
509, 433
508, 434
508, 435
508, 436
508, 437
507, 438
506, 438
505, 439
505, 440
504, 441
504, 442
504, 443
504, 444
504, 445
503, 445
502, 446
501, 447
501, 448
500, 449
499, 450
499, 451
498, 451
497, 452
496, 453
495, 454
494, 455
493, 456
492, 457
491, 458
490, 459
489, 459
488, 460
487, 461
486, 462
485, 463
485, 464
484, 465
483, 465
482, 466
481, 467
480, 468
479, 469
478, 470
477, 471
476, 472
476, 473
475, 473
474, 474
473, 475
472, 476
471, 477
470, 478
469, 479
469, 480
468, 480
467, 481
466, 482
465, 483
464, 483
463, 484
462, 485
461, 486
460, 487
459, 488
458, 489
457, 489
456, 489
455, 490
455, 491
454, 492
454, 493
454, 494
453, 495
452, 496
451, 496
450, 497
449, 497
448, 498
447, 499
446, 500
445, 500
444, 500
443, 501
443, 502
442, 502
441, 503
440, 504
439, 504
438, 504
437, 504
436, 505
435, 505
434, 505
433, 505
432, 506
431, 506
430, 506
429, 507
428, 508
427, 508
426, 509
426, 510
425, 510
424, 511
423, 511
422, 512
421, 512
420, 512
419, 513
418, 514
417, 515
416, 516
415, 516
414, 517
413, 517
412, 517
411, 517
410, 518
409, 518
408, 518
407, 519
406, 519
405, 519
404, 519
403, 520
402, 521
401, 521
400, 522
399, 522
398, 522
397, 523
396, 523
395, 524
394, 524
393, 524
392, 525
391, 525
390, 526
389, 526
388, 527
387, 527
386, 527
385, 528
384, 529
383, 529
382, 529
381, 529
380, 529
379, 530
378, 530
377, 530
376, 531
375, 531
374, 531
373, 532
372, 532
371, 532
370, 532
369, 533
368, 533
367, 533
366, 534
365, 534
364, 534
363, 535
362, 535
361, 535
360, 536
359, 536
358, 536
357, 536
356, 537
355, 537
354, 537
353, 538
352, 538
351, 538
350, 539
349, 539
348, 539
347, 539
346, 539
345, 540
344, 541
343, 541
342, 541
341, 542
340, 541
339, 541
338, 541
337, 542
336, 542
335, 543
334, 542
333, 542
332, 542
331, 542
330, 543
329, 543
328, 543
327, 542
326, 542
325, 542
324, 542
323, 542
322, 542
321, 542
320, 542
319, 542
318, 542
317, 542
316, 543
315, 543
314, 543
313, 543
312, 543
311, 544
310, 544
309, 543
308, 543
307, 543
306, 543
305, 543
304, 543
303, 543
302, 542
301, 542
300, 542
299, 542
298, 542
297, 542
296, 542
295, 542
294, 542
293, 542
292, 542
291, 542
290, 542
289, 542
288, 542
287, 541
286, 541
285, 541
284, 541
283, 541
282, 541
281, 541
280, 541
279, 541
278, 541
277, 541
276, 542
275, 541
274, 541
273, 540
272, 539
271, 539
270, 539
269, 539
268, 539
267, 539
266, 539
265, 539
264, 539
263, 539
262, 538
261, 538
260, 538
259, 538
258, 537
257, 537
256, 537
255, 537
254, 537
253, 537
252, 537
251, 537
250, 537
249, 537
248, 537
247, 537
246, 537
245, 536
244, 536
243, 536
242, 536
241, 535
240, 535
239, 535
238, 535
237, 534
236, 534
235, 534
234, 533
233, 533
232, 533
231, 532
230, 532
229, 532
228, 532
227, 531
226, 531
225, 530
224, 530
223, 530
222, 529
221, 528
220, 528
219, 528
218, 528
217, 527
216, 527
215, 526
214, 526
213, 526
212, 526
211, 525
210, 524
209, 524
208, 524
207, 523
206, 522
205, 521
204, 521
203, 521
202, 521
202, 520
201, 519
200, 519
199, 518
198, 518
197, 517
196, 517
195, 516
194, 516
193, 515
192, 514
191, 514
190, 514
189, 513
188, 513
187, 512
186, 511
185, 510
184, 509
183, 509
182, 508
181, 508
180, 507
179, 506
178, 505
177, 505
176, 504
175, 504
174, 503
173, 502
172, 501
171, 501
170, 500
169, 499
168, 499
167, 498
166, 497
165, 496
164, 496
163, 495
162, 495
162, 494
161, 493
160, 493
159, 492
158, 492
157, 491
156, 491
155, 490
155, 489
154, 488
153, 488
152, 487
151, 487
150, 486
149, 485
148, 485
148, 484
147, 483
146, 482
145, 481
144, 481
143, 480
142, 479
141, 478
140, 477
140, 476
139, 475
138, 475
137, 475
137, 474
136, 473
135, 472
134, 471
133, 471
133, 470
132, 469
131, 468
130, 467
129, 467
129, 466
128, 465
127, 464
127, 463
126, 462
125, 462
124, 461
123, 460
122, 459
122, 458
121, 457
120, 456
119, 455
118, 454
117, 453
117, 452
116, 451
115, 451
115, 450
114, 449
113, 448
112, 448
111, 447
110, 446
109, 445
109, 444
108, 443
107, 442
106, 442
106, 441
105, 440
104, 439
103, 438
103, 437
103, 436
103, 435
102, 434
101, 434
100, 433
100, 432
99, 431
98, 430
97, 429
96, 428
96, 427
96, 426
95, 425
94, 424
93, 423
92, 422
92, 421
92, 420
91, 419
90, 419
89, 418
88, 417
88, 416
87, 415
86, 414
85, 413
85, 412
85, 411
84, 410
83, 409
83, 408
83, 407
83, 406
82, 405
81, 404
81, 403
81, 402
80, 401
80, 400
79, 399
79, 398
79, 397
78, 396
77, 395
77, 394
77, 393
76, 392
76, 391
76, 390
75, 389
75, 388
75, 387
75, 386
74, 385
73, 384
73, 383
73, 382
73, 381
73, 380
72, 379
71, 379
71, 378
71, 377
71, 376
71, 375
71, 374
71, 373
70, 372
70, 371
70, 370
70, 369
70, 368
69, 367
69, 366
69, 365
69, 364
68, 363
68, 362
68, 361
68, 360
68, 359
67, 358
67, 357
66, 356
66, 355
66, 354
66, 353
66, 352
65, 351
65, 350
65, 349
65, 348
64, 347
64, 346
64, 345
64, 344
63, 343
63, 342
63, 341
63, 340
62, 339
61, 338
61, 337
61, 336
61, 335
61, 334
61, 333
61, 332
60, 331
60, 330
60, 329
60, 328
60, 327
60, 326
60, 325
60, 324
59, 323
59, 322
59, 321
59, 320
59, 319
59, 318
59, 317
59, 316
59, 315
59, 314
58, 313
58, 312
58, 311
58, 310
58, 309
58, 308
58, 307
58, 306
58, 305
58, 304
58, 303
58, 302
58, 301
58, 300
58, 299
58, 298
58, 297
58, 296
58, 295
58, 294
58, 293
58, 292
58, 291
58, 290
58, 289
58, 288
58, 287
58, 286
58, 285
