76, 770
76, 769
76, 768
76, 767
76, 766
76, 765
76, 764
76, 763
76, 762
76, 761
76, 760
76, 759
76, 758
76, 757
76, 756
76, 755
76, 754
76, 753
76, 752
76, 751
76, 750
76, 749
76, 748
76, 747
76, 746
76, 745
76, 744
76, 743
76, 742
76, 741
76, 740
76, 739
76, 738
77, 737
77, 736
77, 735
77, 734
77, 733
77, 732
77, 731
77, 730
77, 729
77, 728
78, 727
78, 726
78, 725
78, 724
78, 723
78, 722
78, 721
78, 720
78, 719
78, 718
78, 717
79, 716
79, 715
79, 714
79, 713
79, 712
80, 711
80, 710
80, 709
80, 708
80, 707
81, 706
81, 705
81, 704
81, 703
82, 702
82, 701
82, 700
82, 699
82, 698
83, 697
83, 696
83, 695
84, 694
84, 693
84, 692
84, 691
85, 690
85, 689
85, 688
86, 687
86, 686
86, 685
86, 684
87, 683
87, 682
88, 681
88, 680
88, 679
89, 678
89, 677
90, 676
90, 675
90, 674
91, 673
91, 672
92, 671
92, 670
92, 669
93, 668
93, 667
94, 666
94, 665
95, 664
95, 663
96, 662
96, 661
97, 660
97, 659
98, 658
98, 657
99, 656
99, 655
100, 654
100, 653
101, 652
101, 651
102, 650
102, 649
103, 648
103, 647
104, 646
105, 645
105, 644
106, 643
106, 642
107, 641
107, 640
108, 639
109, 638
110, 637
110, 636
111, 635
112, 634
112, 633
113, 632
114, 631
114, 630
115, 629
116, 628
117, 627
117, 626
118, 625
119, 624
119, 623
120, 622
121, 621
122, 620
123, 619
123, 618
124, 617
125, 616
126, 615
127, 614
128, 613
128, 612
129, 611
130, 610
131, 609
132, 608
133, 607
134, 606
135, 605
135, 604
136, 603
137, 602
138, 601
139, 600
140, 599
141, 598
142, 597
143, 596
144, 595
145, 594
146, 593
147, 592
148, 591
149, 590
150, 589
151, 588
152, 587
153, 586
154, 585
155, 584
156, 584
157, 583
158, 582
158, 581
159, 581
160, 580
161, 579
162, 578
163, 577
164, 576
165, 575
166, 575
167, 574
167, 573
168, 573
169, 572
169, 571
170, 571
171, 570
172, 569
173, 568
174, 567
175, 566
176, 565
177, 564
178, 563
179, 562
180, 561
181, 560
182, 560
183, 559
183, 558
184, 558
185, 557
186, 556
187, 555
188, 554
189, 553
190, 552
191, 551
192, 550
193, 549
194, 549
195, 548
196, 547
197, 546
198, 545
199, 544
200, 543
201, 542
202, 541
203, 540
204, 540
205, 539
206, 538
207, 537
208, 536
209, 535
210, 534
211, 533
212, 532
213, 531
214, 530
215, 529
216, 528
217, 527
218, 526
219, 525
220, 524
221, 523
222, 522
223, 521
224, 520
225, 519
226, 518
227, 517
228, 516
229, 515
230, 514
231, 513
232, 512
233, 511
234, 510
234, 509
235, 508
236, 507
237, 506
238, 505
239, 504
239, 503
240, 502
241, 501
242, 500
242, 499
243, 498
244, 497
245, 496
246, 495
247, 494
247, 493
248, 492
249, 491
250, 490
251, 489
252, 488
252, 487
253, 486
254, 485
255, 484
255, 483
256, 482
257, 481
258, 480
258, 479
259, 478
260, 477
261, 477
262, 476
263, 476
264, 475
265, 474
265, 473
265, 472
266, 471
267, 470
267, 469
268, 468
268, 467
269, 466
269, 465
270, 464
270, 463
271, 462
271, 461
272, 460
272, 459
272, 458
273, 457
274, 456
275, 455
275, 454
276, 453
276, 452
277, 451
277, 450
278, 449
278, 448
278, 447
278, 446
277, 445
277, 444
277, 443
277, 442
276, 441
276, 440
276, 439
276, 438
275, 437
275, 436
275, 435
275, 434
275, 433
275, 432
274, 431
274, 430
274, 429
274, 428
273, 427
273, 426
273, 425
273, 424
273, 423
273, 422
273, 421
274, 420
274, 419
274, 418
274, 417
274, 416
274, 415
275, 414
275, 413
275, 412
275, 411
275, 410
275, 409
275, 408
275, 407
275, 406
275, 405
275, 404
275, 403
275, 402
275, 401
275, 400
275, 399
275, 398
275, 397
275, 396
275, 395
275, 394
275, 393
275, 392
275, 391
275, 390
275, 389
275, 388
274, 387
274, 386
274, 385
274, 384
274, 383
274, 382
274, 381
274, 380
274, 379
273, 378
273, 377
273, 376
273, 375
273, 374
273, 373
273, 372
272, 371
272, 370
272, 369
272, 368
272, 367
272, 366
272, 365
272, 364
272, 363
272, 362
271, 361
271, 360
271, 359
271, 358
271, 357
271, 356
270, 355
270, 354
270, 353
270, 352
270, 351
269, 350
269, 349
269, 348
269, 347
269, 346
269, 345
268, 344
268, 343
268, 342
267, 341
267, 340
267, 339
267, 338
267, 337
266, 336
266, 335
266, 334
265, 333
265, 332
265, 331
265, 330
264, 329
264, 328
264, 327
263, 326
263, 325
262, 324
262, 323
261, 322
261, 321
260, 320
260, 319
259, 318
258, 317
257, 316
256, 315
255, 314
254, 313
253, 312
252, 311
251, 311
250, 310
249, 309
248, 309
248, 308
247, 307
246, 307
245, 306
244, 305
243, 304
242, 303
243, 303
244, 303
245, 303
246, 304
247, 305
248, 305
249, 306
250, 306
251, 307
252, 308
253, 309
254, 310
255, 311
256, 312
257, 312
258, 312
258, 313
259, 314
260, 314
261, 315
262, 315
263, 316
263, 317
264, 318
265, 319
266, 320
267, 321
268, 322
268, 323
269, 324
269, 325
270, 326
270, 327
271, 328
271, 329
271, 330
272, 331
272, 332
273, 333
273, 334
273, 335
273, 336
274, 337
274, 338
274, 339
275, 340
275, 341
275, 342
275, 343
275, 344
276, 345
276, 346
276, 347
277, 348
277, 349
277, 350
278, 351
278, 352
279, 353
279, 354
279, 355
279, 356
280, 357
280, 358
281, 359
281, 360
281, 361
281, 362
282, 363
282, 364
282, 365
282, 366
283, 367
283, 368
283, 369
283, 370
284, 371
284, 372
285, 373
285, 374
285, 375
285, 376
285, 377
286, 378
286, 379
286, 380
286, 381
287, 382
287, 383
287, 384
287, 385
288, 386
288, 387
288, 388
289, 389
289, 390
289, 391
289, 392
289, 393
290, 394
290, 395
291, 396
291, 397
291, 398
291, 399
291, 400
292, 401
292, 402
292, 403
293, 404
293, 405
293, 406
293, 407
294, 408
294, 409
294, 410
294, 411
295, 412
295, 413
295, 414
295, 415
296, 416
296, 417
297, 418
298, 418
299, 419
300, 419
301, 419
302, 419
303, 419
304, 419
305, 418
306, 418
307, 418
308, 418
309, 417
310, 417
311, 417
312, 417
313, 417
314, 416
315, 417
316, 417
317, 417
318, 418
319, 418
320, 418
321, 418
322, 417
322, 416
323, 415
323, 414
324, 413
324, 412
325, 411
325, 410
325, 409
326, 408
326, 407
327, 406
327, 405
327, 404
328, 403
328, 402
329, 401
329, 400
329, 399
329, 398
330, 397
330, 396
330, 395
331, 394
331, 393
332, 392
332, 391
333, 390
333, 389
333, 388
333, 387
334, 386
334, 385
334, 384
334, 383
335, 382
335, 381
336, 380
336, 379
336, 378
336, 377
337, 376
337, 375
337, 374
338, 373
338, 372
338, 371
338, 370
339, 369
339, 368
339, 367
340, 366
340, 365
341, 364
341, 363
342, 362
342, 361
343, 360
343, 359
343, 358
343, 357
344, 357
345, 356
346, 355
346, 354
346, 353
347, 352
347, 351
348, 350
348, 349
348, 348
349, 347
349, 346
349, 345
349, 344
350, 343
350, 342
350, 341
350, 340
351, 339
351, 338
351, 337
351, 336
351, 335
351, 334
351, 333
351, 332
351, 331
351, 330
351, 329
351, 328
351, 327
352, 326
352, 325
352, 324
352, 323
352, 322
351, 321
351, 320
351, 319
351, 318
351, 317
351, 316
351, 315
351, 314
351, 313
350, 312
350, 311
349, 310
349, 309
348, 308
348, 307
347, 306
347, 305
346, 304
347, 305
347, 306
348, 307
349, 308
350, 309
350, 310
350, 311
351, 312
351, 313
352, 314
352, 315
353, 316
353, 317
354, 318
354, 319
354, 320
354, 321
355, 322
355, 323
355, 324
355, 325
355, 326
355, 327
355, 328
355, 329
355, 330
355, 331
355, 332
355, 333
355, 334
355, 335
355, 336
355, 337
355, 338
355, 339
355, 340
355, 341
355, 342
354, 343
354, 344
354, 345
354, 346
354, 347
353, 348
353, 349
353, 350
353, 351
353, 352
353, 353
352, 354
352, 355
352, 356
352, 357
352, 358
351, 359
351, 360
351, 361
351, 362
351, 363
350, 364
350, 365
350, 366
350, 367
349, 368
349, 369
349, 370
349, 371
349, 372
348, 373
348, 374
348, 375
347, 376
347, 377
347, 378
347, 379
347, 380
346, 381
346, 382
346, 383
345, 384
345, 385
345, 386
345, 387
345, 388
345, 389
345, 390
345, 391
345, 392
344, 393
344, 394
344, 395
344, 396
343, 397
343, 398
343, 399
343, 400
343, 401
343, 402
343, 403
343, 404
342, 405
342, 406
342, 407
342, 408
342, 409
342, 410
342, 411
342, 412
342, 413
342, 414
342, 415
342, 416
342, 417
342, 418
342, 419
342, 420
342, 421
342, 422
342, 423
342, 424
342, 425
342, 426
343, 427
343, 428
342, 429
342, 430
341, 431
341, 432
341, 433
340, 434
339, 435
338, 436
338, 437
338, 438
338, 439
338, 440
338, 441
337, 442
337, 443
337, 444
337, 445
337, 446
336, 447
336, 448
336, 449
337, 450
337, 451
337, 452
337, 453
337, 454
337, 455
337, 456
338, 457
338, 458
339, 459
339, 460
339, 461
339, 462
339, 463
340, 464
340, 465
340, 466
341, 467
341, 468
341, 469
341, 470
342, 471
342, 472
343, 473
343, 474
343, 475
343, 476
344, 477
344, 478
345, 479
345, 480
345, 481
346, 482
347, 482
348, 483
349, 483
350, 484
351, 485
351, 486
352, 487
353, 488
353, 489
353, 490
354, 491
355, 492
355, 493
356, 494
357, 495
357, 496
358, 497
359, 498
360, 499
360, 500
361, 501
362, 502
363, 503
363, 504
364, 505
365, 506
365, 507
366, 508
366, 509
367, 510
368, 511
369, 512
369, 513
370, 514
370, 515
371, 516
372, 517
372, 518
373, 519
374, 520
374, 521
375, 522
376, 523
376, 524
377, 525
378, 526
379, 527
379, 528
380, 529
381, 530
381, 531
382, 532
383, 533
383, 534
384, 535
385, 536
386, 537
386, 538
387, 539
388, 540
389, 541
389, 542
390, 543
391, 544
391, 545
392, 546
393, 547
394, 548
395, 549
395, 550
396, 551
397, 552
398, 553
399, 554
399, 555
400, 556
401, 557
402, 558
402, 559
403, 560
404, 561
405, 562
406, 563
407, 564
408, 565
408, 566
409, 567
410, 568
411, 569
412, 570
413, 571
413, 572
414, 573
415, 574
416, 575
417, 576
418, 577
418, 578
419, 579
420, 580
421, 581
422, 582
422, 583
423, 584
424, 585
425, 586
426, 587
427, 588
427, 589
428, 590
429, 591
430, 592
430, 593
431, 594
432, 595
433, 596
434, 597
434, 598
435, 599
436, 600
437, 601
438, 602
438, 603
439, 604
440, 605
441, 606
441, 607
442, 608
443, 609
444, 610
445, 611
446, 612
446, 613
447, 614
448, 615
449, 616
449, 617
450, 618
451, 619
452, 620
452, 621
453, 622
454, 623
455, 624
455, 625
456, 626
457, 627
457, 628
458, 629
459, 630
459, 631
460, 632
461, 633
461, 634
462, 635
463, 636
463, 637
464, 638
465, 639
465, 640
466, 641
467, 642
467, 643
468, 644
468, 645
469, 646
469, 647
470, 648
471, 649
471, 650
472, 651
472, 652
473, 653
473, 654
473, 655
474, 656
475, 657
475, 658
475, 659
476, 660
476, 661
477, 662
477, 663
478, 664
478, 665
479, 666
479, 667
479, 668
480, 669
481, 670
481, 671
481, 672
481, 673
482, 674
482, 675
483, 676
483, 677
483, 678
484, 679
484, 680
485, 681
485, 682
485, 683
485, 684
486, 685
486, 686
487, 687
487, 688
487, 689
487, 690
488, 691
488, 692
489, 693
489, 694
489, 695
489, 696
490, 697
490, 698
490, 699
491, 700
491, 701
491, 702
491, 703
491, 704
491, 705
492, 706
492, 707
493, 708
493, 709
493, 710
493, 711
493, 712
493, 713
493, 714
493, 715
494, 716
494, 717
494, 718
494, 719
494, 720
495, 721
495, 722
495, 723
495, 724
495, 725
495, 726
495, 727
495, 728
495, 729
495, 730
495, 731
495, 732
496, 733
496, 734
496, 735
496, 736
496, 737
496, 738
496, 739
496, 740
496, 741
497, 742
497, 743
497, 744
497, 745
497, 746
497, 747
496, 748
496, 749
496, 750
497, 751
497, 752
497, 753
497, 754
497, 755
496, 756
496, 757
496, 758
496, 759
496, 760
496, 761
496, 762
496, 763
496, 764
496, 765
495, 766
495, 767
495, 768
495, 769
495, 770
495, 771
495, 772
495, 773
495, 774
495, 775
494, 776
494, 777
494, 778
494, 779
493, 780
493, 781
493, 782
493, 783
493, 784
493, 785
493, 786
493, 787
493, 788
493, 789
493, 790
492, 791
492, 792
492, 793
492, 794
492, 795
492, 796
492, 797
492, 798
492, 799
492, 800
491, 801
491, 802
490, 803
489, 804
488, 805
487, 806
486, 807
485, 807
484, 808
483, 808
482, 808
481, 809
480, 809
479, 809
478, 808
477, 808
476, 808
475, 808
474, 807
473, 807
472, 806
471, 805
470, 804
470, 803
469, 802
468, 801
467, 800
467, 799
466, 798
466, 797
466, 796
465, 795
465, 794
465, 793
465, 792
465, 791
464, 790
464, 789
464, 788
464, 787
464, 786
464, 785
464, 784
464, 783
464, 782
464, 781
464, 780
464, 779
464, 778
464, 777
464, 776
464, 775
464, 774
464, 773
464, 772
464, 771
464, 770
464, 769
464, 768
464, 767
464, 766
464, 765
464, 764
464, 763
464, 762
465, 761
465, 760
465, 759
465, 758
465, 757
465, 756
465, 755
465, 754
465, 753
465, 752
465, 751
465, 750
465, 749
464, 748
464, 747
464, 746
464, 745
464, 744
464, 743
464, 742
464, 741
464, 740
464, 739
464, 738
464, 737
464, 736
464, 735
464, 734
464, 733
464, 732
464, 731
463, 730
463, 729
463, 728
463, 727
463, 726
463, 725
463, 724
462, 723
462, 722
462, 721
462, 720
462, 719
462, 718
461, 717
461, 716
461, 715
461, 714
460, 713
460, 712
460, 711
460, 710
459, 709
459, 708
459, 707
458, 706
458, 705
458, 704
458, 703
457, 702
457, 701
457, 700
456, 699
456, 698
456, 697
456, 696
455, 695
455, 694
455, 693
454, 692
454, 691
453, 690
453, 689
453, 688
452, 687
452, 686
452, 685
451, 684
451, 683
450, 682
450, 681
450, 680
449, 679
449, 678
448, 677
448, 676
447, 675
447, 674
446, 673
446, 672
445, 671
445, 670
444, 669
444, 668
443, 667
443, 666
442, 665
442, 664
441, 663
441, 662
440, 661
439, 660
439, 659
438, 658
437, 657
437, 656
436, 655
435, 654
435, 653
434, 652
433, 651
433, 650
432, 649
431, 648
431, 647
430, 646
429, 645
429, 644
428, 643
427, 642
426, 641
426, 640
425, 639
424, 638
423, 637
423, 636
422, 635
421, 634
420, 633
420, 632
419, 631
418, 630
417, 629
417, 628
416, 627
415, 626
414, 625
413, 624
412, 623
412, 622
411, 621
410, 620
409, 619
408, 618
407, 617
406, 616
406, 615
405, 614
404, 613
403, 612
402, 611
402, 610
401, 609
400, 608
399, 607
399, 606
398, 605
397, 604
396, 603
395, 602
395, 601
394, 600
393, 599
392, 598
391, 597
391, 596
390, 595
389, 594
389, 593
388, 592
387, 591
386, 590
385, 589
385, 588
384, 587
383, 586
382, 585
381, 584
380, 583
380, 582
379, 581
378, 580
378, 579
377, 578
376, 577
375, 576
374, 575
373, 574
373, 573
372, 572
371, 571
370, 570
370, 569
369, 568
368, 567
367, 566
367, 565
366, 564
365, 563
364, 562
364, 561
363, 560
362, 559
361, 558
361, 557
360, 556
359, 555
358, 554
358, 553
357, 552
356, 551
355, 550
355, 549
354, 548
354, 547
353, 546
352, 545
351, 544
351, 543
350, 542
349, 541
348, 540
347, 539
347, 538
346, 537
345, 536
345, 535
344, 534
343, 533
342, 532
342, 531
341, 530
340, 529
339, 528
338, 527
337, 526
336, 525
335, 524
334, 523
333, 522
332, 521
331, 520
331, 519
330, 518
329, 518
328, 517
327, 516
326, 515
325, 514
324, 513
323, 513
322, 513
321, 512
320, 512
319, 512
318, 512
317, 512
316, 512
315, 511
314, 511
313, 511
312, 511
311, 511
310, 511
309, 511
308, 511
307, 511
306, 511
305, 511
304, 511
303, 511
302, 511
301, 511
300, 510
299, 510
298, 510
297, 510
296, 510
295, 509
294, 509
293, 509
292, 509
291, 509
290, 509
289, 510
288, 510
287, 511
286, 511
285, 512
284, 512
283, 513
282, 513
281, 514
280, 515
279, 516
278, 516
277, 517
276, 518
275, 518
274, 519
273, 520
272, 521
271, 522
270, 523
269, 523
268, 524
268, 525
267, 525
266, 526
266, 527
265, 527
264, 528
263, 529
262, 530
261, 531
260, 532
259, 533
258, 534
257, 535
256, 536
255, 537
254, 538
253, 539
252, 540
251, 541
250, 542
249, 543
248, 544
248, 545
247, 546
246, 546
245, 547
244, 548
243, 549
242, 550
241, 551
240, 552
239, 553
238, 554
237, 555
236, 556
235, 557
234, 558
233, 559
232, 560
231, 561
230, 562
229, 563
228, 564
227, 565
226, 566
225, 567
224, 568
223, 569
222, 570
221, 571
220, 572
219, 573
218, 574
217, 575
216, 576
215, 577
214, 578
213, 579
212, 580
211, 581
210, 582
209, 582
208, 583
207, 584
207, 585
206, 585
205, 586
205, 587
204, 588
203, 588
202, 589
201, 590
200, 591
199, 592
198, 593
197, 594
196, 595
195, 596
194, 597
193, 598
192, 599
191, 600
190, 601
189, 602
188, 603
187, 604
186, 605
185, 606
184, 607
183, 608
182, 608
181, 609
180, 610
179, 611
178, 612
177, 612
176, 613
175, 614
174, 615
173, 616
172, 617
171, 618
170, 619
169, 620
168, 621
167, 622
166, 623
165, 624
164, 625
163, 626
162, 627
161, 628
160, 629
159, 630
158, 631
157, 632
156, 633
155, 634
154, 635
153, 636
152, 637
152, 638
151, 639
150, 640
149, 641
148, 642
147, 643
146, 644
146, 645
145, 646
144, 647
143, 648
142, 649
142, 650
141, 651
140, 652
139, 653
139, 654
138, 655
137, 656
136, 657
136, 658
135, 659
135, 660
134, 661
133, 662
133, 663
132, 664
132, 665
131, 666
130, 667
130, 668
129, 669
129, 670
128, 671
128, 672
127, 673
127, 674
126, 675
126, 676
125, 677
125, 678
124, 679
124, 680
123, 681
123, 682
122, 683
122, 684
121, 685
121, 686
120, 687
120, 688
120, 689
119, 690
119, 691
118, 692
118, 693
117, 694
117, 695
117, 696
117, 697
116, 698
116, 699
116, 700
115, 701
115, 702
115, 703
114, 704
114, 705
114, 706
113, 707
113, 708
113, 709
113, 710
112, 711
112, 712
112, 713
112, 714
112, 715
111, 716
111, 717
111, 718
111, 719
110, 720
110, 721
110, 722
110, 723
110, 724
110, 725
109, 726
109, 727
109, 728
109, 729
109, 730
109, 731
109, 732
108, 733
108, 734
108, 735
108, 736
108, 737
108, 738
107, 739
107, 740
107, 741
107, 742
107, 743
107, 744
107, 745
107, 746
107, 747
107, 748
107, 749
107, 750
106, 751
106, 752
106, 753
106, 754
106, 755
106, 756
105, 757
105, 758
105, 759
105, 760
105, 761
105, 762
105, 763
105, 764
104, 765
104, 766
104, 767
103, 768
103, 769
103, 770
103, 771
102, 772
102, 773
101, 774
101, 775
100, 776
99, 777
98, 778
97, 779
97, 780
96, 781
95, 782
94, 782
93, 783
92, 783
91, 784
90, 784
89, 784
88, 783
87, 783
86, 783
85, 783
84, 783
83, 782
82, 781
81, 781
80, 780
79, 780
78, 779
77, 778
77, 777
76, 776
76, 775
75, 774
75, 773
75, 772
75, 771
