71, 726
71, 725
71, 724
71, 723
71, 722
71, 721
71, 720
71, 719
71, 718
71, 717
71, 716
71, 715
71, 714
71, 713
71, 712
71, 711
71, 710
71, 709
71, 708
71, 707
72, 706
72, 705
72, 704
72, 703
72, 702
72, 701
72, 700
72, 699
72, 698
72, 697
73, 696
73, 695
73, 694
73, 693
73, 692
73, 691
73, 690
73, 689
74, 688
74, 687
74, 686
74, 685
74, 684
74, 683
74, 682
75, 681
75, 680
75, 679
75, 678
75, 677
76, 676
76, 675
76, 674
76, 673
77, 672
77, 671
77, 670
77, 669
77, 668
78, 667
78, 666
78, 665
79, 664
79, 663
79, 662
80, 661
80, 660
80, 659
80, 658
81, 657
81, 656
81, 655
82, 654
82, 653
82, 652
82, 651
82, 650
83, 649
83, 648
83, 647
84, 646
84, 645
84, 644
85, 643
85, 642
85, 641
85, 640
86, 639
86, 638
87, 637
87, 636
87, 635
87, 634
88, 633
88, 632
89, 631
89, 630
89, 629
90, 628
90, 627
90, 626
91, 625
91, 624
92, 623
92, 622
92, 621
93, 620
93, 619
94, 618
94, 617
95, 616
95, 615
95, 614
96, 613
96, 612
97, 611
97, 610
98, 609
98, 608
99, 607
99, 606
99, 605
100, 604
100, 603
101, 602
101, 601
102, 600
102, 599
103, 598
103, 597
103, 596
104, 595
105, 594
105, 593
106, 592
106, 591
106, 590
107, 589
107, 588
108, 587
108, 586
109, 585
109, 584
110, 583
110, 582
111, 581
111, 580
112, 579
112, 578
113, 577
113, 576
114, 575
114, 574
114, 573
115, 572
116, 571
116, 570
117, 569
117, 568
118, 567
118, 566
119, 565
119, 564
120, 563
120, 562
121, 561
121, 560
122, 559
122, 558
123, 557
123, 556
124, 555
124, 554
125, 553
125, 552
126, 551
126, 550
127, 549
127, 548
128, 547
128, 546
129, 545
129, 544
130, 543
130, 542
131, 541
131, 540
132, 539
132, 538
133, 537
133, 536
134, 535
134, 534
135, 533
135, 532
136, 531
136, 530
137, 529
137, 528
138, 527
138, 526
139, 525
139, 524
140, 523
140, 522
141, 521
141, 520
142, 519
142, 518
143, 517
143, 516
144, 515
144, 514
145, 513
145, 512
146, 511
146, 510
147, 509
147, 508
148, 507
148, 506
149, 505
149, 504
150, 503
150, 502
151, 501
151, 500
152, 499
152, 498
153, 497
153, 496
154, 495
154, 494
155, 493
155, 492
156, 491
156, 490
157, 489
157, 488
158, 487
158, 486
159, 485
160, 484
160, 483
160, 482
161, 481
161, 480
162, 479
162, 478
163, 477
164, 476
164, 475
164, 474
165, 473
165, 472
166, 471
166, 470
166, 469
167, 468
167, 467
168, 466
168, 465
169, 464
169, 463
170, 462
170, 461
170, 460
171, 459
171, 458
172, 457
172, 456
173, 455
173, 454
174, 453
174, 452
174, 451
175, 450
175, 449
176, 448
176, 447
177, 446
177, 445
178, 444
178, 443
178, 442
179, 441
179, 440
180, 439
180, 438
180, 437
181, 436
181, 435
182, 434
182, 433
183, 432
183, 431
183, 430
184, 429
184, 428
184, 427
185, 426
185, 425
185, 424
186, 423
187, 422
188, 422
189, 421
190, 420
191, 419
192, 419
193, 418
194, 417
195, 416
196, 416
197, 415
197, 414
197, 413
197, 412
197, 411
196, 410
196, 409
196, 408
196, 407
196, 406
196, 405
196, 404
196, 403
196, 402
196, 401
196, 400
196, 399
196, 398
196, 397
196, 396
196, 395
197, 394
197, 393
197, 392
197, 391
197, 390
197, 389
198, 388
198, 387
198, 386
198, 385
199, 384
199, 383
199, 382
199, 381
199, 380
199, 379
199, 378
199, 377
200, 376
200, 375
201, 374
201, 373
201, 372
200, 371
199, 370
198, 370
197, 370
196, 370
195, 370
195, 369
195, 368
196, 367
197, 367
198, 368
199, 369
200, 369
200, 370
201, 371
202, 371
202, 372
203, 373
203, 374
203, 375
204, 376
204, 377
205, 378
206, 378
207, 378
208, 377
208, 376
208, 375
208, 374
207, 373
207, 372
207, 371
207, 370
207, 369
206, 368
205, 368
205, 367
205, 366
205, 365
205, 364
204, 363
204, 362
203, 361
203, 360
203, 359
202, 358
202, 357
201, 356
201, 355
201, 354
201, 353
200, 352
200, 351
199, 350
199, 349
199, 348
198, 347
198, 346
197, 345
197, 344
197, 343
197, 342
196, 341
196, 340
196, 339
195, 338
195, 337
195, 336
194, 335
193, 334
193, 333
193, 332
192, 331
192, 330
191, 329
191, 328
191, 327
191, 326
191, 325
190, 324
189, 323
189, 322
189, 321
189, 320
188, 319
187, 318
187, 317
187, 316
186, 315
186, 314
186, 313
185, 312
185, 311
185, 310
184, 309
184, 308
184, 307
183, 306
183, 305
183, 304
182, 303
182, 302
181, 301
181, 300
181, 299
181, 298
180, 297
180, 296
179, 295
179, 294
179, 293
179, 292
178, 291
178, 290
178, 289
177, 288
177, 287
177, 286
177, 285
177, 284
176, 283
176, 282
175, 281
175, 280
175, 279
175, 278
175, 277
174, 276
174, 275
173, 274
173, 273
173, 272
173, 271
173, 270
172, 269
171, 268
171, 267
171, 266
171, 265
171, 264
170, 263
170, 262
169, 261
169, 260
169, 259
169, 258
169, 257
168, 256
167, 255
167, 254
167, 253
167, 252
167, 251
167, 250
166, 249
166, 248
165, 247
165, 246
165, 245
165, 244
165, 243
164, 242
163, 241
163, 240
163, 239
163, 238
163, 237
163, 236
163, 235
162, 234
161, 234
161, 233
161, 232
161, 231
161, 230
161, 229
161, 228
160, 227
159, 227
159, 226
159, 225
159, 224
159, 223
159, 222
158, 221
157, 220
157, 219
157, 218
157, 217
157, 216
157, 215
157, 214
156, 213
155, 212
155, 211
155, 210
155, 209
155, 208
154, 207
154, 206
154, 205
153, 204
153, 203
153, 202
153, 201
153, 200
153, 199
152, 198
151, 197
151, 196
151, 195
151, 194
151, 193
150, 192
150, 191
149, 190
149, 189
149, 188
149, 187
149, 186
148, 185
147, 184
147, 183
147, 182
147, 181
147, 180
147, 179
147, 178
146, 177
145, 176
145, 175
145, 174
145, 173
145, 172
144, 171
144, 170
143, 169
143, 168
143, 167
143, 166
143, 165
143, 164
143, 163
143, 162
142, 161
141, 161
141, 160
141, 159
141, 158
141, 157
141, 156
140, 155
140, 154
140, 153
139, 152
139, 151
139, 150
139, 149
139, 148
138, 147
138, 146
138, 145
137, 144
137, 143
137, 142
137, 141
137, 140
136, 139
136, 138
135, 137
135, 136
135, 135
135, 134
135, 133
135, 132
134, 131
134, 130
133, 129
133, 128
133, 127
133, 126
133, 125
133, 124
133, 123
132, 122
131, 121
131, 120
131, 119
131, 118
131, 117
131, 116
130, 115
129, 114
129, 113
129, 112
129, 111
129, 110
129, 109
129, 108
128, 107
127, 107
127, 106
127, 105
127, 104
127, 103
127, 102
126, 101
125, 101
125, 100
125, 99
125, 98
125, 97
125, 96
125, 95
124, 94
124, 93
123, 92
123, 91
123, 90
123, 89
123, 88
123, 87
122, 86
121, 85
121, 84
121, 83
121, 82
121, 81
121, 80
120, 79
120, 78
119, 77
119, 76
119, 75
119, 74
119, 73
119, 72
118, 71
117, 70
117, 69
117, 68
117, 67
117, 66
117, 65
116, 64
115, 63
115, 62
115, 61
115, 60
115, 59
115, 58
115, 57
115, 56
114, 55
114, 54
114, 53
113, 52
113, 51
113, 50
113, 49
113, 48
114, 47
115, 46
116, 46
117, 46
118, 46
119, 47
119, 48
120, 49
120, 50
121, 51
122, 51
123, 52
124, 53
124, 54
124, 55
125, 56
126, 57
126, 58
126, 59
126, 60
127, 61
128, 62
128, 63
128, 64
128, 65
128, 66
129, 67
130, 67
130, 68
130, 69
130, 70
130, 71
130, 72
130, 73
131, 74
132, 75
132, 76
132, 77
132, 78
133, 79
134, 80
134, 81
134, 82
135, 83
136, 83
136, 84
136, 85
137, 86
138, 87
138, 88
138, 89
138, 90
139, 91
140, 91
140, 92
140, 93
140, 94
140, 95
141, 96
142, 97
142, 98
142, 99
143, 100
144, 101
144, 102
144, 103
144, 104
144, 105
145, 106
146, 106
146, 107
146, 108
146, 109
146, 110
147, 111
148, 111
148, 112
148, 113
148, 114
149, 115
150, 116
150, 117
150, 118
150, 119
150, 120
151, 121
152, 122
152, 123
152, 124
152, 125
152, 126
153, 127
154, 127
154, 128
154, 129
154, 130
154, 131
155, 132
156, 133
156, 134
156, 135
156, 136
157, 137
158, 138
158, 139
158, 140
158, 141
159, 142
159, 143
160, 144
160, 145
160, 146
160, 147
161, 148
162, 149
162, 150
162, 151
162, 152
163, 153
164, 154
164, 155
164, 156
164, 157
165, 158
166, 159
166, 160
166, 161
166, 162
166, 163
167, 164
168, 164
168, 165
168, 166
168, 167
169, 168
170, 169
170, 170
170, 171
170, 172
171, 173
172, 174
172, 175
172, 176
172, 177
172, 178
173, 179
174, 179
174, 180
174, 181
174, 182
174, 183
175, 184
176, 185
176, 186
176, 187
176, 188
177, 189
178, 190
178, 191
178, 192
178, 193
179, 194
180, 195
180, 196
180, 197
180, 198
181, 199
182, 200
182, 201
182, 202
182, 203
183, 204
184, 205
184, 206
184, 207
184, 208
185, 209
186, 210
186, 211
186, 212
186, 213
187, 214
188, 215
188, 216
188, 217
188, 218
189, 219
190, 220
190, 221
190, 222
190, 223
191, 224
192, 225
192, 226
192, 227
192, 228
193, 229
194, 230
194, 231
194, 232
194, 233
195, 234
196, 235
196, 236
196, 237
196, 238
197, 239
198, 240
198, 241
198, 242
198, 243
198, 244
199, 245
200, 245
200, 246
200, 247
200, 248
200, 249
201, 250
202, 251
202, 252
202, 253
202, 254
203, 255
204, 256
204, 257
204, 258
204, 259
205, 260
206, 261
206, 262
206, 263
206, 264
207, 265
208, 266
208, 267
209, 268
210, 269
209, 270
208, 271
208, 272
207, 273
207, 274
207, 275
207, 276
207, 277
208, 278
208, 279
209, 280
209, 281
210, 282
210, 283
210, 284
210, 285
211, 286
212, 286
212, 287
212, 288
213, 289
214, 290
214, 291
214, 292
214, 293
215, 294
216, 294
216, 295
216, 296
216, 297
216, 298
217, 299
218, 300
218, 301
218, 302
218, 303
218, 304
219, 305
220, 306
220, 307
220, 308
220, 309
220, 310
221, 311
221, 312
222, 313
223, 313
224, 313
225, 314
226, 314
226, 315
226, 316
226, 317
227, 318
228, 318
229, 318
230, 318
231, 318
232, 318
233, 318
234, 318
235, 318
236, 318
237, 317
238, 317
239, 317
240, 317
241, 317
242, 316
243, 316
244, 316
245, 315
246, 314
246, 313
246, 312
246, 311
246, 310
247, 309
247, 308
247, 307
247, 306
247, 305
248, 304
248, 303
248, 302
247, 301
247, 300
247, 299
248, 298
248, 297
249, 296
249, 295
249, 294
249, 293
249, 292
249, 291
249, 290
249, 289
249, 288
249, 287
249, 286
249, 285
249, 284
249, 283
250, 282
250, 281
250, 280
250, 279
250, 278
250, 277
250, 276
250, 275
251, 274
251, 273
251, 272
251, 271
251, 270
251, 269
251, 268
251, 267
251, 266
251, 265
252, 265
253, 264
253, 263
253, 262
253, 261
254, 260
254, 259
254, 258
255, 257
255, 256
255, 255
255, 254
255, 253
255, 252
255, 251
255, 250
255, 249
255, 248
255, 247
255, 246
255, 245
255, 244
255, 243
255, 242
256, 241
257, 240
257, 239
257, 238
257, 237
257, 236
257, 235
257, 234
257, 233
257, 232
257, 231
257, 230
257, 229
258, 228
258, 227
258, 226
259, 225
259, 224
259, 223
259, 222
259, 221
259, 220
259, 219
259, 218
259, 217
259, 216
259, 215
259, 214
260, 213
261, 212
261, 211
261, 210
261, 209
261, 208
261, 207
261, 206
261, 205
261, 204
261, 203
261, 202
261, 201
261, 200
261, 199
261, 198
262, 197
263, 196
263, 195
263, 194
263, 193
263, 192
263, 191
263, 190
263, 189
263, 188
263, 187
263, 186
263, 185
263, 184
263, 183
263, 182
263, 181
263, 180
264, 180
265, 179
265, 178
265, 177
265, 176
265, 175
265, 174
265, 173
265, 172
265, 171
265, 170
265, 169
265, 168
265, 167
266, 166
267, 165
267, 164
267, 163
267, 162
267, 161
267, 160
267, 159
267, 158
267, 157
267, 156
267, 155
267, 154
267, 153
267, 152
267, 151
267, 150
267, 149
267, 148
268, 147
269, 146
269, 145
269, 144
269, 143
269, 142
269, 141
269, 140
269, 139
269, 138
269, 137
269, 136
269, 135
269, 134
269, 133
269, 132
270, 132
271, 131
271, 130
271, 129
271, 128
271, 127
271, 126
271, 125
271, 124
271, 123
271, 122
271, 121
271, 120
271, 119
271, 118
271, 117
271, 116
271, 115
272, 115
273, 114
273, 113
273, 112
273, 111
273, 110
273, 109
273, 108
273, 107
273, 106
273, 105
273, 104
273, 103
273, 102
273, 101
273, 100
273, 99
274, 98
274, 97
275, 96
275, 95
275, 94
275, 93
275, 92
275, 91
275, 90
275, 89
275, 88
275, 87
275, 86
275, 85
275, 84
275, 83
275, 82
276, 81
276, 80
277, 79
277, 78
277, 77
277, 76
277, 75
277, 74
277, 73
277, 72
277, 71
277, 70
277, 69
277, 68
277, 67
277, 66
277, 65
277, 64
278, 63
278, 62
279, 61
279, 60
279, 59
279, 58
279, 57
279, 56
279, 55
279, 54
279, 53
279, 52
279, 51
279, 50
280, 49
281, 49
282, 49
283, 50
284, 50
285, 51
286, 52
286, 53
286, 54
286, 55
286, 56
286, 57
286, 58
286, 59
286, 60
286, 61
286, 62
286, 63
286, 64
286, 65
286, 66
286, 67
286, 68
286, 69
286, 70
286, 71
286, 72
286, 73
286, 74
286, 75
286, 76
286, 77
286, 78
286, 79
286, 80
286, 81
286, 82
286, 83
286, 84
286, 85
286, 86
286, 87
286, 88
286, 89
286, 90
286, 91
286, 92
286, 93
286, 94
286, 95
286, 96
286, 97
286, 98
286, 99
286, 100
286, 101
286, 102
286, 103
286, 104
286, 105
286, 106
286, 107
286, 108
286, 109
286, 110
286, 111
286, 112
286, 113
286, 114
286, 115
286, 116
286, 117
286, 118
286, 119
286, 120
286, 121
286, 122
286, 123
286, 124
286, 125
286, 126
286, 127
286, 128
286, 129
286, 130
287, 131
287, 132
287, 133
287, 134
287, 135
288, 136
288, 137
288, 138
288, 139
288, 140
288, 141
288, 142
288, 143
288, 144
288, 145
287, 146
287, 147
287, 148
287, 149
287, 150
287, 151
287, 152
287, 153
286, 154
286, 155
286, 156
286, 157
286, 158
286, 159
286, 160
286, 161
286, 162
286, 163
286, 164
286, 165
286, 166
286, 167
286, 168
286, 169
286, 170
286, 171
286, 172
286, 173
286, 174
286, 175
285, 176
285, 177
285, 178
285, 179
285, 180
285, 181
285, 182
285, 183
285, 184
285, 185
285, 186
285, 187
285, 188
285, 189
285, 190
285, 191
285, 192
285, 193
285, 194
285, 195
285, 196
285, 197
285, 198
285, 199
285, 200
285, 201
285, 202
285, 203
285, 204
285, 205
285, 206
285, 207
284, 208
284, 209
284, 210
284, 211
284, 212
284, 213
284, 214
284, 215
284, 216
284, 217
284, 218
284, 219
284, 220
284, 221
285, 222
284, 223
284, 224
284, 225
284, 226
284, 227
284, 228
284, 229
284, 230
284, 231
284, 232
284, 233
284, 234
284, 235
284, 236
284, 237
284, 238
284, 239
284, 240
284, 241
284, 242
284, 243
284, 244
284, 245
284, 246
284, 247
284, 248
284, 249
284, 250
284, 251
284, 252
284, 253
284, 254
284, 255
284, 256
284, 257
284, 258
284, 259
284, 260
284, 261
284, 262
284, 263
284, 264
285, 265
285, 266
285, 267
285, 268
285, 269
285, 270
285, 271
285, 272
285, 273
285, 274
285, 275
285, 276
285, 277
285, 278
285, 279
285, 280
285, 281
285, 282
285, 283
285, 284
285, 285
285, 286
285, 287
285, 288
285, 289
285, 290
285, 291
285, 292
285, 293
284, 294
284, 295
284, 296
284, 297
284, 298
284, 299
284, 300
284, 301
284, 302
284, 303
284, 304
284, 305
284, 306
284, 307
284, 308
284, 309
284, 310
283, 311
283, 312
283, 313
282, 314
282, 315
282, 316
282, 317
282, 318
282, 319
282, 320
282, 321
282, 322
282, 323
282, 324
282, 325
282, 326
281, 327
281, 328
281, 329
280, 330
280, 331
280, 332
280, 333
280, 334
280, 335
280, 336
280, 337
280, 338
280, 339
280, 340
279, 340
278, 341
277, 341
276, 341
275, 341
274, 342
274, 343
274, 344
274, 345
274, 346
274, 347
274, 348
274, 349
274, 350
274, 351
275, 352
275, 353
276, 354
276, 355
276, 356
276, 357
277, 358
278, 359
278, 360
278, 361
278, 362
278, 363
279, 364
280, 365
280, 366
280, 367
280, 368
281, 369
282, 370
282, 371
282, 372
282, 373
283, 374
284, 375
284, 376
284, 377
284, 378
284, 379
285, 380
286, 381
286, 382
286, 383
286, 384
286, 385
287, 386
288, 387
288, 388
288, 389
288, 390
289, 391
289, 392
290, 393
290, 394
290, 395
291, 396
291, 397
292, 398
292, 399
292, 400
292, 401
293, 402
293, 403
293, 404
294, 405
294, 406
294, 407
294, 408
294, 409
294, 410
294, 411
294, 412
294, 413
295, 414
295, 415
296, 416
296, 417
296, 418
297, 419
297, 420
298, 421
298, 422
298, 423
299, 424
299, 425
300, 426
300, 427
300, 428
301, 429
301, 430
302, 431
302, 432
303, 433
303, 434
304, 435
304, 436
305, 437
305, 438
306, 439
307, 440
308, 441
308, 442
309, 443
309, 444
310, 445
311, 446
311, 447
312, 448
312, 449
313, 450
314, 451
314, 452
315, 453
316, 454
316, 455
317, 456
318, 457
318, 458
319, 459
320, 460
320, 461
321, 462
321, 463
322, 464
322, 465
323, 466
324, 467
324, 468
325, 469
326, 470
326, 471
327, 472
328, 473
328, 474
329, 475
330, 476
330, 477
331, 478
332, 479
332, 480
333, 481
334, 482
335, 483
335, 484
336, 485
336, 486
337, 487
338, 488
338, 489
339, 490
340, 491
340, 492
341, 493
342, 494
342, 495
343, 496
344, 497
344, 498
345, 499
346, 500
347, 501
347, 502
348, 503
348, 504
349, 505
350, 506
351, 507
351, 508
352, 509
352, 510
353, 511
354, 512
355, 513
355, 514
356, 515
357, 516
357, 517
358, 518
359, 519
359, 520
360, 521
361, 522
361, 523
362, 524
363, 525
364, 526
364, 527
365, 528
366, 529
366, 530
367, 531
368, 532
368, 533
369, 534
370, 535
371, 536
371, 537
372, 538
372, 539
373, 540
374, 541
375, 542
375, 543
376, 544
377, 545
378, 546
378, 547
379, 548
380, 549
380, 550
381, 551
382, 552
382, 553
383, 554
384, 555
385, 556
385, 557
386, 558
387, 559
387, 560
388, 561
389, 562
389, 563
390, 564
391, 565
392, 566
392, 567
393, 568
394, 569
394, 570
395, 571
396, 572
396, 573
397, 574
398, 575
398, 576
399, 577
400, 578
400, 579
401, 580
402, 581
403, 582
403, 583
404, 584
404, 585
405, 586
406, 587
406, 588
407, 589
408, 590
408, 591
409, 592
410, 593
410, 594
411, 595
412, 596
413, 597
413, 598
414, 599
414, 600
415, 601
416, 602
417, 603
417, 604
418, 605
418, 606
419, 607
420, 608
420, 609
421, 610
422, 611
422, 612
423, 613
423, 614
424, 615
425, 616
425, 617
426, 618
426, 619
427, 620
428, 621
428, 622
429, 623
430, 624
430, 625
431, 626
431, 627
432, 628
433, 629
433, 630
434, 631
434, 632
435, 633
436, 634
436, 635
437, 636
437, 637
438, 638
438, 639
439, 640
439, 641
440, 642
440, 643
441, 644
441, 645
442, 646
442, 647
443, 648
444, 649
444, 650
444, 651
445, 652
445, 653
446, 654
446, 655
447, 656
447, 657
448, 658
448, 659
449, 660
449, 661
450, 662
450, 663
451, 664
451, 665
452, 666
452, 667
452, 668
453, 669
453, 670
454, 671
454, 672
454, 673
455, 674
455, 675
456, 676
456, 677
456, 678
457, 679
457, 680
458, 681
458, 682
458, 683
459, 684
459, 685
460, 686
460, 687
460, 688
460, 689
461, 690
461, 691
462, 692
462, 693
462, 694
462, 695
463, 696
463, 697
464, 698
464, 699
464, 700
464, 701
464, 702
465, 703
465, 704
466, 705
466, 706
466, 707
466, 708
466, 709
467, 710
467, 711
467, 712
468, 713
468, 714
468, 715
468, 716
468, 717
469, 718
469, 719
469, 720
470, 721
470, 722
470, 723
470, 724
470, 725
470, 726
471, 727
471, 728
471, 729
472, 730
472, 731
472, 732
472, 733
472, 734
472, 735
473, 736
473, 737
473, 738
473, 739
473, 740
474, 741
474, 742
474, 743
474, 744
474, 745
474, 746
475, 747
475, 748
475, 749
475, 750
475, 751
475, 752
475, 753
476, 754
476, 755
476, 756
476, 757
476, 758
476, 759
476, 760
476, 761
476, 762
476, 763
476, 764
477, 765
477, 766
477, 767
477, 768
477, 769
477, 770
477, 771
477, 772
477, 773
478, 774
478, 775
477, 776
477, 777
477, 778
477, 779
477, 780
478, 781
478, 782
478, 783
478, 784
478, 785
478, 786
478, 787
478, 788
478, 789
478, 790
478, 791
478, 792
478, 793
478, 794
478, 795
478, 796
477, 797
477, 798
477, 799
477, 800
477, 801
476, 802
476, 803
476, 804
476, 805
476, 806
475, 807
475, 808
475, 809
475, 810
474, 811
474, 812
474, 813
473, 814
472, 815
471, 816
470, 816
469, 817
468, 817
467, 817
466, 817
465, 816
464, 816
463, 815
462, 815
461, 814
460, 813
459, 812
458, 811
457, 811
456, 810
455, 809
454, 808
453, 807
452, 806
451, 805
450, 804
450, 803
449, 802
449, 801
449, 800
448, 799
448, 798
447, 797
447, 796
447, 795
447, 794
447, 793
446, 792
446, 791
446, 790
446, 789
446, 788
446, 787
446, 786
445, 785
445, 784
445, 783
445, 782
445, 781
445, 780
445, 779
444, 778
444, 777
444, 776
444, 775
444, 774
443, 773
443, 772
443, 771
443, 770
443, 769
442, 768
442, 767
442, 766
442, 765
442, 764
442, 763
441, 762
441, 761
441, 760
441, 759
441, 758
441, 757
440, 756
440, 755
440, 754
439, 753
439, 752
439, 751
439, 750
439, 749
439, 748
439, 747
438, 746
438, 745
438, 744
437, 743
437, 742
437, 741
437, 740
437, 739
436, 738
436, 737
436, 736
436, 735
435, 734
435, 733
435, 732
435, 731
434, 730
434, 729
434, 728
433, 727
433, 726
433, 725
433, 724
432, 723
432, 722
432, 721
431, 720
431, 719
431, 718
431, 717
430, 716
430, 715
430, 714
429, 713
429, 712
429, 711
429, 710
428, 709
428, 708
427, 707
427, 706
427, 705
427, 704
426, 703
426, 702
425, 701
425, 700
425, 699
424, 698
424, 697
423, 696
423, 695
423, 694
422, 693
422, 692
421, 691
421, 690
421, 689
420, 688
420, 687
419, 686
419, 685
419, 684
418, 683
417, 682
417, 681
417, 680
416, 679
415, 678
415, 677
415, 676
414, 675
414, 674
413, 673
412, 672
412, 671
411, 670
411, 669
411, 668
410, 667
409, 666
409, 665
408, 664
407, 663
407, 662
407, 661
406, 660
405, 659
405, 658
404, 657
403, 656
403, 655
402, 654
401, 653
401, 652
400, 651
400, 650
399, 649
399, 648
398, 647
397, 646
397, 645
396, 644
395, 643
395, 642
394, 641
393, 640
393, 639
392, 638
391, 637
391, 636
390, 635
390, 634
389, 633
388, 632
387, 631
387, 630
386, 629
385, 628
385, 627
385, 626
384, 625
383, 624
382, 623
382, 622
381, 621
380, 620
380, 619
379, 618
378, 617
378, 616
377, 615
376, 614
375, 613
375, 612
374, 611
374, 610
373, 609
372, 608
372, 607
371, 606
370, 605
369, 604
369, 603
368, 602
367, 601
366, 600
366, 599
365, 598
365, 597
364, 596
363, 596
363, 595
363, 594
362, 593
361, 592
360, 591
360, 590
359, 589
358, 588
357, 587
357, 586
356, 585
355, 584
355, 583
354, 582
353, 581
353, 580
352, 579
351, 578
351, 577
350, 576
349, 575
348, 574
347, 573
347, 572
346, 571
346, 570
345, 569
344, 568
343, 567
343, 566
342, 565
341, 564
340, 563
340, 562
339, 561
338, 560
338, 559
337, 558
337, 557
336, 556
335, 556
335, 555
334, 554
333, 553
333, 552
332, 551
331, 550
331, 549
330, 548
329, 547
328, 546
328, 545
327, 544
326, 543
326, 542
325, 541
324, 540
323, 539
323, 538
322, 537
321, 536
321, 535
320, 534
319, 533
318, 532
317, 531
317, 530
316, 529
316, 528
315, 527
315, 526
314, 525
313, 524
313, 523
312, 522
311, 521
310, 520
309, 519
309, 518
308, 517
307, 516
307, 515
306, 514
306, 513
305, 512
304, 511
304, 510
303, 509
302, 508
302, 507
301, 506
300, 505
299, 504
299, 503
299, 502
298, 501
297, 500
297, 499
296, 498
295, 497
295, 496
294, 495
294, 494
293, 493
292, 492
291, 491
291, 490
291, 489
290, 488
289, 487
289, 486
288, 485
287, 484
287, 483
287, 482
286, 481
285, 480
285, 479
284, 478
284, 477
283, 476
282, 475
282, 474
281, 473
281, 472
280, 471
279, 470
278, 469
278, 468
277, 467
277, 466
277, 465
276, 464
275, 463
275, 462
275, 461
274, 460
273, 459
273, 458
273, 457
272, 456
271, 455
271, 454
270, 453
270, 452
269, 451
269, 450
268, 449
267, 448
267, 447
267, 446
266, 445
265, 444
265, 443
265, 442
264, 441
263, 440
263, 439
262, 438
262, 437
261, 436
261, 435
260, 434
260, 433
259, 432
259, 431
259, 430
258, 429
258, 428
257, 427
257, 426
257, 425
257, 424
256, 423
255, 422
255, 421
254, 420
254, 419
253, 418
253, 417
252, 416
251, 416
250, 415
249, 415
248, 415
247, 415
246, 415
245, 415
244, 415
243, 414
242, 414
241, 413
240, 412
239, 412
238, 411
237, 411
236, 410
235, 410
234, 410
233, 410
232, 410
231, 410
230, 410
229, 410
228, 410
227, 411
226, 412
226, 413
226, 414
225, 415
224, 416
224, 417
224, 418
224, 419
224, 420
224, 421
224, 422
224, 423
224, 424
223, 425
223, 426
223, 427
223, 428
222, 429
222, 430
222, 431
222, 432
221, 433
221, 434
221, 435
220, 436
220, 437
220, 438
219, 439
219, 440
219, 441
218, 442
218, 443
218, 444
217, 445
217, 446
216, 447
216, 448
216, 449
215, 450
215, 451
214, 452
214, 453
214, 454
213, 455
213, 456
213, 457
212, 458
212, 459
212, 460
211, 461
211, 462
211, 463
210, 464
210, 465
209, 466
209, 467
209, 468
208, 469
208, 470
207, 471
207, 472
207, 473
206, 474
206, 475
206, 476
205, 477
205, 478
204, 479
204, 480
203, 481
203, 482
202, 483
202, 484
202, 485
201, 486
201, 487
200, 488
200, 489
199, 490
199, 491
198, 492
198, 493
198, 494
197, 495
197, 496
196, 497
196, 498
195, 499
195, 500
194, 501
194, 502
194, 503
193, 504
193, 505
192, 506
192, 507
191, 508
190, 509
190, 510
190, 511
189, 512
189, 513
188, 514
187, 515
187, 516
186, 517
186, 518
186, 519
185, 520
185, 521
184, 522
183, 523
183, 524
182, 525
182, 526
182, 527
181, 528
181, 529
180, 530
180, 531
179, 532
179, 533
178, 534
177, 535
177, 536
176, 537
176, 538
176, 539
175, 540
174, 541
174, 542
174, 543
173, 544
173, 545
172, 546
172, 547
171, 548
171, 549
170, 550
169, 551
169, 552
168, 553
168, 554
168, 555
167, 556
167, 557
166, 558
166, 559
165, 560
164, 561
164, 562
164, 563
163, 564
162, 565
162, 566
162, 567
161, 568
160, 569
160, 570
159, 571
159, 572
158, 573
158, 574
158, 575
157, 576
156, 577
156, 578
155, 579
155, 580
154, 581
154, 582
153, 583
152, 584
152, 585
151, 586
151, 587
150, 588
150, 589
149, 590
149, 591
148, 592
148, 593
148, 594
147, 595
147, 596
146, 597
146, 598
145, 599
144, 600
144, 601
143, 602
143, 603
142, 604
142, 605
141, 606
141, 607
141, 608
140, 609
139, 610
139, 611
139, 612
138, 613
137, 614
137, 615
137, 616
136, 617
136, 618
135, 619
135, 620
134, 621
134, 622
134, 623
133, 624
133, 625
132, 626
132, 627
131, 628
131, 629
130, 630
130, 631
129, 632
129, 633
128, 634
128, 635
127, 636
127, 637
127, 638
126, 639
126, 640
125, 641
125, 642
124, 643
124, 644
124, 645
123, 646
123, 647
123, 648
122, 649
122, 650
121, 651
121, 652
121, 653
120, 654
120, 655
120, 656
119, 657
119, 658
119, 659
118, 660
118, 661
118, 662
118, 663
117, 664
117, 665
117, 666
116, 667
116, 668
116, 669
116, 670
115, 671
115, 672
115, 673
115, 674
114, 675
114, 676
114, 677
114, 678
114, 679
113, 680
113, 681
113, 682
113, 683
112, 684
112, 685
112, 686
112, 687
112, 688
112, 689
112, 690
112, 691
111, 692
111, 693
111, 694
111, 695
111, 696
111, 697
111, 698
111, 699
110, 700
110, 701
110, 702
110, 703
110, 704
110, 705
110, 706
110, 707
109, 708
109, 709
109, 710
109, 711
109, 712
109, 713
109, 714
109, 715
108, 716
108, 717
108, 718
108, 719
108, 720
108, 721
108, 722
108, 723
108, 724
108, 725
108, 726
108, 727
108, 728
108, 729
108, 730
107, 731
107, 732
107, 733
107, 734
107, 735
107, 736
107, 737
107, 738
107, 739
107, 740
107, 741
107, 742
107, 743
107, 744
107, 745
107, 746
107, 747
107, 748
107, 749
107, 750
107, 751
107, 752
107, 753
107, 754
107, 755
107, 756
107, 757
107, 758
107, 759
107, 760
107, 761
107, 762
107, 763
107, 764
107, 765
107, 766
107, 767
107, 768
108, 769
108, 770
108, 771
108, 772
108, 773
108, 774
108, 775
108, 776
108, 777
108, 778
108, 779
108, 780
108, 781
108, 782
108, 783
109, 784
109, 785
109, 786
109, 787
109, 788
109, 789
109, 790
109, 791
109, 792
109, 793
109, 794
108, 795
108, 796
108, 797
107, 798
107, 799
106, 800
106, 801
105, 802
105, 803
104, 804
103, 805
102, 806
102, 807
101, 808
100, 809
99, 810
98, 811
97, 812
96, 813
95, 813
94, 814
93, 814
92, 814
91, 814
90, 813
89, 813
88, 813
87, 812
86, 811
85, 810
85, 809
84, 808
84, 807
83, 806
83, 805
82, 804
82, 803
81, 802
81, 801
80, 800
80, 799
79, 798
79, 797
79, 796
78, 795
78, 794
78, 793
77, 792
77, 791
77, 790
76, 789
76, 788
76, 787
75, 786
75, 785
75, 784
75, 783
75, 782
74, 781
74, 780
74, 779
74, 778
74, 777
73, 776
73, 775
73, 774
73, 773
73, 772
73, 771
72, 770
72, 769
72, 768
72, 767
72, 766
72, 765
72, 764
71, 763
71, 762
71, 761
71, 760
71, 759
71, 758
71, 757
71, 756
71, 755
71, 754
71, 753
70, 752
70, 751
70, 750
70, 749
70, 748
70, 747
70, 746
70, 745
70, 744
70, 743
70, 742
70, 741
70, 740
70, 739
70, 738
70, 737
70, 736
70, 735
70, 734
70, 733
70, 732
70, 731
70, 730
70, 729
70, 728
70, 727
