54, 767
54, 766
54, 765
54, 764
54, 763
54, 762
55, 761
55, 760
55, 759
55, 758
55, 757
56, 756
56, 755
56, 754
56, 753
57, 752
57, 751
57, 750
58, 749
58, 748
58, 747
58, 746
59, 745
59, 744
59, 743
60, 742
60, 741
60, 740
60, 739
61, 738
61, 737
62, 736
62, 735
62, 734
62, 733
63, 732
63, 731
63, 730
64, 729
64, 728
64, 727
65, 726
65, 725
65, 724
66, 723
66, 722
66, 721
67, 720
67, 719
67, 718
68, 717
68, 716
68, 715
69, 714
69, 713
70, 712
70, 711
70, 710
71, 709
71, 708
71, 707
72, 706
72, 705
72, 704
73, 703
73, 702
74, 701
74, 700
74, 699
75, 698
75, 697
76, 696
76, 695
76, 694
77, 693
77, 692
77, 691
78, 690
78, 689
79, 688
79, 687
79, 686
80, 685
80, 684
81, 683
81, 682
82, 681
82, 680
82, 679
83, 678
83, 677
84, 676
84, 675
84, 674
85, 673
85, 672
86, 671
86, 670
86, 669
87, 668
87, 667
88, 666
88, 665
89, 664
89, 663
90, 662
90, 661
90, 660
91, 659
91, 658
92, 657
92, 656
93, 655
93, 654
94, 653
94, 652
95, 651
95, 650
96, 649
96, 648
96, 647
97, 646
97, 645
98, 644
98, 643
99, 642
99, 641
100, 640
100, 639
101, 638
101, 637
102, 636
102, 635
103, 634
103, 633
104, 632
104, 631
105, 630
105, 629
106, 628
106, 627
107, 626
107, 625
107, 624
108, 623
109, 622
109, 621
110, 620
110, 619
111, 618
111, 617
112, 616
112, 615
113, 614
113, 613
114, 612
114, 611
115, 610
116, 609
116, 608
117, 607
117, 606
118, 605
118, 604
119, 603
119, 602
120, 601
120, 600
121, 599
122, 598
122, 597
123, 596
123, 595
124, 594
124, 593
125, 592
126, 591
126, 590
127, 589
127, 588
128, 587
128, 586
129, 585
130, 584
130, 583
131, 582
131, 581
132, 580
132, 579
133, 578
134, 577
134, 576
135, 575
135, 574
136, 573
136, 572
137, 571
137, 570
138, 569
138, 568
139, 567
140, 566
140, 565
141, 564
141, 563
142, 562
143, 561
143, 560
144, 559
144, 558
145, 557
145, 556
146, 555
147, 554
147, 553
148, 552
148, 551
149, 550
149, 549
150, 548
151, 547
151, 546
152, 545
153, 544
153, 543
154, 542
154, 541
155, 540
155, 539
156, 538
157, 537
157, 536
158, 535
158, 534
159, 533
160, 532
160, 531
161, 530
161, 529
162, 528
163, 527
163, 526
164, 525
164, 524
165, 523
165, 522
166, 521
167, 520
167, 519
168, 518
168, 517
169, 516
169, 515
170, 514
171, 513
171, 512
172, 511
172, 510
173, 509
174, 508
174, 507
175, 506
175, 505
176, 504
176, 503
177, 502
178, 501
178, 500
179, 499
179, 498
180, 497
181, 496
181, 495
182, 494
182, 493
183, 492
183, 491
184, 490
185, 489
185, 488
186, 487
186, 486
187, 485
187, 484
188, 483
189, 482
189, 481
190, 480
190, 479
191, 478
192, 477
192, 476
193, 475
193, 474
194, 473
194, 472
195, 471
196, 470
196, 469
197, 468
197, 467
198, 466
198, 465
199, 464
200, 463
200, 462
200, 461
201, 460
202, 459
202, 458
202, 457
203, 456
204, 455
204, 454
204, 453
205, 452
205, 451
206, 450
206, 449
207, 448
207, 447
208, 446
208, 445
208, 444
209, 443
209, 442
210, 441
210, 440
210, 439
211, 438
211, 437
212, 436
212, 435
213, 434
213, 433
213, 432
214, 431
214, 430
215, 429
215, 428
216, 427
216, 426
217, 425
217, 424
218, 423
218, 422
218, 421
219, 420
219, 419
220, 418
220, 417
221, 416
221, 415
221, 414
222, 413
222, 412
223, 411
223, 410
224, 409
224, 408
225, 407
225, 406
226, 405
226, 404
226, 403
227, 402
227, 401
228, 400
228, 399
229, 398
229, 397
230, 396
230, 395
230, 394
231, 393
231, 392
232, 391
232, 390
233, 389
233, 388
234, 387
234, 386
235, 385
235, 384
236, 383
236, 382
237, 381
237, 380
237, 379
238, 378
239, 377
239, 376
240, 375
240, 374
241, 373
242, 372
242, 371
243, 370
243, 369
244, 368
245, 367
246, 366
247, 365
248, 365
249, 365
250, 364
251, 364
252, 363
253, 363
254, 363
255, 362
256, 362
257, 361
257, 360
258, 360
259, 359
259, 358
260, 357
261, 356
261, 355
261, 354
262, 354
263, 353
263, 352
264, 351
265, 350
265, 349
266, 349
267, 348
267, 347
267, 346
268, 346
269, 345
269, 344
270, 343
271, 342
272, 341
272, 340
273, 339
274, 338
275, 337
275, 336
275, 335
276, 335
277, 334
277, 333
278, 333
279, 332
279, 331
279, 330
280, 329
281, 328
281, 327
282, 326
283, 325
283, 324
284, 323
284, 322
284, 321
285, 321
286, 320
286, 319
287, 318
287, 317
288, 317
289, 316
289, 315
289, 314
289, 313
290, 313
291, 312
291, 311
291, 310
292, 309
293, 308
293, 307
293, 306
294, 305
295, 304
295, 303
296, 303
297, 302
297, 301
297, 300
298, 299
299, 299
300, 298
301, 297
302, 297
303, 297
304, 296
304, 295
304, 294
304, 293
305, 292
305, 291
306, 291
306, 292
307, 293
308, 293
309, 293
310, 292
310, 291
310, 290
310, 289
309, 288
309, 287
309, 286
309, 285
309, 284
308, 283
308, 282
308, 281
308, 280
308, 279
307, 278
307, 277
307, 276
306, 275
306, 274
307, 273
307, 272
307, 271
307, 270
306, 269
305, 269
305, 268
304, 267
304, 266
305, 265
305, 264
305, 263
304, 262
304, 261
303, 260
303, 259
303, 258
303, 257
303, 256
302, 255
302, 254
302, 253
302, 252
303, 251
303, 250
303, 249
303, 248
303, 247
303, 246
303, 245
303, 244
303, 243
303, 242
303, 241
303, 240
303, 239
303, 238
303, 237
303, 236
303, 235
303, 234
303, 233
302, 232
302, 231
302, 230
303, 230
304, 229
304, 228
304, 227
305, 226
305, 225
305, 224
305, 223
304, 222
305, 221
305, 220
305, 219
306, 219
307, 218
307, 217
307, 216
307, 215
307, 214
307, 213
308, 212
309, 211
309, 210
309, 209
309, 208
309, 207
310, 206
311, 205
311, 204
311, 203
312, 202
313, 201
313, 200
313, 199
314, 198
315, 197
315, 196
316, 195
316, 194
316, 193
317, 192
318, 192
319, 191
319, 190
319, 189
320, 188
320, 187
321, 186
322, 185
322, 184
323, 183
324, 183
325, 183
326, 183
327, 182
328, 182
329, 181
329, 180
330, 180
331, 180
332, 180
333, 180
334, 179
335, 178
336, 178
337, 178
338, 178
339, 178
340, 178
341, 178
342, 178
343, 177
344, 177
345, 177
346, 176
347, 176
348, 176
349, 175
350, 175
351, 175
352, 175
353, 175
354, 175
355, 175
356, 175
357, 175
358, 175
359, 175
360, 175
360, 176
361, 177
361, 178
361, 179
361, 180
361, 181
360, 182
360, 183
360, 184
360, 185
359, 186
359, 187
359, 188
359, 189
359, 190
358, 191
358, 192
358, 193
357, 194
357, 195
357, 196
357, 197
356, 198
356, 199
356, 200
356, 201
356, 202
356, 203
356, 204
356, 205
356, 206
355, 206
354, 207
354, 208
354, 209
354, 210
354, 211
354, 212
354, 213
354, 214
354, 215
354, 216
354, 217
354, 218
354, 219
354, 220
354, 221
354, 222
354, 223
354, 224
354, 225
354, 226
354, 227
354, 228
354, 229
354, 230
354, 231
354, 232
355, 233
356, 233
356, 234
356, 235
356, 236
357, 237
358, 238
359, 239
359, 240
360, 241
361, 241
362, 241
363, 241
364, 241
365, 242
366, 242
367, 242
368, 242
369, 242
370, 242
371, 243
372, 243
373, 243
374, 242
375, 243
376, 243
377, 243
378, 243
379, 242
379, 241
379, 240
380, 240
381, 239
382, 238
383, 237
384, 236
384, 235
385, 234
385, 233
386, 232
386, 231
386, 230
387, 229
387, 228
387, 227
388, 226
388, 225
388, 224
388, 223
389, 222
389, 221
389, 220
389, 219
390, 218
390, 217
390, 216
390, 215
390, 214
390, 213
390, 212
390, 211
390, 210
390, 209
391, 208
391, 207
391, 206
390, 205
390, 204
390, 203
390, 202
390, 201
390, 200
390, 199
390, 198
390, 197
390, 196
390, 195
390, 194
390, 193
390, 192
390, 191
390, 190
391, 189
392, 188
392, 187
393, 186
393, 185
394, 184
394, 183
394, 182
394, 181
395, 180
395, 179
396, 178
397, 178
398, 177
399, 177
400, 178
401, 178
402, 178
403, 178
404, 179
405, 179
406, 179
407, 179
408, 179
409, 180
410, 180
411, 180
412, 181
413, 181
414, 181
415, 182
416, 182
417, 183
418, 183
419, 183
420, 184
421, 184
422, 185
423, 185
424, 186
425, 187
426, 188
427, 189
428, 190
429, 191
429, 192
430, 193
431, 194
431, 195
431, 196
432, 197
432, 198
432, 199
433, 200
433, 201
433, 202
434, 203
434, 204
434, 205
434, 206
435, 207
435, 208
436, 209
436, 210
436, 211
436, 212
436, 213
436, 214
436, 215
437, 216
437, 217
437, 218
437, 219
437, 220
437, 221
437, 222
438, 223
438, 224
438, 225
438, 226
438, 227
438, 228
438, 229
438, 230
438, 231
438, 232
438, 233
438, 234
438, 235
438, 236
438, 237
438, 238
438, 239
438, 240
438, 241
438, 242
438, 243
437, 244
437, 245
437, 246
437, 247
436, 248
436, 249
436, 250
436, 251
436, 252
436, 253
436, 254
436, 255
436, 256
435, 257
435, 258
434, 259
434, 260
434, 261
434, 262
434, 263
434, 264
433, 265
432, 266
432, 267
432, 268
432, 269
432, 270
431, 271
431, 272
430, 273
430, 274
430, 275
430, 276
429, 276
428, 277
428, 278
428, 279
428, 280
427, 281
426, 282
426, 283
426, 284
425, 285
424, 286
424, 287
423, 288
422, 289
422, 290
422, 291
422, 292
422, 293
422, 294
422, 295
421, 296
421, 297
421, 298
422, 299
422, 300
422, 301
422, 302
423, 303
423, 304
424, 305
424, 306
424, 307
425, 308
425, 309
426, 310
426, 311
426, 312
426, 313
427, 314
427, 315
427, 316
428, 317
428, 318
428, 319
428, 320
429, 321
429, 322
429, 323
430, 324
430, 325
430, 326
431, 327
431, 328
432, 329
432, 330
433, 331
433, 332
433, 333
434, 334
434, 335
434, 336
435, 337
435, 338
435, 339
436, 340
436, 341
437, 342
437, 343
438, 344
438, 345
439, 346
439, 347
440, 348
440, 349
440, 350
441, 351
441, 352
442, 353
442, 354
443, 355
444, 356
444, 357
445, 358
445, 359
446, 360
446, 361
446, 362
447, 363
447, 364
448, 365
448, 366
448, 367
449, 368
449, 369
450, 370
450, 371
451, 372
452, 373
453, 374
454, 374
455, 375
456, 376
457, 377
458, 377
459, 378
459, 379
460, 380
461, 381
462, 382
462, 383
463, 384
463, 385
464, 386
464, 387
464, 388
465, 389
465, 390
465, 391
465, 392
466, 393
466, 394
466, 395
467, 396
467, 397
467, 398
467, 399
468, 400
468, 401
468, 402
468, 403
469, 404
469, 405
469, 406
469, 407
469, 408
470, 409
470, 410
470, 411
470, 412
471, 413
471, 414
471, 415
471, 416
471, 417
471, 418
472, 419
472, 420
472, 421
473, 422
473, 423
473, 424
473, 425
473, 426
473, 427
473, 428
474, 429
474, 430
474, 431
474, 432
475, 433
475, 434
475, 435
475, 436
475, 437
475, 438
476, 439
476, 440
476, 441
476, 442
477, 443
477, 444
477, 445
477, 446
477, 447
477, 448
478, 449
478, 450
478, 451
478, 452
479, 453
479, 454
479, 455
479, 456
479, 457
479, 458
480, 459
480, 460
480, 461
480, 462
481, 463
481, 464
481, 465
481, 466
481, 467
481, 468
482, 469
482, 470
482, 471
483, 472
483, 473
483, 474
483, 475
483, 476
484, 477
484, 478
484, 479
485, 480
485, 481
485, 482
485, 483
485, 484
486, 485
486, 486
486, 487
487, 488
487, 489
487, 490
488, 491
488, 492
488, 493
489, 494
489, 495
489, 496
489, 497
490, 498
490, 499
491, 500
491, 501
491, 502
491, 503
492, 504
492, 505
492, 506
493, 507
493, 508
494, 509
494, 510
494, 511
495, 512
495, 513
495, 514
495, 515
496, 516
496, 517
497, 518
497, 519
497, 520
497, 521
498, 522
498, 523
499, 524
499, 525
499, 526
499, 527
500, 528
500, 529
501, 530
501, 531
501, 532
501, 533
502, 534
502, 535
503, 536
503, 537
503, 538
504, 539
504, 540
504, 541
505, 542
505, 543
505, 544
506, 545
506, 546
506, 547
507, 548
507, 549
507, 550
507, 551
508, 552
508, 553
509, 554
509, 555
509, 556
510, 557
510, 558
510, 559
511, 560
511, 561
511, 562
512, 563
512, 564
513, 565
513, 566
513, 567
513, 568
514, 569
514, 570
514, 571
515, 572
515, 573
515, 574
516, 575
516, 576
517, 577
517, 578
517, 579
517, 580
518, 581
518, 582
519, 583
519, 584
519, 585
519, 586
520, 587
520, 588
521, 589
521, 590
521, 591
521, 592
522, 593
522, 594
523, 595
523, 596
523, 597
523, 598
524, 599
524, 600
524, 601
525, 602
525, 603
525, 604
526, 605
526, 606
526, 607
527, 608
527, 609
527, 610
528, 611
528, 612
528, 613
529, 614
529, 615
529, 616
530, 617
530, 618
530, 619
531, 620
531, 621
531, 622
532, 623
532, 624
532, 625
533, 626
533, 627
533, 628
534, 629
534, 630
534, 631
535, 632
535, 633
535, 634
536, 635
536, 636
536, 637
536, 638
537, 639
537, 640
537, 641
538, 642
538, 643
538, 644
539, 645
539, 646
539, 647
540, 648
540, 649
540, 650
541, 651
541, 652
541, 653
541, 654
541, 655
542, 656
542, 657
543, 658
543, 659
543, 660
543, 661
543, 662
544, 663
544, 664
544, 665
545, 666
545, 667
545, 668
545, 669
546, 670
546, 671
546, 672
547, 673
547, 674
547, 675
547, 676
547, 677
548, 678
548, 679
548, 680
549, 681
549, 682
549, 683
549, 684
549, 685
550, 686
550, 687
550, 688
550, 689
551, 690
551, 691
551, 692
551, 693
551, 694
552, 695
552, 696
552, 697
552, 698
552, 699
553, 700
553, 701
553, 702
553, 703
553, 704
554, 705
554, 706
554, 707
554, 708
555, 709
555, 710
555, 711
555, 712
555, 713
555, 714
555, 715
556, 716
556, 717
556, 718
556, 719
557, 720
557, 721
557, 722
557, 723
557, 724
557, 725
557, 726
558, 727
558, 728
558, 729
558, 730
558, 731
559, 732
559, 733
559, 734
559, 735
559, 736
559, 737
559, 738
559, 739
560, 740
560, 741
560, 742
560, 743
560, 744
561, 745
561, 746
561, 747
561, 748
561, 749
561, 750
561, 751
561, 752
561, 753
561, 754
561, 755
562, 756
562, 757
562, 758
562, 759
562, 760
562, 761
562, 762
563, 763
563, 764
563, 765
563, 766
563, 767
563, 768
563, 769
563, 770
563, 771
563, 772
563, 773
563, 774
563, 775
564, 776
564, 777
564, 778
564, 779
564, 780
564, 781
564, 782
564, 783
564, 784
564, 785
565, 786
565, 787
565, 788
565, 789
565, 790
565, 791
565, 792
565, 793
565, 794
565, 795
565, 796
565, 797
565, 798
565, 799
565, 800
564, 801
564, 802
564, 803
564, 804
564, 805
563, 806
563, 807
563, 808
563, 809
562, 810
562, 811
562, 812
561, 813
561, 814
560, 815
560, 816
559, 817
558, 818
558, 819
557, 820
557, 821
556, 822
556, 823
555, 824
555, 825
554, 826
554, 827
553, 828
552, 829
551, 829
550, 830
549, 830
548, 831
547, 831
546, 830
545, 830
544, 830
543, 829
542, 828
541, 828
540, 827
539, 826
538, 825
537, 824
536, 823
535, 822
534, 821
533, 820
532, 819
531, 818
530, 817
529, 816
529, 815
528, 814
527, 813
527, 812
526, 811
526, 810
525, 809
525, 808
525, 807
524, 806
524, 805
524, 804
523, 803
523, 802
523, 801
523, 800
522, 799
522, 798
522, 797
522, 796
521, 795
521, 794
521, 793
521, 792
521, 791
521, 790
521, 789
520, 788
520, 787
520, 786
520, 785
520, 784
520, 783
520, 782
520, 781
519, 780
519, 779
519, 778
519, 777
519, 776
519, 775
519, 774
518, 773
518, 772
518, 771
518, 770
518, 769
518, 768
518, 767
518, 766
517, 765
517, 764
517, 763
517, 762
517, 761
517, 760
517, 759
517, 758
516, 757
516, 756
516, 755
516, 754
516, 753
516, 752
516, 751
515, 750
515, 749
515, 748
515, 747
514, 746
514, 745
514, 744
514, 743
514, 742
514, 741
514, 740
514, 739
513, 738
513, 737
513, 736
513, 735
513, 734
512, 733
512, 732
512, 731
512, 730
512, 729
511, 728
511, 727
511, 726
511, 725
511, 724
511, 723
510, 722
510, 721
510, 720
510, 719
509, 718
509, 717
509, 716
509, 715
508, 714
508, 713
508, 712
508, 711
508, 710
507, 709
507, 708
507, 707
507, 706
507, 705
506, 704
506, 703
506, 702
506, 701
505, 700
505, 699
505, 698
505, 697
504, 696
504, 695
504, 694
504, 693
503, 692
503, 691
503, 690
503, 689
502, 688
502, 687
502, 686
502, 685
501, 684
501, 683
501, 682
501, 681
500, 680
500, 679
500, 678
500, 677
499, 676
499, 675
499, 674
498, 673
498, 672
498, 671
498, 670
497, 669
497, 668
497, 667
496, 666
496, 665
496, 664
495, 663
495, 662
495, 661
495, 660
494, 659
494, 658
494, 657
493, 656
493, 655
493, 654
492, 653
492, 652
492, 651
491, 650
491, 649
491, 648
491, 647
490, 646
490, 645
490, 644
489, 643
489, 642
489, 641
488, 640
488, 639
488, 638
487, 637
487, 636
486, 635
486, 634
486, 633
486, 632
485, 631
485, 630
485, 629
484, 628
484, 627
484, 626
483, 625
483, 624
482, 623
482, 622
482, 621
482, 620
481, 619
481, 618
481, 617
480, 616
480, 615
480, 614
479, 613
479, 612
478, 611
478, 610
478, 609
478, 608
477, 607
477, 606
476, 605
476, 604
476, 603
476, 602
475, 601
475, 600
475, 599
474, 598
474, 597
474, 596
473, 595
473, 594
473, 593
472, 592
472, 591
472, 590
471, 589
471, 588
471, 587
470, 586
470, 585
470, 584
469, 583
469, 582
469, 581
469, 580
468, 579
468, 578
468, 577
467, 576
467, 575
467, 574
466, 573
466, 572
466, 571
465, 570
465, 569
465, 568
464, 567
464, 566
464, 565
463, 564
463, 563
463, 562
462, 561
462, 560
462, 559
462, 558
461, 557
461, 556
460, 555
460, 554
460, 553
459, 552
459, 551
459, 550
459, 549
458, 548
458, 547
458, 546
457, 545
457, 544
457, 543
456, 542
456, 541
456, 540
455, 539
455, 538
455, 537
455, 536
454, 535
454, 534
454, 533
453, 532
453, 531
453, 530
452, 529
452, 528
452, 527
451, 526
451, 525
451, 524
450, 523
450, 522
450, 521
450, 520
449, 519
449, 518
449, 517
448, 516
448, 515
448, 514
447, 513
447, 512
447, 511
446, 510
446, 509
446, 508
446, 507
445, 506
445, 505
445, 504
444, 503
444, 502
444, 501
443, 500
443, 499
443, 498
443, 497
442, 496
442, 495
442, 494
441, 493
441, 492
441, 491
440, 490
440, 489
440, 488
440, 487
439, 486
439, 485
439, 484
439, 483
438, 482
438, 481
438, 480
438, 479
438, 478
437, 477
437, 476
437, 475
437, 474
436, 473
436, 472
436, 471
436, 470
435, 469
435, 468
435, 467
435, 466
435, 465
435, 464
434, 463
434, 462
434, 461
434, 460
434, 459
433, 458
433, 457
433, 456
433, 455
432, 454
432, 453
432, 452
432, 451
432, 450
431, 449
431, 448
431, 447
431, 446
430, 445
430, 444
430, 443
430, 442
430, 441
429, 440
429, 439
429, 438
429, 437
428, 436
428, 435
428, 434
428, 433
428, 432
428, 431
427, 430
427, 429
427, 428
427, 427
426, 426
426, 425
426, 424
426, 423
426, 422
425, 421
425, 420
425, 419
425, 418
424, 417
424, 416
424, 415
424, 414
423, 413
423, 412
423, 411
423, 410
423, 409
423, 408
422, 407
422, 406
422, 405
422, 404
421, 403
421, 402
421, 401
421, 400
420, 399
420, 398
419, 397
419, 396
419, 395
419, 394
418, 393
418, 392
418, 391
418, 390
417, 389
417, 388
417, 387
417, 386
417, 385
416, 384
415, 384
414, 384
413, 384
412, 384
411, 384
410, 384
409, 384
408, 384
407, 384
406, 384
405, 385
404, 385
403, 384
402, 383
401, 383
400, 382
400, 381
399, 380
399, 379
398, 378
398, 377
398, 376
398, 375
397, 374
396, 374
395, 374
394, 374
393, 374
392, 374
391, 374
390, 374
389, 374
388, 375
387, 375
386, 374
386, 373
385, 372
385, 371
384, 370
385, 369
385, 368
385, 367
384, 366
383, 366
383, 365
383, 364
383, 363
383, 362
383, 361
382, 360
382, 359
381, 358
381, 357
381, 356
380, 355
379, 355
378, 355
377, 356
377, 357
376, 357
375, 357
374, 357
373, 357
372, 357
371, 357
370, 357
369, 357
368, 357
367, 357
366, 357
365, 357
364, 357
363, 358
362, 358
361, 358
360, 358
359, 358
358, 358
357, 358
356, 358
355, 358
354, 358
353, 358
352, 358
351, 358
350, 359
349, 358
348, 358
347, 358
346, 358
345, 358
344, 359
343, 359
342, 359
341, 360
340, 359
339, 359
338, 359
337, 359
336, 359
335, 360
334, 360
333, 360
332, 360
331, 361
330, 362
329, 363
329, 364
328, 365
327, 366
326, 367
325, 368
325, 369
325, 370
324, 371
323, 371
322, 371
321, 371
320, 371
319, 371
318, 371
317, 371
316, 371
315, 371
314, 371
313, 372
312, 373
311, 373
310, 374
309, 375
308, 375
307, 375
306, 376
305, 376
304, 377
303, 377
302, 378
301, 377
300, 377
299, 376
298, 376
297, 376
296, 376
295, 377
295, 378
294, 378
293, 378
292, 378
291, 378
290, 379
289, 379
288, 380
288, 381
288, 382
288, 383
288, 384
287, 385
287, 386
287, 387
287, 388
286, 389
286, 390
285, 391
285, 392
284, 393
284, 394
283, 395
282, 396
282, 397
281, 398
281, 399
280, 400
280, 401
279, 402
279, 403
278, 404
278, 405
277, 406
277, 407
277, 408
276, 409
276, 410
275, 411
275, 412
274, 413
274, 414
273, 415
273, 416
272, 417
272, 418
271, 419
271, 420
271, 421
270, 422
270, 423
269, 424
269, 425
269, 426
268, 427
268, 428
267, 429
267, 430
266, 431
266, 432
265, 433
265, 434
264, 435
264, 436
263, 437
263, 438
262, 439
262, 440
261, 441
261, 442
261, 443
260, 444
260, 445
259, 446
259, 447
258, 448
258, 449
257, 450
257, 451
256, 452
256, 453
256, 454
255, 455
255, 456
254, 457
254, 458
253, 459
253, 460
252, 461
252, 462
251, 463
251, 464
251, 465
250, 466
250, 467
249, 468
249, 469
248, 470
248, 471
247, 472
247, 473
246, 474
246, 475
245, 476
245, 477
244, 478
244, 479
243, 480
243, 481
242, 482
242, 483
241, 484
241, 485
240, 486
240, 487
239, 488
239, 489
238, 490
237, 491
237, 492
236, 493
236, 494
235, 495
235, 496
234, 497
233, 498
233, 499
232, 500
232, 501
231, 502
231, 503
230, 504
230, 505
229, 506
229, 507
228, 508
227, 509
227, 510
226, 511
226, 512
225, 513
225, 514
224, 515
223, 516
223, 517
222, 518
222, 519
221, 520
221, 521
220, 522
219, 523
219, 524
218, 525
218, 526
217, 527
217, 528
216, 529
215, 530
215, 531
214, 532
214, 533
213, 534
213, 535
212, 536
211, 537
211, 538
210, 539
210, 540
209, 541
209, 542
208, 543
207, 544
207, 545
206, 546
206, 547
205, 548
204, 549
204, 550
203, 551
203, 552
202, 553
201, 554
201, 555
201, 556
200, 557
199, 558
199, 559
198, 560
198, 561
197, 562
197, 563
196, 564
195, 565
195, 566
194, 567
194, 568
193, 569
193, 570
192, 571
192, 572
191, 573
190, 574
190, 575
189, 576
189, 577
188, 578
187, 579
187, 580
186, 581
186, 582
185, 583
185, 584
184, 585
183, 586
183, 587
182, 588
182, 589
181, 590
181, 591
180, 592
179, 593
179, 594
178, 595
178, 596
177, 597
177, 598
176, 599
176, 600
175, 601
174, 602
174, 603
173, 604
173, 605
172, 606
171, 607
171, 608
170, 609
170, 610
169, 611
168, 612
168, 613
167, 614
167, 615
166, 616
166, 617
165, 618
165, 619
164, 620
164, 621
163, 622
162, 623
162, 624
161, 625
161, 626
160, 627
160, 628
159, 629
159, 630
158, 631
157, 632
157, 633
156, 634
156, 635
155, 636
155, 637
154, 638
154, 639
153, 640
152, 641
152, 642
151, 643
151, 644
150, 645
150, 646
149, 647
149, 648
148, 649
148, 650
147, 651
147, 652
146, 653
146, 654
145, 655
145, 656
144, 657
144, 658
143, 659
143, 660
142, 661
142, 662
141, 663
141, 664
140, 665
140, 666
139, 667
139, 668
138, 669
138, 670
137, 671
137, 672
137, 673
136, 674
136, 675
135, 676
135, 677
134, 678
134, 679
133, 680
133, 681
132, 682
132, 683
131, 684
131, 685
131, 686
130, 687
130, 688
129, 689
129, 690
128, 691
128, 692
128, 693
127, 694
127, 695
126, 696
126, 697
125, 698
125, 699
125, 700
124, 701
124, 702
123, 703
123, 704
122, 705
122, 706
122, 707
121, 708
121, 709
120, 710
120, 711
120, 712
119, 713
119, 714
118, 715
118, 716
118, 717
117, 718
117, 719
117, 720
116, 721
116, 722
115, 723
115, 724
114, 725
114, 726
114, 727
113, 728
113, 729
112, 730
112, 731
112, 732
111, 733
111, 734
111, 735
110, 736
110, 737
110, 738
109, 739
109, 740
109, 741
108, 742
108, 743
108, 744
107, 745
107, 746
106, 747
106, 748
106, 749
105, 750
105, 751
105, 752
104, 753
104, 754
104, 755
103, 756
103, 757
103, 758
103, 759
102, 760
102, 761
101, 762
101, 763
101, 764
100, 765
100, 766
100, 767
99, 768
99, 769
98, 770
98, 771
97, 772
97, 773
97, 774
96, 775
95, 776
95, 777
94, 778
94, 779
93, 780
93, 781
92, 782
91, 783
91, 784
90, 785
89, 786
88, 787
87, 788
86, 788
85, 789
84, 790
83, 791
82, 791
81, 792
80, 792
79, 793
78, 793
77, 793
76, 794
75, 794
74, 795
73, 795
72, 796
71, 796
70, 797
69, 797
68, 797
67, 798
66, 798
65, 798
64, 798
63, 798
62, 797
61, 797
60, 796
59, 795
59, 794
58, 793
58, 792
57, 791
57, 790
57, 789
56, 788
56, 787
56, 786
56, 785
55, 784
55, 783
55, 782
54, 781
54, 780
54, 779
54, 778
54, 777
53, 776
53, 775
53, 774
53, 773
53, 772
53, 771
53, 770
53, 769
53, 768
