130, 751
130, 750
130, 749
130, 748
130, 747
130, 746
130, 745
130, 744
130, 743
130, 742
131, 741
131, 740
131, 739
131, 738
131, 737
131, 736
131, 735
131, 734
131, 733
131, 732
131, 731
131, 730
131, 729
131, 728
131, 727
131, 726
131, 725
131, 724
132, 723
132, 722
132, 721
132, 720
132, 719
132, 718
133, 717
133, 716
133, 715
133, 714
133, 713
133, 712
133, 711
133, 710
133, 709
133, 708
133, 707
133, 706
134, 705
134, 704
134, 703
134, 702
134, 701
135, 700
135, 699
135, 698
135, 697
135, 696
135, 695
135, 694
135, 693
135, 692
135, 691
136, 690
136, 689
136, 688
136, 687
136, 686
136, 685
136, 684
137, 683
137, 682
137, 681
137, 680
137, 679
137, 678
137, 677
137, 676
137, 675
137, 674
138, 673
138, 672
138, 671
138, 670
139, 669
139, 668
139, 667
139, 666
139, 665
139, 664
139, 663
139, 662
139, 661
139, 660
140, 659
140, 658
140, 657
141, 656
141, 655
141, 654
141, 653
141, 652
141, 651
141, 650
141, 649
141, 648
142, 647
142, 646
142, 645
143, 644
143, 643
143, 642
143, 641
143, 640
143, 639
143, 638
143, 637
143, 636
144, 635
144, 634
144, 633
144, 632
145, 631
145, 630
145, 629
145, 628
145, 627
145, 626
145, 625
145, 624
146, 623
146, 622
146, 621
147, 620
147, 619
147, 618
147, 617
147, 616
147, 615
147, 614
148, 613
148, 612
148, 611
148, 610
149, 609
149, 608
149, 607
149, 606
149, 605
149, 604
150, 603
150, 602
150, 601
150, 600
151, 599
151, 598
151, 597
151, 596
151, 595
151, 594
151, 593
152, 592
152, 591
152, 590
152, 589
153, 588
153, 587
153, 586
153, 585
153, 584
153, 583
153, 582
154, 581
154, 580
155, 579
155, 578
155, 577
155, 576
155, 575
155, 574
156, 573
156, 572
156, 571
156, 570
156, 569
157, 568
157, 567
157, 566
157, 565
158, 564
158, 563
158, 562
158, 561
159, 560
159, 559
159, 558
159, 557
159, 556
159, 555
160, 554
161, 553
161, 552
161, 551
161, 550
161, 549
162, 548
162, 547
162, 546
163, 545
163, 544
164, 543
164, 542
164, 541
165, 540
165, 539
165, 538
165, 537
166, 536
166, 535
167, 534
167, 533
168, 532
168, 531
168, 530
169, 529
170, 528
170, 527
171, 526
172, 525
172, 524
172, 523
172, 522
173, 521
174, 520
174, 519
175, 518
176, 517
176, 516
176, 515
177, 514
177, 513
177, 512
178, 511
179, 510
180, 509
180, 508
181, 507
181, 506
182, 505
182, 504
183, 503
183, 502
183, 501
184, 500
185, 499
185, 498
186, 497
187, 496
187, 495
188, 494
188, 493
189, 492
189, 491
190, 490
191, 489
191, 488
191, 487
192, 486
193, 485
193, 484
194, 483
195, 482
195, 481
195, 480
196, 479
196, 478
197, 477
197, 476
198, 475
199, 474
199, 473
199, 472
200, 471
200, 470
201, 469
201, 468
201, 467
201, 466
201, 465
200, 464
199, 463
198, 462
197, 461
196, 460
195, 459
194, 458
193, 457
192, 457
192, 456
191, 455
190, 454
189, 453
188, 452
187, 451
186, 450
185, 449
184, 448
183, 447
182, 446
181, 445
180, 444
180, 443
179, 442
178, 441
178, 440
177, 439
176, 438
176, 437
176, 436
175, 435
175, 434
174, 433
174, 432
174, 431
174, 430
174, 429
175, 428
176, 427
176, 426
177, 426
178, 425
178, 424
179, 423
180, 423
181, 423
182, 422
183, 422
184, 422
185, 421
186, 421
187, 421
188, 421
189, 421
190, 421
191, 421
192, 420
193, 420
194, 420
195, 420
196, 420
197, 420
198, 420
199, 420
200, 420
201, 420
202, 420
203, 420
204, 420
205, 420
206, 420
207, 420
208, 420
209, 420
210, 420
211, 420
212, 420
213, 420
214, 420
215, 419
216, 419
217, 419
218, 419
219, 418
220, 418
221, 418
222, 417
222, 416
222, 415
221, 414
221, 413
221, 412
221, 411
221, 410
221, 409
222, 408
222, 407
223, 406
224, 405
224, 404
225, 404
226, 403
227, 402
228, 402
229, 401
230, 400
231, 399
232, 399
233, 398
233, 399
234, 400
235, 400
236, 400
237, 399
237, 398
237, 397
238, 397
239, 397
240, 397
241, 397
242, 396
243, 396
244, 395
244, 394
244, 393
244, 392
244, 391
244, 390
245, 389
245, 388
245, 387
245, 386
246, 385
246, 384
246, 383
246, 382
246, 381
246, 380
246, 379
246, 378
246, 377
247, 376
247, 375
247, 374
248, 373
248, 372
248, 371
248, 370
249, 369
250, 369
251, 368
251, 367
251, 366
251, 365
251, 364
251, 363
251, 362
251, 361
251, 360
251, 359
251, 358
251, 357
251, 356
251, 355
251, 354
251, 353
251, 352
251, 351
251, 350
251, 349
251, 348
251, 347
250, 346
250, 345
250, 344
249, 343
250, 342
250, 341
250, 340
250, 339
250, 338
250, 337
249, 336
249, 335
249, 334
249, 333
249, 332
249, 331
249, 330
249, 329
249, 328
250, 328
250, 329
250, 330
250, 331
250, 332
251, 333
252, 333
253, 334
254, 335
254, 336
255, 337
256, 337
257, 337
258, 336
258, 335
258, 334
258, 333
257, 332
257, 331
256, 330
256, 329
255, 328
255, 327
255, 326
254, 325
254, 324
253, 323
253, 322
252, 321
252, 320
252, 319
251, 318
251, 317
251, 316
250, 315
250, 314
249, 313
249, 312
249, 311
248, 310
248, 309
247, 308
247, 307
247, 306
246, 305
246, 304
245, 303
245, 302
244, 301
244, 300
243, 299
243, 298
243, 297
243, 296
242, 295
242, 294
241, 293
241, 292
240, 291
240, 290
240, 289
239, 288
238, 287
238, 286
238, 285
237, 284
237, 283
237, 282
236, 281
236, 280
236, 279
235, 278
235, 277
235, 276
235, 275
234, 274
234, 273
233, 272
233, 271
233, 270
233, 269
233, 268
232, 267
232, 266
232, 265
232, 264
232, 263
231, 262
231, 261
231, 260
231, 259
231, 258
231, 257
231, 256
230, 255
230, 254
230, 253
229, 252
229, 251
229, 250
229, 249
229, 248
228, 247
228, 246
228, 245
228, 244
228, 243
227, 242
227, 241
227, 240
227, 239
227, 238
226, 237
226, 236
226, 235
225, 234
225, 233
225, 232
225, 231
225, 230
225, 229
224, 228
224, 227
224, 226
224, 225
224, 224
224, 223
223, 222
223, 221
223, 220
222, 219
222, 218
222, 217
222, 216
222, 215
221, 214
221, 213
221, 212
221, 211
220, 210
220, 209
220, 208
220, 207
220, 206
219, 205
219, 204
219, 203
219, 202
219, 201
219, 200
219, 199
218, 198
218, 197
218, 196
217, 195
217, 194
217, 193
217, 192
217, 191
217, 190
216, 189
216, 188
215, 187
215, 186
215, 185
215, 184
215, 183
215, 182
215, 181
214, 180
214, 179
214, 178
213, 177
213, 176
213, 175
213, 174
213, 173
213, 172
213, 171
213, 170
212, 169
212, 168
212, 167
211, 166
211, 165
211, 164
211, 163
211, 162
211, 161
211, 160
211, 159
211, 158
212, 157
213, 157
214, 157
215, 156
216, 156
217, 156
218, 155
218, 156
218, 157
218, 158
219, 159
220, 160
220, 161
220, 162
221, 163
222, 164
222, 165
222, 166
223, 167
224, 168
224, 169
224, 170
225, 171
226, 172
226, 173
226, 174
227, 175
228, 176
228, 177
229, 178
230, 179
230, 180
230, 181
230, 182
231, 183
232, 184
232, 185
232, 186
233, 187
234, 188
234, 189
234, 190
234, 191
235, 192
236, 192
236, 193
236, 194
237, 195
238, 195
238, 196
238, 197
238, 198
238, 199
239, 200
240, 201
240, 202
240, 203
240, 204
241, 205
242, 205
242, 206
242, 207
243, 208
244, 209
244, 210
244, 211
244, 212
245, 213
246, 213
246, 214
246, 215
246, 216
247, 217
248, 218
248, 219
248, 220
248, 221
249, 222
250, 222
250, 223
250, 224
250, 225
250, 226
251, 227
252, 228
252, 229
252, 230
252, 231
252, 232
253, 233
254, 233
254, 234
254, 235
255, 236
256, 237
256, 238
256, 239
256, 240
257, 241
258, 242
258, 243
258, 244
259, 245
260, 246
260, 247
261, 248
262, 248
263, 248
264, 248
265, 247
265, 246
265, 245
264, 244
264, 243
265, 243
266, 243
267, 243
268, 243
269, 243
268, 244
268, 245
268, 246
269, 247
269, 248
269, 249
270, 250
271, 250
271, 251
271, 252
271, 253
272, 254
273, 255
273, 256
274, 257
274, 258
274, 259
275, 260
275, 261
276, 262
276, 263
276, 264
276, 265
276, 266
276, 267
276, 268
276, 269
277, 270
276, 271
276, 272
276, 273
277, 274
278, 275
279, 275
280, 275
281, 274
282, 274
283, 274
284, 273
285, 273
286, 273
287, 273
288, 273
289, 273
290, 273
291, 273
292, 272
293, 271
294, 270
294, 269
294, 268
294, 267
294, 266
294, 265
294, 264
294, 263
295, 262
295, 261
295, 260
295, 259
295, 258
295, 257
295, 256
295, 255
295, 254
295, 253
296, 252
296, 251
296, 250
296, 249
296, 248
296, 247
296, 246
296, 245
295, 244
296, 243
296, 242
296, 241
296, 240
297, 239
297, 238
297, 237
297, 236
297, 235
297, 234
297, 233
297, 232
296, 231
296, 230
296, 229
296, 228
297, 227
297, 226
297, 225
297, 224
297, 223
297, 222
297, 221
297, 220
298, 219
298, 218
298, 217
298, 216
298, 215
297, 214
297, 213
297, 212
297, 211
297, 210
298, 209
298, 208
298, 207
298, 206
298, 205
298, 204
298, 203
298, 202
298, 201
298, 200
298, 199
298, 198
299, 197
299, 196
299, 195
299, 194
299, 193
299, 192
299, 191
300, 190
300, 189
300, 188
299, 187
299, 186
299, 185
299, 184
299, 183
299, 182
299, 181
299, 180
299, 179
299, 178
299, 177
299, 176
299, 175
299, 174
300, 173
300, 172
300, 171
300, 170
300, 169
301, 168
301, 167
301, 166
301, 165
301, 164
301, 163
301, 162
301, 161
301, 160
301, 159
302, 158
302, 157
302, 156
303, 156
304, 155
304, 154
304, 153
305, 152
305, 151
306, 150
306, 149
306, 148
306, 147
307, 146
307, 145
308, 145
309, 145
310, 146
311, 146
312, 146
313, 147
313, 148
313, 149
314, 150
314, 151
314, 152
314, 153
314, 154
315, 155
315, 156
315, 157
316, 158
316, 159
316, 160
316, 161
317, 162
317, 163
317, 164
317, 165
317, 166
317, 167
317, 168
317, 169
318, 170
318, 171
318, 172
318, 173
318, 174
318, 175
319, 176
319, 177
320, 178
320, 179
320, 180
320, 181
320, 182
320, 183
320, 184
321, 185
322, 186
322, 187
321, 188
321, 189
321, 190
322, 191
322, 192
322, 193
322, 194
322, 195
322, 196
323, 197
323, 198
323, 199
323, 200
324, 201
324, 202
324, 203
324, 204
324, 205
324, 206
324, 207
324, 208
324, 209
324, 210
325, 211
326, 212
326, 213
326, 214
326, 215
326, 216
326, 217
326, 218
326, 219
326, 220
327, 221
328, 222
328, 223
328, 224
328, 225
328, 226
328, 227
328, 228
328, 229
328, 230
328, 231
328, 232
329, 233
330, 233
330, 234
330, 235
330, 236
330, 237
330, 238
330, 239
330, 240
330, 241
330, 242
330, 243
330, 244
330, 245
330, 246
330, 247
330, 248
330, 249
330, 250
330, 251
331, 252
331, 253
331, 254
331, 255
332, 256
332, 257
332, 258
332, 259
332, 260
332, 261
332, 262
332, 263
332, 264
332, 265
332, 266
332, 267
332, 268
332, 269
332, 270
332, 271
332, 272
332, 273
332, 274
332, 275
332, 276
332, 277
332, 278
332, 279
332, 280
332, 281
332, 282
332, 283
332, 284
332, 285
332, 286
331, 287
331, 288
330, 289
330, 290
329, 291
329, 292
329, 293
329, 294
329, 295
328, 296
328, 297
327, 298
327, 299
327, 300
327, 301
327, 302
327, 303
327, 304
327, 305
328, 306
328, 307
328, 308
328, 309
329, 310
330, 310
330, 311
330, 312
330, 313
330, 314
331, 315
332, 315
332, 316
332, 317
332, 318
333, 319
334, 320
334, 321
334, 322
335, 323
336, 324
336, 325
336, 326
336, 327
337, 328
338, 329
338, 330
338, 331
339, 332
340, 332
340, 333
340, 334
340, 335
341, 336
342, 337
342, 338
342, 339
343, 340
344, 341
344, 342
344, 343
344, 344
345, 345
346, 345
346, 346
346, 347
346, 348
347, 349
348, 349
348, 350
348, 351
348, 352
349, 353
350, 353
350, 354
350, 355
350, 356
350, 357
351, 358
352, 358
352, 359
352, 360
352, 361
353, 362
354, 362
354, 363
354, 364
354, 365
354, 366
355, 367
356, 367
356, 368
356, 369
356, 370
356, 371
356, 372
356, 373
356, 374
356, 375
356, 376
357, 377
357, 378
357, 379
358, 380
358, 381
358, 382
359, 383
359, 384
359, 385
360, 386
360, 387
361, 388
362, 388
363, 388
364, 388
365, 388
366, 388
367, 387
368, 387
369, 386
370, 386
371, 385
371, 384
372, 384
373, 383
374, 383
375, 383
376, 382
377, 382
378, 382
379, 382
380, 383
381, 384
381, 385
382, 386
383, 386
383, 387
383, 388
384, 389
385, 389
385, 390
386, 391
387, 391
387, 392
387, 393
388, 394
389, 394
389, 395
390, 396
391, 396
392, 397
393, 397
393, 398
394, 399
395, 399
396, 399
397, 399
398, 399
399, 400
399, 401
400, 402
400, 403
401, 404
402, 404
403, 404
404, 404
405, 404
406, 404
407, 404
408, 403
409, 402
410, 402
411, 402
412, 401
413, 401
414, 400
415, 400
416, 399
417, 399
418, 398
419, 398
420, 397
421, 398
422, 398
423, 398
424, 397
424, 396
425, 395
426, 395
427, 394
428, 394
428, 395
429, 396
430, 396
431, 396
432, 396
433, 396
434, 395
434, 396
434, 397
434, 398
433, 399
432, 400
432, 401
431, 402
431, 403
430, 404
429, 405
429, 406
428, 407
427, 408
427, 409
427, 410
426, 410
425, 411
425, 412
425, 413
424, 414
424, 415
423, 416
423, 417
422, 418
422, 419
421, 420
421, 421
420, 422
420, 423
420, 424
420, 425
419, 426
419, 427
419, 428
419, 429
418, 430
418, 431
418, 432
418, 433
418, 434
418, 435
419, 436
419, 437
419, 438
420, 439
421, 440
421, 441
422, 442
423, 443
424, 444
424, 445
425, 446
426, 447
427, 448
428, 449
429, 450
430, 451
431, 452
432, 453
433, 454
434, 455
435, 455
435, 456
436, 457
437, 457
438, 458
439, 459
440, 460
441, 460
442, 461
443, 462
444, 463
445, 464
446, 465
447, 466
448, 466
449, 467
450, 468
451, 469
452, 470
453, 471
454, 472
455, 473
456, 474
456, 475
457, 476
458, 476
459, 477
460, 478
461, 479
462, 480
463, 481
464, 482
465, 483
466, 484
467, 485
468, 486
469, 487
470, 488
470, 489
471, 490
472, 491
473, 492
474, 493
475, 494
476, 495
477, 495
477, 496
477, 497
478, 498
479, 499
480, 500
481, 501
481, 502
482, 503
482, 504
483, 505
483, 506
484, 507
485, 508
486, 509
486, 510
487, 511
487, 512
488, 513
489, 514
489, 515
490, 516
490, 517
491, 518
492, 519
493, 520
493, 521
494, 522
494, 523
495, 524
495, 525
496, 526
496, 527
497, 528
497, 529
498, 530
498, 531
499, 532
500, 533
500, 534
501, 535
502, 536
502, 537
503, 538
503, 539
503, 540
503, 541
504, 542
505, 543
505, 544
506, 545
507, 545
507, 546
507, 547
507, 548
508, 549
509, 550
509, 551
509, 552
510, 553
511, 553
511, 554
511, 555
512, 556
512, 557
513, 558
514, 559
514, 560
515, 561
516, 562
517, 562
517, 563
517, 564
518, 565
519, 565
519, 566
519, 567
520, 568
521, 569
521, 570
522, 571
522, 572
523, 573
524, 574
524, 575
525, 576
525, 577
526, 578
526, 579
526, 580
526, 581
526, 582
527, 583
528, 584
528, 585
529, 586
529, 587
530, 588
530, 589
531, 590
532, 591
533, 592
533, 593
534, 594
535, 595
535, 596
535, 597
536, 598
536, 599
536, 600
537, 601
538, 602
538, 603
539, 604
540, 605
541, 606
541, 607
542, 608
542, 609
542, 610
543, 611
543, 612
544, 613
544, 614
544, 615
545, 616
545, 617
546, 618
546, 619
546, 620
547, 621
548, 622
549, 622
548, 623
548, 624
548, 625
549, 626
550, 626
551, 626
551, 627
551, 628
551, 629
552, 630
553, 631
553, 632
553, 633
554, 634
555, 634
555, 635
555, 636
555, 637
555, 638
555, 639
556, 640
557, 640
557, 641
557, 642
557, 643
558, 644
559, 645
559, 646
559, 647
560, 648
560, 649
560, 650
561, 651
562, 652
563, 653
563, 654
563, 655
563, 656
564, 657
564, 658
564, 659
565, 660
565, 661
566, 662
567, 663
567, 664
567, 665
568, 666
568, 667
569, 668
569, 669
569, 670
570, 671
571, 672
571, 673
571, 674
572, 675
572, 676
573, 677
573, 678
573, 679
574, 680
575, 680
575, 681
575, 682
575, 683
575, 684
575, 685
576, 686
577, 686
577, 687
577, 688
577, 689
577, 690
577, 691
578, 692
578, 693
578, 694
579, 695
579, 696
580, 697
581, 698
581, 699
581, 700
581, 701
581, 702
582, 703
582, 704
582, 705
582, 706
583, 707
583, 708
583, 709
583, 710
584, 711
584, 712
584, 713
585, 714
586, 714
587, 714
587, 715
587, 716
588, 717
588, 718
588, 719
589, 720
589, 721
589, 722
590, 723
590, 724
590, 725
591, 726
591, 727
591, 728
591, 729
592, 730
592, 731
592, 732
592, 733
593, 734
593, 735
593, 736
593, 737
594, 738
594, 739
594, 740
594, 741
595, 742
595, 743
594, 744
594, 745
594, 746
594, 747
594, 748
594, 749
594, 750
594, 751
593, 752
593, 753
593, 754
593, 755
592, 756
591, 757
591, 758
590, 759
589, 760
589, 761
589, 762
588, 763
587, 764
586, 765
585, 766
585, 767
584, 768
583, 769
582, 769
581, 770
581, 771
580, 771
579, 772
578, 772
577, 773
576, 773
575, 774
574, 774
573, 775
572, 775
571, 775
570, 776
569, 776
568, 776
567, 777
566, 777
565, 777
564, 777
563, 777
562, 778
561, 778
560, 778
559, 778
558, 778
557, 778
556, 778
555, 779
554, 779
553, 779
552, 779
551, 779
550, 779
549, 779
548, 778
547, 778
546, 777
545, 776
544, 776
543, 775
542, 774
541, 774
540, 773
540, 772
539, 771
538, 770
537, 769
536, 768
535, 767
535, 766
535, 765
535, 764
535, 763
534, 762
534, 761
533, 760
533, 759
533, 758
532, 757
532, 756
532, 755
531, 754
531, 753
531, 752
531, 751
531, 750
531, 749
530, 748
530, 747
530, 746
530, 745
529, 744
529, 743
529, 742
529, 741
529, 740
529, 739
529, 738
528, 737
528, 736
528, 735
528, 734
528, 733
528, 732
528, 731
527, 730
527, 729
527, 728
527, 727
527, 726
526, 725
526, 724
526, 723
526, 722
526, 721
525, 720
525, 719
525, 718
525, 717
525, 716
524, 715
524, 714
524, 713
524, 712
524, 711
523, 710
523, 709
523, 708
523, 707
523, 706
522, 705
522, 704
522, 703
521, 702
521, 701
521, 700
521, 699
520, 698
520, 697
520, 696
519, 695
519, 694
519, 693
519, 692
518, 691
518, 690
518, 689
517, 688
517, 687
517, 686
516, 685
516, 684
515, 683
515, 682
515, 681
515, 680
514, 679
514, 678
513, 677
513, 676
513, 675
512, 674
512, 673
511, 672
511, 671
511, 670
510, 669
510, 668
509, 667
509, 666
509, 665
508, 664
508, 663
507, 662
507, 661
506, 660
506, 659
505, 658
505, 657
505, 656
504, 655
504, 654
503, 653
503, 652
502, 651
502, 650
501, 649
501, 648
501, 647
500, 646
499, 645
499, 644
499, 643
498, 642
498, 641
497, 640
497, 639
496, 638
495, 637
495, 636
495, 635
494, 634
493, 633
493, 632
492, 631
491, 630
491, 629
490, 628
489, 627
489, 626
488, 625
488, 624
487, 623
487, 622
486, 621
485, 620
485, 619
484, 618
483, 617
483, 616
482, 615
481, 614
481, 613
480, 612
479, 611
479, 610
478, 609
477, 608
477, 607
476, 606
475, 605
474, 604
474, 603
473, 602
472, 601
471, 600
471, 599
470, 598
469, 597
469, 596
468, 595
467, 594
466, 593
465, 592
465, 591
464, 590
463, 589
462, 588
461, 587
461, 586
460, 585
459, 584
458, 583
457, 582
456, 581
456, 580
455, 579
454, 578
453, 577
452, 576
451, 575
451, 574
450, 573
449, 572
448, 571
447, 570
446, 569
445, 568
445, 567
444, 566
443, 565
442, 564
441, 563
441, 562
440, 561
439, 560
438, 559
437, 558
436, 557
435, 556
434, 555
433, 554
433, 553
432, 552
431, 551
430, 550
429, 549
428, 548
427, 547
427, 546
426, 545
425, 544
424, 543
423, 542
422, 541
421, 540
420, 539
419, 538
419, 537
418, 536
417, 535
416, 534
415, 533
414, 532
413, 531
413, 530
412, 529
411, 528
410, 527
409, 526
409, 525
408, 524
407, 524
407, 523
406, 522
405, 521
405, 520
404, 519
403, 518
402, 517
401, 516
400, 515
399, 514
398, 513
397, 512
397, 511
396, 510
395, 509
394, 508
393, 507
393, 506
392, 505
391, 505
391, 504
390, 503
389, 502
388, 501
387, 500
386, 499
386, 498
385, 497
384, 496
383, 495
382, 494
381, 493
380, 492
379, 491
379, 490
378, 489
377, 488
376, 487
376, 486
375, 485
374, 484
373, 483
372, 482
371, 481
371, 480
370, 479
369, 478
368, 477
367, 476
367, 475
366, 474
365, 473
365, 472
364, 471
363, 470
362, 469
361, 468
361, 467
360, 466
359, 465
359, 464
358, 463
357, 462
357, 461
356, 460
355, 459
354, 458
353, 457
353, 456
352, 455
352, 454
352, 453
352, 452
352, 451
352, 450
352, 449
352, 448
352, 447
352, 446
351, 445
351, 444
350, 443
350, 442
349, 441
348, 440
348, 439
347, 438
346, 437
345, 436
345, 435
344, 434
344, 433
343, 432
343, 431
342, 430
341, 429
341, 428
340, 427
339, 426
339, 425
338, 424
337, 423
337, 422
336, 421
335, 420
335, 419
334, 418
334, 417
333, 416
332, 415
331, 414
331, 413
331, 412
330, 411
329, 410
328, 409
328, 408
327, 407
327, 406
326, 405
325, 404
325, 403
324, 402
323, 401
323, 400
322, 399
322, 398
321, 397
320, 396
320, 395
319, 394
319, 393
318, 392
317, 392
316, 391
315, 391
314, 391
313, 391
312, 392
312, 393
312, 394
312, 395
313, 396
314, 397
314, 398
314, 399
314, 400
314, 401
315, 402
315, 403
315, 404
315, 405
315, 406
316, 407
316, 408
316, 409
316, 410
316, 411
316, 412
316, 413
316, 414
315, 415
315, 416
315, 417
316, 418
317, 419
316, 419
315, 420
315, 421
315, 422
315, 423
315, 424
315, 425
315, 426
314, 427
314, 428
313, 429
313, 430
313, 431
312, 432
311, 432
310, 432
309, 432
308, 432
307, 433
307, 434
306, 434
305, 435
304, 434
303, 434
302, 434
301, 434
300, 434
299, 434
298, 434
297, 434
296, 434
296, 433
296, 432
295, 431
294, 430
294, 429
293, 428
293, 427
292, 426
291, 426
291, 425
291, 424
290, 423
289, 423
289, 422
289, 421
288, 420
287, 419
286, 418
285, 418
284, 417
284, 416
283, 415
282, 415
281, 415
280, 416
280, 417
280, 418
280, 419
279, 420
278, 421
278, 422
278, 423
278, 424
278, 425
277, 426
277, 427
276, 428
276, 429
275, 430
275, 431
275, 432
275, 433
274, 434
274, 435
274, 436
274, 437
273, 438
273, 439
273, 440
273, 441
274, 442
274, 443
274, 444
275, 445
275, 446
276, 447
276, 448
276, 449
276, 450
276, 451
275, 452
275, 453
274, 454
274, 455
274, 456
274, 457
273, 458
273, 459
272, 460
272, 461
272, 462
271, 463
271, 464
270, 465
270, 466
270, 467
269, 468
269, 469
269, 470
268, 471
268, 472
268, 473
267, 474
267, 475
266, 476
266, 477
266, 478
265, 479
265, 480
264, 481
264, 482
263, 483
263, 484
263, 485
262, 486
262, 487
262, 488
261, 489
261, 490
260, 491
260, 492
259, 493
259, 494
258, 495
258, 496
258, 497
257, 498
256, 499
256, 500
256, 501
255, 502
255, 503
254, 504
254, 505
253, 506
253, 507
252, 508
252, 509
251, 510
251, 511
251, 512
251, 513
250, 514
249, 515
249, 516
248, 517
248, 518
247, 519
247, 520
246, 521
246, 522
246, 523
245, 524
245, 525
245, 526
244, 527
243, 528
243, 529
242, 530
242, 531
242, 532
241, 533
241, 534
241, 535
240, 536
239, 537
239, 538
238, 539
238, 540
238, 541
237, 542
237, 543
236, 544
236, 545
236, 546
235, 547
235, 548
235, 549
234, 550
234, 551
233, 552
233, 553
232, 554
232, 555
231, 556
231, 557
230, 558
230, 559
230, 560
229, 561
229, 562
228, 563
228, 564
227, 565
227, 566
227, 567
226, 568
226, 569
225, 570
225, 571
225, 572
224, 573
224, 574
223, 575
223, 576
222, 577
222, 578
221, 579
221, 580
221, 581
220, 582
220, 583
219, 584
219, 585
218, 586
218, 587
217, 588
217, 589
217, 590
216, 591
216, 592
216, 593
215, 594
214, 595
214, 596
213, 597
213, 598
213, 599
212, 600
212, 601
211, 602
211, 603
211, 604
210, 605
210, 606
209, 607
209, 608
209, 609
208, 610
208, 611
208, 612
207, 613
207, 614
207, 615
206, 616
206, 617
205, 618
205, 619
205, 620
204, 621
204, 622
204, 623
203, 624
203, 625
203, 626
202, 627
202, 628
201, 629
201, 630
201, 631
200, 632
200, 633
200, 634
199, 635
199, 636
199, 637
198, 638
198, 639
198, 640
198, 641
197, 642
197, 643
197, 644
196, 645
196, 646
196, 647
196, 648
195, 649
195, 650
195, 651
194, 652
194, 653
194, 654
194, 655
193, 656
193, 657
193, 658
193, 659
192, 660
192, 661
192, 662
192, 663
192, 664
191, 665
191, 666
191, 667
191, 668
191, 669
190, 670
190, 671
190, 672
190, 673
190, 674
189, 675
189, 676
189, 677
189, 678
189, 679
189, 680
188, 681
188, 682
188, 683
188, 684
188, 685
188, 686
188, 687
188, 688
188, 689
187, 690
187, 691
187, 692
187, 693
187, 694
187, 695
187, 696
187, 697
187, 698
187, 699
187, 700
186, 701
186, 702
186, 703
186, 704
186, 705
186, 706
186, 707
186, 708
186, 709
186, 710
186, 711
186, 712
186, 713
186, 714
186, 715
186, 716
186, 717
186, 718
186, 719
186, 720
186, 721
186, 722
186, 723
186, 724
186, 725
186, 726
186, 727
186, 728
186, 729
186, 730
186, 731
186, 732
186, 733
186, 734
186, 735
186, 736
187, 737
187, 738
187, 739
187, 740
187, 741
187, 742
187, 743
187, 744
187, 745
187, 746
187, 747
187, 748
187, 749
188, 750
188, 751
188, 752
188, 753
188, 754
188, 755
188, 756
189, 757
189, 758
189, 759
189, 760
189, 761
189, 762
190, 763
190, 764
190, 765
190, 766
190, 767
190, 768
190, 769
191, 770
191, 771
191, 772
191, 773
192, 774
192, 775
192, 776
192, 777
192, 778
192, 779
192, 780
193, 781
193, 782
193, 783
193, 784
193, 785
194, 786
194, 787
194, 788
194, 789
194, 790
194, 791
195, 792
195, 793
195, 794
195, 795
195, 796
195, 797
195, 798
196, 799
196, 800
196, 801
196, 802
196, 803
196, 804
196, 805
196, 806
196, 807
196, 808
196, 809
196, 810
196, 811
196, 812
196, 813
195, 814
195, 815
194, 816
194, 817
193, 818
192, 819
191, 820
190, 820
189, 821
188, 822
187, 822
186, 822
185, 822
184, 823
183, 823
182, 823
181, 823
180, 823
179, 823
178, 823
177, 823
176, 823
175, 822
174, 822
173, 822
172, 822
171, 822
170, 821
169, 821
168, 821
167, 821
166, 822
165, 822
164, 822
163, 822
162, 822
161, 822
160, 822
159, 822
158, 821
157, 821
156, 821
155, 821
154, 820
153, 820
152, 819
151, 819
150, 819
149, 818
148, 818
147, 817
146, 816
145, 815
144, 814
143, 814
143, 813
142, 812
141, 811
140, 810
139, 809
139, 808
138, 807
138, 806
137, 805
136, 804
135, 803
135, 802
134, 801
134, 800
133, 799
133, 798
133, 797
133, 796
132, 795
132, 794
132, 793
131, 792
131, 791
131, 790
131, 789
131, 788
131, 787
131, 786
131, 785
131, 784
131, 783
130, 782
130, 781
130, 780
130, 779
130, 778
129, 777
129, 776
129, 775
129, 774
129, 773
129, 772
129, 771
129, 770
129, 769
129, 768
129, 767
129, 766
129, 765
129, 764
129, 763
129, 762
129, 761
129, 760
129, 759
129, 758
129, 757
129, 756
129, 755
129, 754
129, 753
129, 752
