95, 693
95, 692
95, 691
95, 690
95, 689
95, 688
95, 687
95, 686
95, 685
95, 684
95, 683
96, 682
96, 681
96, 680
96, 679
96, 678
96, 677
96, 676
96, 675
96, 674
96, 673
96, 672
96, 671
96, 670
96, 669
96, 668
96, 667
97, 666
97, 665
97, 664
97, 663
97, 662
97, 661
97, 660
97, 659
97, 658
97, 657
98, 656
98, 655
98, 654
98, 653
98, 652
98, 651
98, 650
98, 649
98, 648
98, 647
98, 646
98, 645
98, 644
98, 643
99, 642
99, 641
99, 640
99, 639
99, 638
99, 637
99, 636
99, 635
99, 634
99, 633
100, 632
100, 631
100, 630
100, 629
100, 628
100, 627
100, 626
100, 625
100, 624
100, 623
100, 622
100, 621
100, 620
100, 619
100, 618
100, 617
101, 616
101, 615
101, 614
101, 613
101, 612
101, 611
101, 610
101, 609
101, 608
101, 607
102, 606
102, 605
102, 604
102, 603
102, 602
102, 601
102, 600
102, 599
102, 598
102, 597
102, 596
102, 595
102, 594
102, 593
103, 592
103, 591
103, 590
103, 589
103, 588
103, 587
103, 586
103, 585
103, 584
103, 583
103, 582
104, 581
104, 580
104, 579
104, 578
104, 577
104, 576
104, 575
104, 574
104, 573
104, 572
104, 571
104, 570
104, 569
105, 568
105, 567
105, 566
105, 565
105, 564
105, 563
105, 562
105, 561
105, 560
105, 559
106, 558
106, 557
106, 556
106, 555
106, 554
106, 553
106, 552
106, 551
106, 550
106, 549
106, 548
106, 547
106, 546
106, 545
106, 544
106, 543
107, 542
107, 541
107, 540
107, 539
107, 538
107, 537
107, 536
107, 535
107, 534
108, 533
108, 532
108, 531
108, 530
108, 529
108, 528
108, 527
108, 526
108, 525
108, 524
108, 523
108, 522
108, 521
108, 520
108, 519
109, 518
109, 517
109, 516
109, 515
109, 514
109, 513
109, 512
109, 511
109, 510
109, 509
109, 508
110, 507
110, 506
110, 505
110, 504
110, 503
110, 502
110, 501
110, 500
110, 499
110, 498
110, 497
110, 496
110, 495
110, 494
110, 493
111, 492
111, 491
111, 490
111, 489
111, 488
111, 487
111, 486
111, 485
111, 484
111, 483
112, 482
112, 481
112, 480
112, 479
112, 478
112, 477
112, 476
112, 475
112, 474
112, 473
112, 472
113, 471
113, 470
113, 469
113, 468
113, 467
113, 466
113, 465
113, 464
113, 463
113, 462
113, 461
113, 460
114, 459
114, 458
114, 457
114, 456
114, 455
114, 454
114, 453
114, 452
114, 451
114, 450
114, 449
114, 448
114, 447
115, 446
115, 445
115, 444
115, 443
115, 442
115, 441
115, 440
115, 439
115, 438
115, 437
116, 436
116, 435
116, 434
116, 433
116, 432
116, 431
116, 430
116, 429
116, 428
116, 427
116, 426
116, 425
116, 424
116, 423
116, 422
116, 421
117, 420
117, 419
117, 418
117, 417
117, 416
117, 415
117, 414
117, 413
117, 412
117, 411
118, 410
118, 409
118, 408
118, 407
118, 406
118, 405
118, 404
118, 403
118, 402
118, 401
118, 400
118, 399
118, 398
118, 397
118, 396
119, 395
119, 394
119, 393
119, 392
119, 391
119, 390
119, 389
119, 388
119, 387
120, 386
120, 385
120, 384
120, 383
120, 382
120, 381
120, 380
120, 379
120, 378
120, 377
120, 376
120, 375
120, 374
120, 373
120, 372
121, 371
121, 370
121, 369
121, 368
121, 367
121, 366
121, 365
121, 364
121, 363
122, 362
122, 361
122, 360
122, 359
122, 358
122, 357
122, 356
122, 355
122, 354
122, 353
122, 352
122, 351
122, 350
122, 349
122, 348
122, 347
123, 346
123, 345
123, 344
123, 343
123, 342
123, 341
123, 340
123, 339
123, 338
124, 337
124, 336
124, 335
124, 334
124, 333
124, 332
124, 331
124, 330
124, 329
124, 328
124, 327
124, 326
125, 325
125, 324
125, 323
125, 322
125, 321
125, 320
125, 319
125, 318
125, 317
125, 316
125, 315
125, 314
126, 313
126, 312
126, 311
126, 310
126, 309
126, 308
126, 307
126, 306
126, 305
126, 304
126, 303
126, 302
126, 301
126, 300
126, 299
127, 298
127, 297
127, 296
127, 295
127, 294
127, 293
127, 292
127, 291
127, 290
127, 289
128, 288
128, 287
128, 286
128, 285
128, 284
128, 283
128, 282
128, 281
128, 280
128, 279
128, 278
128, 277
129, 276
129, 275
129, 274
129, 273
129, 272
129, 271
129, 270
129, 269
129, 268
129, 267
129, 266
129, 265
130, 264
130, 263
130, 262
130, 261
130, 260
130, 259
130, 258
130, 257
130, 256
130, 255
130, 254
130, 253
130, 252
130, 251
131, 250
131, 249
131, 248
131, 247
131, 246
131, 245
131, 244
131, 243
131, 242
131, 241
132, 240
132, 239
132, 238
132, 237
132, 236
132, 235
132, 234
132, 233
132, 232
132, 231
132, 230
132, 229
132, 228
132, 227
133, 226
133, 225
133, 224
133, 223
133, 222
133, 221
133, 220
133, 219
133, 218
134, 217
134, 216
134, 215
134, 214
134, 213
134, 212
134, 211
134, 210
134, 209
134, 208
134, 207
134, 206
134, 205
134, 204
134, 203
135, 202
135, 201
135, 200
135, 199
135, 198
135, 197
135, 196
135, 195
135, 194
135, 193
136, 192
136, 191
136, 190
136, 189
136, 188
136, 187
136, 186
136, 185
136, 184
136, 183
137, 182
138, 181
138, 180
139, 179
139, 178
140, 177
141, 176
142, 175
142, 174
142, 173
142, 172
142, 171
142, 170
142, 169
142, 168
143, 167
143, 166
143, 165
143, 164
144, 163
144, 162
144, 161
144, 160
144, 159
145, 158
145, 157
145, 156
146, 155
146, 154
146, 153
146, 152
146, 151
147, 150
147, 149
147, 148
148, 147
148, 146
148, 145
148, 144
148, 143
148, 142
149, 141
149, 140
149, 139
149, 138
150, 137
150, 136
150, 135
150, 134
150, 133
150, 132
150, 131
150, 130
151, 129
151, 128
152, 127
152, 126
153, 125
154, 125
155, 125
156, 125
157, 124
158, 124
159, 125
160, 125
161, 126
162, 126
163, 127
164, 128
164, 129
164, 130
164, 131
164, 132
164, 133
164, 134
164, 135
164, 136
164, 137
165, 138
165, 139
164, 140
164, 141
164, 142
165, 143
165, 144
165, 145
165, 146
165, 147
165, 148
165, 149
165, 150
165, 151
165, 152
165, 153
165, 154
165, 155
165, 156
165, 157
165, 158
165, 159
165, 160
165, 161
165, 162
165, 163
165, 164
165, 165
165, 166
165, 167
166, 168
166, 169
166, 170
165, 171
165, 172
165, 173
165, 174
165, 175
165, 176
165, 177
165, 178
166, 179
167, 180
167, 181
167, 182
167, 183
168, 184
168, 185
169, 186
169, 187
168, 188
168, 189
168, 190
168, 191
167, 192
167, 193
167, 194
167, 195
167, 196
167, 197
167, 198
167, 199
167, 200
167, 201
167, 202
167, 203
167, 204
167, 205
167, 206
167, 207
167, 208
167, 209
166, 210
166, 211
166, 212
166, 213
166, 214
165, 215
165, 216
165, 217
165, 218
165, 219
165, 220
165, 221
165, 222
165, 223
165, 224
165, 225
165, 226
165, 227
165, 228
165, 229
165, 230
165, 231
165, 232
165, 233
165, 234
165, 235
165, 236
165, 237
164, 238
164, 239
164, 240
164, 241
163, 242
163, 243
163, 244
163, 245
163, 246
163, 247
163, 248
163, 249
163, 250
163, 251
163, 252
163, 253
163, 254
163, 255
163, 256
163, 257
163, 258
163, 259
163, 260
163, 261
162, 262
162, 263
162, 264
162, 265
161, 266
161, 267
161, 268
161, 269
161, 270
161, 271
161, 272
161, 273
161, 274
161, 275
161, 276
161, 277
161, 278
161, 279
161, 280
161, 281
161, 282
161, 283
161, 284
161, 285
161, 286
161, 287
160, 288
160, 289
160, 290
160, 291
159, 292
159, 293
159, 294
159, 295
159, 296
159, 297
159, 298
159, 299
159, 300
159, 301
159, 302
159, 303
159, 304
159, 305
159, 306
159, 307
159, 308
159, 309
159, 310
159, 311
159, 312
159, 313
158, 314
158, 315
158, 316
158, 317
157, 318
157, 319
157, 320
157, 321
157, 322
157, 323
157, 324
157, 325
157, 326
157, 327
157, 328
157, 329
157, 330
157, 331
157, 332
157, 333
157, 334
157, 335
157, 336
157, 337
156, 338
156, 339
156, 340
156, 341
156, 342
155, 343
155, 344
155, 345
155, 346
155, 347
155, 348
155, 349
155, 350
155, 351
155, 352
155, 353
155, 354
155, 355
155, 356
155, 357
155, 358
155, 359
155, 360
155, 361
155, 362
155, 363
154, 364
154, 365
154, 366
154, 367
153, 368
153, 369
153, 370
153, 371
153, 372
153, 373
153, 374
153, 375
153, 376
153, 377
153, 378
153, 379
153, 380
153, 381
153, 382
153, 383
153, 384
153, 385
153, 386
153, 387
153, 388
153, 389
152, 390
152, 391
152, 392
152, 393
151, 394
151, 395
151, 396
151, 397
151, 398
151, 399
151, 400
151, 401
151, 402
151, 403
151, 404
151, 405
151, 406
151, 407
151, 408
151, 409
151, 410
151, 411
151, 412
151, 413
151, 414
151, 415
150, 416
150, 417
150, 418
150, 419
150, 420
149, 421
149, 422
149, 423
149, 424
149, 425
149, 426
149, 427
149, 428
149, 429
149, 430
149, 431
149, 432
149, 433
149, 434
149, 435
149, 436
149, 437
149, 438
149, 439
149, 440
148, 441
148, 442
148, 443
147, 444
147, 445
147, 446
147, 447
147, 448
147, 449
147, 450
147, 451
147, 452
147, 453
147, 454
147, 455
147, 456
147, 457
147, 458
147, 459
147, 460
147, 461
147, 462
147, 463
147, 464
147, 465
147, 466
146, 467
146, 468
146, 469
146, 470
145, 471
145, 472
145, 473
145, 474
145, 475
145, 476
145, 477
145, 478
145, 479
145, 480
145, 481
145, 482
145, 483
145, 484
145, 485
145, 486
145, 487
145, 488
145, 489
145, 490
145, 491
144, 492
144, 493
144, 494
143, 495
143, 496
143, 497
143, 498
143, 499
143, 500
143, 501
143, 502
143, 503
143, 504
143, 505
143, 506
143, 507
143, 508
143, 509
143, 510
143, 511
143, 512
143, 513
143, 514
143, 515
143, 516
143, 517
142, 518
142, 519
142, 520
142, 521
141, 522
141, 523
141, 524
141, 525
141, 526
141, 527
141, 528
141, 529
141, 530
141, 531
141, 532
141, 533
141, 534
141, 535
141, 536
141, 537
141, 538
141, 539
141, 540
141, 541
141, 542
141, 543
141, 544
141, 545
140, 546
140, 547
139, 548
139, 549
139, 550
139, 551
139, 552
139, 553
139, 554
139, 555
139, 556
139, 557
139, 558
139, 559
139, 560
139, 561
139, 562
139, 563
139, 564
139, 565
139, 566
139, 567
139, 568
139, 569
139, 570
138, 571
138, 572
138, 573
137, 574
137, 575
137, 576
137, 577
137, 578
137, 579
137, 580
137, 581
137, 582
137, 583
137, 584
137, 585
137, 586
137, 587
137, 588
137, 589
137, 590
137, 591
137, 592
137, 593
137, 594
136, 595
136, 596
136, 597
136, 598
136, 599
135, 600
135, 601
135, 602
135, 603
135, 604
135, 605
135, 606
135, 607
135, 608
135, 609
135, 610
135, 611
135, 612
135, 613
135, 614
135, 615
135, 616
135, 617
135, 618
135, 619
135, 620
135, 621
134, 622
134, 623
134, 624
134, 625
134, 626
133, 627
133, 628
133, 629
133, 630
133, 631
133, 632
133, 633
133, 634
133, 635
133, 636
133, 637
133, 638
133, 639
133, 640
133, 641
133, 642
133, 643
133, 644
133, 645
133, 646
133, 647
132, 648
132, 649
132, 650
132, 651
132, 652
132, 653
132, 654
131, 655
131, 656
131, 657
131, 658
131, 659
131, 660
131, 661
131, 662
131, 663
131, 664
131, 665
131, 666
131, 667
131, 668
131, 669
131, 670
131, 671
131, 672
131, 673
130, 674
130, 675
130, 676
130, 677
130, 678
129, 679
129, 680
129, 681
129, 682
129, 683
129, 684
129, 685
129, 686
129, 687
129, 688
129, 689
129, 690
129, 691
129, 692
129, 693
129, 694
129, 695
129, 696
129, 697
129, 698
129, 699
129, 700
129, 701
128, 702
128, 703
128, 704
128, 705
127, 706
127, 707
127, 708
127, 709
126, 709
125, 710
125, 711
125, 712
125, 713
124, 714
123, 715
123, 716
123, 717
123, 718
123, 719
123, 720
123, 721
123, 722
123, 723
123, 724
123, 725
122, 726
122, 727
122, 728
122, 729
122, 730
122, 731
122, 732
121, 733
121, 734
121, 735
120, 736
119, 736
118, 736
117, 736
116, 736
115, 737
114, 738
113, 738
112, 738
111, 738
110, 738
109, 738
108, 738
107, 737
106, 737
105, 737
104, 736
103, 736
102, 736
101, 735
100, 735
99, 735
98, 734
97, 733
97, 732
97, 731
97, 730
97, 729
97, 728
97, 727
97, 726
97, 725
98, 724
98, 723
98, 722
98, 721
98, 720
98, 719
98, 718
98, 717
98, 716
98, 715
98, 714
98, 713
98, 712
97, 711
97, 710
97, 709
97, 708
96, 707
95, 706
94, 706
94, 705
94, 704
94, 703
94, 702
94, 701
94, 700
94, 699
94, 698
94, 697
94, 696
94, 695
94, 694
