36, 399
36, 398
36, 397
35, 396
34, 396
33, 396
33, 395
33, 394
33, 393
33, 392
34, 392
35, 391
35, 390
35, 389
34, 388
33, 388
34, 388
35, 387
35, 386
35, 385
35, 384
34, 383
33, 383
32, 383
32, 382
32, 381
32, 380
32, 379
33, 378
33, 377
33, 376
32, 375
31, 375
32, 374
32, 373
32, 372
31, 371
31, 370
31, 369
31, 368
32, 367
33, 366
33, 365
33, 364
32, 363
31, 362
30, 362
29, 362
30, 362
31, 361
31, 360
32, 359
32, 358
32, 357
32, 356
32, 355
32, 354
32, 353
32, 352
31, 351
31, 350
31, 349
31, 348
32, 347
33, 346
33, 345
33, 344
33, 343
33, 342
34, 341
35, 340
35, 339
35, 338
36, 338
37, 337
37, 336
37, 335
37, 334
37, 333
36, 332
35, 332
35, 331
35, 330
36, 329
36, 328
36, 327
35, 326
35, 325
35, 324
35, 323
35, 322
35, 321
35, 320
35, 319
35, 318
35, 317
35, 316
35, 315
35, 314
35, 313
35, 312
35, 311
35, 310
35, 309
35, 308
35, 307
35, 306
36, 305
37, 304
37, 303
37, 302
37, 301
37, 300
38, 300
39, 299
39, 298
39, 297
39, 296
40, 296
41, 295
41, 294
42, 293
43, 292
43, 291
44, 290
45, 289
45, 288
46, 287
47, 286
47, 285
47, 284
47, 283
47, 282
47, 281
47, 280
46, 279
46, 278
46, 277
45, 276
45, 275
45, 274
45, 273
45, 272
45, 271
45, 270
45, 269
45, 268
44, 267
44, 266
44, 265
44, 264
43, 263
44, 262
44, 261
44, 260
45, 259
45, 258
45, 257
45, 256
44, 255
43, 255
43, 254
43, 253
43, 252
44, 251
45, 251
46, 250
46, 249
46, 248
46, 247
46, 246
46, 245
46, 244
46, 243
46, 242
46, 241
46, 240
45, 239
45, 238
45, 237
45, 236
45, 235
45, 234
45, 233
45, 232
45, 231
45, 230
45, 229
46, 228
46, 227
47, 226
47, 225
48, 225
49, 224
50, 224
51, 223
52, 223
53, 223
54, 223
55, 224
56, 225
57, 226
58, 227
58, 228
59, 229
60, 230
60, 231
61, 232
61, 233
61, 234
61, 235
62, 236
62, 237
62, 238
63, 239
63, 240
63, 241
63, 242
64, 243
64, 244
65, 245
66, 246
67, 246
68, 246
69, 247
70, 248
70, 249
70, 250
71, 251
71, 252
72, 253
72, 254
72, 255
72, 256
72, 257
72, 258
72, 259
72, 260
72, 261
72, 262
73, 263
74, 264
74, 265
74, 266
74, 267
74, 268
74, 269
74, 270
74, 271
74, 272
74, 273
75, 274
75, 275
76, 276
76, 277
76, 278
76, 279
76, 280
76, 281
77, 282
78, 283
78, 284
78, 285
79, 286
80, 286
81, 287
82, 287
82, 288
83, 289
84, 289
84, 290
85, 291
86, 291
86, 292
87, 293
88, 293
88, 294
89, 295
90, 295
90, 296
90, 297
91, 298
92, 298
92, 299
92, 300
92, 301
93, 302
94, 302
94, 303
94, 304
94, 305
95, 306
96, 306
96, 307
96, 308
96, 309
96, 310
97, 311
98, 312
98, 313
98, 314
98, 315
98, 316
98, 317
99, 318
100, 319
100, 320
100, 321
100, 322
100, 323
100, 324
100, 325
100, 326
100, 327
100, 328
101, 329
102, 330
102, 331
103, 332
104, 333
105, 333
106, 334
107, 335
107, 336
108, 337
108, 338
108, 339
108, 340
108, 341
108, 342
109, 343
109, 344
109, 345
109, 346
109, 347
109, 348
109, 349
110, 350
110, 351
110, 352
110, 353
110, 354
110, 355
111, 356
111, 357
111, 358
111, 359
111, 360
111, 361
111, 362
112, 363
112, 364
112, 365
112, 366
112, 367
112, 368
112, 369
113, 370
113, 371
113, 372
113, 373
113, 374
114, 375
114, 376
114, 377
114, 378
114, 379
114, 380
114, 381
114, 382
114, 383
115, 384
115, 385
115, 386
115, 387
115, 388
116, 389
116, 390
116, 391
116, 392
116, 393
116, 394
116, 395
116, 396
116, 397
117, 398
117, 399
117, 400
117, 401
117, 402
117, 403
118, 404
118, 405
118, 406
118, 407
118, 408
118, 409
118, 410
118, 411
119, 412
119, 413
119, 414
119, 415
119, 416
120, 417
120, 418
120, 419
120, 420
120, 421
120, 422
120, 423
121, 424
121, 425
121, 426
121, 427
121, 428
121, 429
122, 430
122, 431
122, 432
122, 433
122, 434
122, 435
122, 436
123, 437
123, 438
123, 439
123, 440
123, 441
123, 442
124, 443
124, 444
124, 445
124, 446
124, 447
124, 448
124, 449
124, 450
125, 451
125, 452
125, 453
125, 454
125, 455
125, 456
126, 457
126, 458
126, 459
126, 460
126, 461
126, 462
126, 463
126, 464
127, 465
127, 466
127, 467
127, 468
127, 469
128, 470
128, 471
128, 472
128, 473
128, 474
128, 475
128, 476
128, 477
129, 478
129, 479
129, 480
129, 481
129, 482
129, 483
130, 484
130, 485
130, 486
130, 487
130, 488
130, 489
130, 490
130, 491
130, 492
131, 493
131, 494
132, 495
132, 496
132, 497
132, 498
132, 499
132, 500
132, 501
132, 502
132, 503
132, 504
132, 505
132, 506
132, 507
132, 508
133, 509
133, 510
134, 511
134, 512
134, 513
134, 514
134, 515
134, 516
134, 517
134, 518
134, 519
134, 520
134, 521
134, 522
134, 523
134, 524
134, 525
134, 526
135, 527
136, 528
136, 529
136, 530
136, 531
136, 532
136, 533
136, 534
136, 535
136, 536
136, 537
136, 538
136, 539
137, 540
138, 540
138, 541
138, 542
138, 543
138, 544
137, 545
136, 546
135, 546
134, 545
133, 545
132, 545
131, 545
130, 546
130, 547
130, 548
131, 549
131, 550
132, 551
133, 552
132, 552
131, 553
131, 554
131, 555
130, 555
129, 556
129, 557
129, 558
130, 559
131, 560
132, 560
133, 560
134, 560
133, 560
132, 561
132, 562
132, 563
132, 564
132, 565
132, 566
133, 567
134, 568
134, 569
134, 570
134, 571
134, 572
134, 573
134, 574
135, 575
135, 576
135, 577
136, 578
137, 578
137, 579
136, 579
135, 580
135, 581
135, 582
136, 583
137, 583
138, 584
139, 584
138, 585
137, 586
136, 587
136, 588
136, 589
137, 590
137, 591
137, 592
138, 593
138, 594
137, 595
137, 596
137, 597
138, 598
138, 599
137, 600
137, 601
137, 602
137, 603
137, 604
137, 605
137, 606
137, 607
138, 608
139, 608
140, 608
141, 607
141, 608
140, 609
140, 610
140, 611
140, 612
141, 613
142, 614
143, 614
144, 614
145, 615
146, 616
145, 616
144, 616
143, 615
142, 615
141, 615
140, 615
139, 616
138, 616
137, 617
137, 618
137, 619
138, 620
138, 621
138, 622
139, 623
140, 623
140, 624
140, 625
140, 626
140, 627
140, 628
140, 629
140, 630
140, 631
140, 632
141, 633
142, 633
142, 634
142, 635
143, 636
143, 637
143, 638
143, 639
143, 640
143, 641
142, 642
142, 643
142, 644
143, 645
144, 645
144, 646
143, 646
142, 646
141, 646
140, 647
139, 648
139, 649
139, 650
140, 651
141, 651
142, 651
143, 651
144, 651
145, 651
146, 652
147, 652
148, 652
149, 653
150, 654
151, 654
152, 655
152, 656
153, 657
154, 658
154, 659
154, 660
154, 661
154, 662
154, 663
154, 664
154, 665
154, 666
154, 667
154, 668
155, 669
156, 670
156, 671
156, 672
156, 673
156, 674
156, 675
156, 676
156, 677
156, 678
156, 679
156, 680
156, 681
156, 682
156, 683
157, 684
158, 685
158, 686
158, 687
158, 688
158, 689
158, 690
158, 691
158, 692
158, 693
158, 694
158, 695
158, 696
158, 697
158, 698
159, 699
160, 699
160, 700
160, 701
160, 702
160, 703
160, 704
160, 705
160, 706
160, 707
160, 708
160, 709
160, 710
160, 711
160, 712
161, 713
161, 714
161, 715
161, 716
161, 717
161, 718
161, 719
161, 720
161, 721
161, 722
161, 723
162, 724
161, 725
161, 726
160, 727
159, 728
158, 729
158, 730
158, 731
158, 732
158, 733
158, 734
159, 735
159, 736
159, 737
159, 738
159, 739
159, 740
159, 741
159, 742
159, 743
160, 744
160, 745
160, 746
160, 747
160, 748
160, 749
160, 750
160, 751
160, 752
161, 753
161, 754
161, 755
161, 756
161, 757
161, 758
161, 759
161, 760
161, 761
162, 762
162, 763
162, 764
162, 765
162, 766
162, 767
162, 768
162, 769
161, 770
161, 771
160, 772
159, 772
158, 773
157, 773
156, 774
155, 774
154, 774
153, 774
152, 774
151, 774
150, 774
149, 774
148, 774
147, 774
146, 774
145, 774
144, 774
143, 774
142, 774
141, 774
140, 774
139, 775
139, 776
138, 776
137, 776
136, 776
135, 777
134, 777
133, 778
132, 778
131, 778
130, 778
129, 779
128, 779
127, 779
126, 779
125, 780
124, 781
123, 781
122, 782
121, 783
120, 784
119, 784
118, 784
117, 784
116, 784
115, 784
114, 784
113, 784
112, 784
111, 784
110, 784
109, 784
108, 783
107, 783
106, 782
105, 782
104, 781
103, 780
102, 780
101, 779
100, 779
99, 778
98, 778
97, 778
96, 778
95, 777
94, 776
93, 775
92, 774
92, 773
92, 772
92, 771
91, 770
91, 769
91, 768
91, 767
90, 766
90, 765
90, 764
90, 763
90, 762
89, 761
89, 760
89, 759
89, 758
89, 757
89, 756
89, 755
89, 754
89, 753
89, 752
89, 751
88, 750
88, 749
89, 748
89, 747
89, 746
88, 745
88, 744
87, 743
87, 742
86, 741
86, 740
86, 739
86, 738
86, 737
85, 736
84, 736
84, 735
84, 734
83, 733
82, 732
82, 731
82, 730
82, 729
82, 728
83, 727
83, 726
84, 725
84, 724
84, 723
83, 722
82, 721
82, 720
81, 719
81, 718
81, 717
81, 716
81, 715
81, 714
81, 713
81, 712
81, 711
81, 710
80, 709
80, 708
80, 707
80, 706
80, 705
80, 704
79, 703
79, 702
79, 701
79, 700
79, 699
79, 698
79, 697
79, 696
79, 695
79, 694
78, 693
78, 692
78, 691
78, 690
78, 689
78, 688
77, 687
77, 686
77, 685
77, 684
77, 683
77, 682
77, 681
77, 680
77, 679
77, 678
77, 677
76, 676
76, 675
76, 674
76, 673
76, 672
76, 671
76, 670
75, 669
75, 668
75, 667
75, 666
75, 665
75, 664
75, 663
74, 662
73, 662
73, 661
74, 661
75, 661
76, 661
77, 662
78, 662
78, 663
78, 664
78, 665
78, 666
79, 667
80, 667
81, 668
82, 668
83, 668
84, 667
84, 666
84, 665
84, 664
84, 663
84, 662
84, 661
83, 660
82, 660
81, 660
80, 661
80, 660
80, 659
80, 658
80, 657
80, 656
80, 655
79, 654
79, 653
79, 652
79, 651
79, 650
78, 649
79, 648
79, 647
79, 646
79, 645
78, 644
78, 643
78, 642
78, 641
78, 640
77, 639
77, 638
76, 637
76, 636
76, 635
77, 634
77, 633
77, 632
77, 631
77, 630
77, 629
77, 628
77, 627
76, 626
76, 625
76, 624
76, 623
75, 622
74, 621
73, 620
73, 619
73, 618
74, 617
74, 616
75, 615
75, 614
75, 613
75, 612
74, 611
73, 611
73, 610
74, 609
74, 608
74, 607
73, 606
72, 605
71, 605
71, 604
71, 603
72, 602
72, 601
72, 600
73, 599
73, 598
73, 597
73, 596
72, 595
71, 594
71, 593
71, 592
71, 591
71, 590
71, 589
71, 588
71, 587
71, 586
71, 585
71, 584
71, 583
71, 582
70, 581
70, 580
69, 579
68, 579
69, 579
70, 578
70, 577
70, 576
70, 575
70, 574
70, 573
70, 572
70, 571
69, 570
69, 569
69, 568
68, 567
67, 566
66, 566
65, 566
64, 566
63, 566
64, 566
65, 565
65, 564
65, 563
65, 562
65, 561
65, 560
65, 559
65, 558
65, 557
66, 556
67, 555
67, 554
67, 553
67, 552
67, 551
67, 550
67, 549
67, 548
68, 549
69, 549
70, 549
71, 549
72, 548
72, 547
72, 546
72, 545
71, 544
70, 544
69, 544
68, 544
67, 544
66, 544
66, 543
65, 542
64, 541
63, 540
62, 540
61, 540
60, 540
59, 540
59, 539
59, 538
59, 537
59, 536
59, 535
58, 534
58, 533
58, 532
57, 531
57, 530
57, 529
57, 528
57, 527
57, 526
57, 525
57, 524
57, 523
57, 522
57, 521
57, 520
57, 519
56, 518
56, 517
56, 516
56, 515
56, 514
56, 513
55, 512
55, 511
55, 510
55, 509
55, 508
55, 507
55, 506
55, 505
55, 504
55, 503
54, 502
54, 501
54, 500
53, 499
53, 498
54, 497
54, 496
54, 495
54, 494
54, 493
53, 492
52, 492
51, 492
51, 491
51, 490
51, 489
50, 488
50, 487
50, 486
50, 485
50, 484
50, 483
49, 482
49, 481
49, 480
49, 479
49, 478
49, 477
48, 476
47, 475
46, 475
47, 475
48, 474
48, 473
48, 472
48, 471
48, 470
48, 469
47, 468
47, 467
47, 466
47, 465
47, 464
47, 463
47, 462
47, 461
46, 460
45, 459
44, 458
43, 458
44, 457
44, 456
45, 455
45, 454
45, 453
45, 452
45, 451
45, 450
45, 449
44, 448
43, 448
43, 447
43, 446
43, 445
43, 444
43, 443
43, 442
43, 441
43, 440
43, 439
43, 438
43, 437
43, 436
43, 435
43, 434
43, 433
43, 432
42, 431
41, 431
40, 430
39, 430
38, 430
38, 429
39, 428
40, 428
41, 427
41, 426
41, 425
40, 424
39, 424
38, 424
37, 424
38, 424
39, 423
40, 422
40, 421
40, 420
40, 419
40, 418
40, 417
39, 416
39, 415
39, 414
39, 413
39, 412
38, 411
38, 410
38, 409
38, 408
38, 407
38, 406
38, 405
38, 404
37, 403
36, 403
35, 403
35, 402
35, 401
35, 400
