89, 295
89, 294
89, 293
90, 292
91, 292
92, 291
93, 290
94, 290
95, 289
95, 288
96, 287
96, 286
96, 285
96, 284
96, 283
95, 282
96, 281
96, 280
96, 279
96, 278
96, 277
96, 276
96, 275
96, 274
97, 273
97, 272
98, 271
98, 270
98, 269
98, 268
98, 267
98, 266
98, 265
98, 264
98, 263
98, 262
98, 261
99, 260
99, 259
100, 258
100, 257
100, 256
100, 255
101, 254
101, 253
102, 252
102, 251
102, 250
102, 249
103, 248
103, 247
103, 246
103, 245
103, 244
103, 243
103, 242
103, 241
103, 240
103, 239
103, 238
103, 237
103, 236
103, 235
103, 234
103, 233
103, 232
103, 231
103, 230
103, 229
103, 228
103, 227
104, 226
104, 225
105, 224
105, 223
106, 222
107, 221
108, 220
109, 219
109, 218
109, 217
109, 216
109, 215
109, 214
109, 213
109, 212
109, 211
109, 210
109, 209
110, 208
110, 207
110, 206
111, 205
111, 204
111, 203
112, 202
112, 201
113, 200
114, 199
115, 199
116, 199
117, 199
118, 199
119, 200
120, 200
120, 201
121, 202
122, 203
122, 204
123, 205
123, 206
123, 207
124, 208
124, 209
124, 210
124, 211
124, 212
125, 213
125, 214
125, 215
125, 216
126, 217
127, 218
128, 219
129, 220
130, 220
131, 221
132, 222
132, 223
133, 224
133, 225
134, 226
134, 227
134, 228
134, 229
134, 230
134, 231
134, 232
135, 233
135, 234
135, 235
135, 236
135, 237
136, 238
136, 239
136, 240
136, 241
136, 242
136, 243
136, 244
136, 245
136, 246
136, 247
136, 248
136, 249
137, 250
138, 250
138, 251
138, 252
138, 253
139, 254
140, 254
140, 255
140, 256
140, 257
141, 258
142, 258
142, 259
142, 260
142, 261
142, 262
143, 263
144, 264
144, 265
144, 266
144, 267
144, 268
144, 269
144, 270
145, 271
146, 272
146, 273
146, 274
146, 275
146, 276
146, 277
147, 278
148, 278
148, 279
148, 280
148, 281
148, 282
148, 283
148, 284
148, 285
148, 286
149, 287
150, 287
151, 288
152, 288
153, 289
154, 290
155, 291
155, 292
155, 293
156, 294
156, 295
156, 296
156, 297
156, 298
156, 299
156, 300
156, 301
156, 302
156, 303
156, 304
156, 305
156, 306
156, 307
156, 308
156, 309
156, 310
156, 311
156, 312
156, 313
156, 314
156, 315
156, 316
157, 317
157, 318
157, 319
157, 320
157, 321
157, 322
157, 323
157, 324
157, 325
157, 326
157, 327
157, 328
157, 329
158, 330
158, 331
158, 332
158, 333
158, 334
158, 335
158, 336
158, 337
158, 338
158, 339
158, 340
158, 341
158, 342
158, 343
158, 344
158, 345
158, 346
158, 347
158, 348
158, 349
158, 350
158, 351
158, 352
158, 353
158, 354
159, 355
159, 356
159, 357
159, 358
159, 359
159, 360
159, 361
159, 362
159, 363
159, 364
159, 365
159, 366
160, 367
160, 368
160, 369
160, 370
160, 371
160, 372
160, 373
160, 374
160, 375
160, 376
160, 377
160, 378
160, 379
160, 380
160, 381
160, 382
160, 383
161, 384
161, 385
161, 386
161, 387
161, 388
162, 389
162, 390
162, 391
162, 392
162, 393
162, 394
162, 395
162, 396
162, 397
162, 398
162, 399
162, 400
162, 401
162, 402
162, 403
162, 404
162, 405
162, 406
162, 407
162, 408
162, 409
162, 410
162, 411
162, 412
162, 413
162, 414
163, 415
163, 416
163, 417
163, 418
163, 419
163, 420
164, 421
164, 422
164, 423
164, 424
164, 425
164, 426
164, 427
164, 428
164, 429
164, 430
164, 431
164, 432
164, 433
164, 434
164, 435
164, 436
164, 437
164, 438
164, 439
164, 440
164, 441
164, 442
164, 443
164, 444
164, 445
164, 446
164, 447
164, 448
164, 449
164, 450
164, 451
165, 452
166, 453
166, 454
165, 455
165, 456
165, 457
166, 458
166, 459
166, 460
166, 461
166, 462
166, 463
166, 464
166, 465
166, 466
166, 467
166, 468
166, 469
166, 470
166, 471
166, 472
166, 473
166, 474
166, 475
166, 476
166, 477
167, 478
167, 479
167, 480
167, 481
167, 482
167, 483
168, 484
168, 485
168, 486
168, 487
168, 488
168, 489
168, 490
168, 491
168, 492
168, 493
168, 494
168, 495
168, 496
168, 497
168, 498
168, 499
168, 500
168, 501
168, 502
168, 503
168, 504
168, 505
168, 506
169, 507
168, 508
168, 509
168, 510
168, 511
168, 512
169, 513
169, 514
170, 515
170, 516
170, 517
170, 518
170, 519
170, 520
170, 521
170, 522
170, 523
170, 524
170, 525
170, 526
170, 527
170, 528
170, 529
170, 530
170, 531
170, 532
170, 533
170, 534
170, 535
170, 536
170, 537
170, 538
170, 539
171, 540
171, 541
171, 542
171, 543
171, 544
171, 545
171, 546
171, 547
172, 548
172, 549
172, 550
172, 551
172, 552
172, 553
172, 554
172, 555
172, 556
172, 557
172, 558
172, 559
172, 560
172, 561
172, 562
172, 563
172, 564
172, 565
172, 566
172, 567
172, 568
172, 569
172, 570
173, 571
173, 572
173, 573
173, 574
173, 575
173, 576
174, 577
174, 578
174, 579
174, 580
174, 581
174, 582
174, 583
174, 584
174, 585
174, 586
174, 587
174, 588
174, 589
174, 590
174, 591
174, 592
174, 593
174, 594
174, 595
174, 596
174, 597
174, 598
174, 599
174, 600
174, 601
174, 602
174, 603
175, 604
175, 605
175, 606
175, 607
175, 608
175, 609
175, 610
175, 611
176, 612
176, 613
176, 614
176, 615
176, 616
176, 617
176, 618
176, 619
176, 620
176, 621
176, 622
176, 623
176, 624
176, 625
176, 626
176, 627
176, 628
176, 629
176, 630
176, 631
176, 632
176, 633
176, 634
176, 635
176, 636
176, 637
177, 638
177, 639
178, 640
178, 641
178, 642
178, 643
178, 644
178, 645
178, 646
178, 647
178, 648
178, 649
178, 650
178, 651
178, 652
178, 653
178, 654
178, 655
178, 656
178, 657
178, 658
178, 659
178, 660
178, 661
178, 662
178, 663
178, 664
178, 665
178, 666
178, 667
178, 668
178, 669
179, 670
179, 671
179, 672
179, 673
179, 674
179, 675
179, 676
179, 677
180, 678
180, 679
180, 680
180, 681
180, 682
180, 683
180, 684
180, 685
180, 686
180, 687
180, 688
180, 689
180, 690
180, 691
180, 692
180, 693
180, 694
180, 695
180, 696
180, 697
180, 698
180, 699
180, 700
180, 701
180, 702
180, 703
180, 704
180, 705
180, 706
180, 707
180, 708
180, 709
180, 710
181, 711
181, 712
182, 713
182, 714
182, 715
182, 716
182, 717
182, 718
182, 719
182, 720
182, 721
182, 722
182, 723
182, 724
182, 725
182, 726
182, 727
182, 728
181, 728
180, 728
179, 728
178, 727
177, 727
176, 727
175, 728
174, 729
173, 730
172, 730
171, 731
170, 731
169, 731
168, 731
167, 732
166, 732
165, 732
164, 732
163, 733
162, 733
161, 733
160, 733
159, 734
158, 734
157, 734
156, 734
155, 734
154, 734
153, 735
152, 735
151, 735
150, 735
149, 735
148, 735
147, 735
146, 735
145, 735
144, 735
143, 735
142, 736
141, 736
140, 735
139, 735
138, 735
137, 735
136, 735
135, 735
134, 735
133, 735
132, 736
131, 735
130, 735
129, 735
128, 735
127, 735
126, 734
125, 734
124, 734
123, 734
122, 734
121, 734
120, 733
119, 733
118, 733
117, 732
116, 732
115, 732
114, 731
113, 730
112, 729
111, 729
110, 729
109, 729
108, 729
107, 728
107, 727
107, 726
107, 725
107, 724
107, 723
107, 722
107, 721
107, 720
107, 719
107, 718
107, 717
107, 716
107, 715
107, 714
107, 713
108, 712
109, 711
110, 710
110, 709
110, 708
110, 707
109, 706
108, 705
107, 704
106, 704
106, 703
106, 702
107, 701
107, 700
107, 699
107, 698
106, 697
106, 696
106, 695
106, 694
106, 693
106, 692
106, 691
106, 690
106, 689
106, 688
106, 687
106, 686
106, 685
106, 684
106, 683
106, 682
106, 681
106, 680
105, 679
105, 678
105, 677
105, 676
105, 675
105, 674
105, 673
105, 672
105, 671
105, 670
105, 669
105, 668
105, 667
105, 666
106, 665
107, 665
108, 665
109, 665
110, 665
111, 664
111, 663
111, 662
111, 661
110, 660
109, 659
108, 659
107, 659
106, 659
105, 660
106, 659
107, 659
108, 659
109, 658
110, 657
110, 656
110, 655
110, 654
109, 653
108, 653
107, 653
108, 653
109, 653
110, 652
110, 651
110, 650
110, 649
109, 648
108, 647
107, 647
106, 647
106, 646
106, 645
107, 645
108, 645
109, 645
110, 644
110, 643
110, 642
110, 641
109, 640
110, 640
111, 639
112, 639
113, 638
113, 637
113, 636
112, 635
111, 635
110, 635
109, 635
108, 635
107, 635
106, 635
105, 636
104, 636
104, 635
104, 634
104, 633
105, 633
106, 633
107, 633
108, 633
109, 632
109, 631
109, 630
109, 629
109, 628
108, 627
107, 627
106, 627
107, 627
108, 626
109, 625
109, 624
109, 623
109, 622
108, 621
107, 621
106, 621
105, 621
104, 621
103, 622
103, 621
104, 621
105, 621
106, 621
107, 620
107, 619
107, 618
107, 617
106, 616
105, 616
104, 616
103, 616
104, 616
105, 616
106, 615
107, 615
108, 614
108, 613
109, 612
109, 611
109, 610
108, 609
107, 609
106, 609
105, 610
104, 610
103, 611
103, 610
104, 609
105, 609
106, 609
107, 609
108, 608
109, 607
109, 606
109, 605
108, 604
108, 603
107, 602
106, 602
105, 602
104, 603
103, 604
102, 604
102, 603
102, 602
103, 602
104, 602
105, 602
106, 602
107, 602
108, 601
108, 600
108, 599
108, 598
108, 597
107, 596
106, 596
105, 596
104, 597
103, 597
102, 596
102, 595
102, 594
102, 593
102, 592
102, 591
103, 591
104, 591
105, 591
106, 590
107, 590
108, 589
109, 589
110, 589
111, 588
111, 587
111, 586
111, 585
110, 584
109, 584
108, 584
107, 584
106, 584
105, 584
104, 585
103, 585
104, 584
104, 583
105, 583
106, 583
107, 583
108, 582
108, 581
108, 580
107, 579
107, 578
106, 577
105, 577
104, 577
103, 577
102, 578
102, 577
102, 576
101, 575
102, 575
103, 575
104, 575
105, 575
106, 575
107, 574
107, 573
107, 572
107, 571
107, 570
106, 569
105, 569
106, 568
107, 567
107, 566
107, 565
107, 564
106, 563
105, 563
104, 563
105, 562
105, 561
105, 560
104, 559
103, 558
102, 558
101, 558
100, 558
101, 558
102, 558
103, 558
104, 558
105, 557
106, 556
106, 555
106, 554
106, 553
106, 552
105, 551
104, 551
103, 551
102, 552
102, 551
102, 550
103, 551
104, 551
105, 551
106, 551
107, 550
107, 549
107, 548
107, 547
106, 546
105, 545
104, 545
105, 544
106, 543
106, 542
106, 541
106, 540
106, 539
105, 538
104, 538
103, 538
102, 539
102, 540
102, 539
102, 538
103, 538
104, 538
105, 538
106, 537
106, 536
107, 536
108, 535
109, 534
109, 533
109, 532
108, 531
107, 531
106, 531
105, 531
104, 531
103, 532
102, 533
101, 533
100, 533
99, 533
99, 532
99, 531
100, 530
100, 529
100, 528
99, 527
99, 526
100, 526
101, 526
102, 526
103, 526
104, 526
105, 525
105, 524
105, 523
105, 522
104, 521
103, 520
102, 520
101, 520
101, 519
102, 518
103, 518
104, 518
105, 518
106, 517
107, 516
107, 515
107, 514
106, 513
105, 512
104, 512
103, 512
102, 513
101, 513
100, 514
99, 514
98, 514
99, 513
100, 513
101, 513
102, 512
103, 512
104, 511
105, 510
105, 509
105, 508
104, 507
103, 507
102, 507
101, 507
102, 506
103, 506
104, 505
104, 504
104, 503
104, 502
104, 501
103, 500
102, 500
101, 500
100, 501
99, 502
98, 502
99, 501
99, 500
100, 500
101, 500
102, 500
103, 500
104, 499
104, 498
105, 498
106, 497
107, 496
107, 495
107, 494
106, 493
105, 493
104, 493
104, 492
104, 491
104, 490
103, 489
102, 489
101, 489
102, 488
103, 487
104, 486
104, 485
104, 484
104, 483
103, 482
102, 481
101, 481
102, 481
103, 480
103, 479
103, 478
102, 477
101, 477
100, 477
99, 477
98, 478
98, 479
98, 480
97, 480
97, 479
97, 478
97, 477
97, 476
97, 475
97, 474
97, 473
97, 472
97, 471
97, 470
97, 469
97, 468
97, 467
97, 466
97, 465
98, 465
99, 464
100, 463
100, 462
101, 462
102, 462
103, 462
104, 462
105, 461
106, 460
106, 459
106, 458
106, 457
106, 456
106, 455
106, 454
106, 453
106, 452
106, 451
106, 450
106, 449
105, 448
104, 447
103, 447
102, 447
101, 447
100, 448
100, 449
100, 450
99, 451
99, 450
98, 449
99, 448
99, 447
99, 446
99, 445
99, 444
99, 443
100, 443
101, 442
101, 441
101, 442
101, 443
101, 444
101, 445
101, 446
102, 447
103, 447
104, 447
105, 446
106, 445
106, 444
106, 443
106, 442
106, 441
106, 440
106, 439
105, 438
104, 438
105, 437
105, 436
105, 435
104, 434
103, 434
102, 434
101, 434
100, 434
99, 434
98, 435
98, 434
98, 433
98, 432
98, 431
98, 430
99, 430
100, 429
101, 429
102, 428
103, 428
104, 427
105, 426
105, 425
105, 424
105, 423
104, 422
105, 421
105, 420
105, 419
105, 418
104, 417
103, 417
102, 417
101, 418
101, 417
102, 416
102, 415
102, 414
101, 413
100, 413
99, 413
98, 413
97, 414
97, 415
96, 415
95, 415
94, 415
94, 414
94, 413
94, 412
94, 411
95, 412
96, 412
97, 412
98, 411
99, 411
100, 411
100, 412
101, 413
102, 413
103, 413
104, 412
104, 411
104, 410
104, 409
103, 408
102, 408
103, 407
104, 406
104, 405
104, 404
104, 403
104, 402
104, 401
104, 400
104, 399
104, 398
104, 397
104, 396
104, 395
103, 394
102, 394
101, 393
100, 393
99, 393
98, 393
97, 394
97, 395
96, 395
95, 395
94, 395
93, 395
94, 395
95, 395
96, 394
97, 393
98, 393
99, 392
99, 391
99, 390
99, 391
100, 392
101, 392
102, 392
103, 391
103, 390
103, 389
103, 388
103, 387
103, 386
103, 385
103, 384
103, 383
103, 382
103, 381
103, 380
102, 379
101, 379
100, 379
99, 379
100, 379
101, 379
102, 378
103, 377
103, 376
103, 375
103, 374
103, 373
103, 372
103, 371
103, 370
103, 369
102, 368
101, 367
100, 367
99, 366
98, 366
97, 365
96, 365
95, 364
94, 364
93, 364
92, 364
93, 364
94, 364
95, 364
96, 363
97, 363
98, 363
98, 364
98, 365
99, 366
100, 366
101, 366
102, 365
103, 364
103, 363
103, 362
102, 361
102, 360
101, 359
100, 358
99, 358
100, 358
101, 358
102, 357
102, 356
102, 355
102, 354
102, 353
101, 352
100, 352
99, 352
98, 353
98, 354
98, 355
98, 356
97, 356
96, 356
95, 356
94, 357
93, 357
92, 358
92, 357
92, 356
92, 355
93, 356
94, 356
95, 356
96, 355
97, 354
97, 353
98, 352
98, 351
99, 352
100, 352
101, 352
102, 351
102, 350
102, 349
102, 348
102, 347
102, 346
102, 345
102, 344
102, 343
102, 342
101, 341
101, 340
100, 339
99, 338
98, 338
97, 338
96, 339
96, 340
96, 341
96, 342
95, 342
94, 341
93, 340
92, 340
91, 340
91, 339
91, 338
91, 337
91, 336
91, 335
91, 334
92, 335
93, 335
94, 335
95, 335
96, 335
97, 335
98, 335
99, 334
100, 334
101, 333
101, 332
102, 331
102, 330
102, 329
102, 328
101, 327
101, 326
101, 325
102, 324
102, 323
102, 322
101, 321
100, 320
99, 320
98, 320
97, 321
97, 322
96, 321
95, 321
94, 321
93, 321
92, 321
91, 321
91, 320
91, 319
91, 318
90, 317
90, 316
90, 315
90, 314
90, 313
90, 312
90, 311
89, 310
89, 309
89, 308
89, 307
89, 306
89, 305
89, 304
89, 303
89, 302
89, 301
89, 300
89, 299
89, 298
88, 297
88, 296
