57, 691
57, 690
57, 689
57, 688
57, 687
57, 686
57, 685
57, 684
57, 683
57, 682
57, 681
57, 680
57, 679
57, 678
57, 677
57, 676
57, 675
57, 674
57, 673
57, 672
57, 671
57, 670
57, 669
57, 668
57, 667
57, 666
57, 665
57, 664
57, 663
57, 662
57, 661
57, 660
57, 659
58, 658
58, 657
58, 656
58, 655
58, 654
58, 653
58, 652
58, 651
58, 650
58, 649
58, 648
58, 647
58, 646
58, 645
58, 644
58, 643
58, 642
58, 641
58, 640
58, 639
58, 638
58, 637
59, 636
59, 635
59, 634
59, 633
59, 632
59, 631
59, 630
59, 629
59, 628
59, 627
59, 626
59, 625
59, 624
59, 623
59, 622
59, 621
59, 620
59, 619
59, 618
59, 617
60, 616
60, 615
60, 614
60, 613
60, 612
60, 611
60, 610
60, 609
60, 608
60, 607
61, 606
62, 605
62, 604
62, 603
62, 602
62, 601
63, 600
63, 599
63, 598
63, 597
64, 597
65, 596
65, 595
65, 594
64, 593
63, 593
62, 593
62, 592
62, 591
63, 590
64, 589
64, 588
65, 587
65, 586
65, 585
64, 584
63, 584
62, 583
62, 582
62, 581
63, 581
64, 580
64, 579
64, 578
65, 577
65, 576
65, 575
64, 574
63, 574
63, 573
63, 572
64, 571
65, 571
66, 571
67, 570
67, 569
67, 568
66, 567
66, 566
65, 565
64, 565
64, 564
64, 563
64, 562
64, 561
65, 561
66, 561
67, 560
67, 559
67, 558
67, 557
67, 556
66, 555
65, 555
64, 555
64, 554
64, 553
65, 552
66, 552
67, 552
68, 551
68, 550
68, 549
68, 548
68, 547
67, 546
66, 546
65, 546
65, 545
65, 544
65, 543
66, 542
67, 541
67, 540
67, 539
67, 538
66, 537
65, 537
64, 537
65, 536
66, 536
67, 535
67, 534
67, 533
67, 532
67, 531
67, 530
67, 529
66, 528
65, 528
66, 528
67, 528
68, 528
69, 527
69, 526
69, 525
68, 524
67, 524
66, 523
65, 523
65, 522
66, 521
66, 520
66, 519
66, 518
66, 517
66, 516
66, 515
66, 514
66, 513
66, 512
66, 511
66, 510
66, 509
66, 508
66, 507
66, 506
67, 505
67, 504
67, 503
67, 502
67, 501
67, 500
67, 499
67, 498
67, 497
67, 496
67, 495
67, 494
67, 493
67, 492
67, 491
68, 490
68, 489
68, 488
68, 487
68, 486
68, 485
68, 484
68, 483
68, 482
68, 481
68, 480
68, 479
68, 478
68, 477
69, 476
69, 475
69, 474
69, 473
69, 472
69, 471
69, 470
69, 469
69, 468
69, 467
69, 466
69, 465
69, 464
69, 463
69, 462
70, 461
70, 460
70, 459
70, 458
70, 457
70, 456
70, 455
70, 454
70, 453
70, 452
70, 451
70, 450
70, 449
70, 448
70, 447
70, 446
71, 445
71, 444
71, 443
71, 442
71, 441
71, 440
71, 439
71, 438
71, 437
72, 436
72, 435
72, 434
72, 433
72, 432
71, 431
72, 430
72, 429
72, 428
72, 427
72, 426
72, 425
72, 424
72, 423
72, 422
72, 421
72, 420
72, 419
72, 418
72, 417
73, 416
73, 415
73, 414
73, 413
73, 412
73, 411
73, 410
73, 409
73, 408
73, 407
73, 406
73, 405
74, 404
74, 403
74, 402
74, 401
74, 400
74, 399
74, 398
74, 397
74, 396
74, 395
74, 394
74, 393
74, 392
74, 391
74, 390
74, 389
74, 388
75, 387
75, 386
75, 385
75, 384
75, 383
75, 382
75, 381
75, 380
75, 379
75, 378
75, 377
75, 376
75, 375
75, 374
76, 373
76, 372
76, 371
76, 370
76, 369
76, 368
76, 367
76, 366
76, 365
76, 364
76, 363
76, 362
76, 361
76, 360
76, 359
77, 358
77, 357
77, 356
77, 355
77, 354
77, 353
77, 352
77, 351
77, 350
77, 349
77, 348
77, 347
77, 346
78, 345
78, 344
78, 343
78, 342
78, 341
78, 340
78, 339
78, 338
78, 337
78, 336
78, 335
78, 334
78, 333
78, 332
78, 331
78, 330
78, 329
79, 328
79, 327
79, 326
79, 325
79, 324
79, 323
79, 322
79, 321
79, 320
80, 319
80, 318
80, 317
80, 316
80, 315
80, 314
80, 313
80, 312
80, 311
80, 310
80, 309
80, 308
80, 307
81, 306
81, 305
81, 304
81, 303
81, 302
81, 301
81, 300
81, 299
82, 298
82, 297
82, 296
82, 295
82, 294
83, 293
83, 292
83, 291
83, 290
82, 289
82, 288
82, 287
82, 286
83, 285
83, 284
83, 283
83, 282
83, 281
83, 280
83, 279
83, 278
83, 277
83, 276
83, 275
83, 274
83, 273
83, 272
84, 271
84, 270
84, 269
85, 269
86, 268
86, 267
86, 266
87, 265
87, 264
87, 263
87, 262
87, 261
87, 260
87, 259
87, 258
87, 257
87, 256
87, 255
87, 254
88, 253
88, 252
88, 251
88, 250
88, 249
88, 248
88, 247
88, 246
88, 245
88, 244
89, 243
89, 242
89, 241
89, 240
89, 239
89, 238
89, 237
89, 236
89, 235
89, 234
89, 233
89, 232
89, 231
89, 230
89, 229
90, 228
90, 227
90, 226
90, 225
91, 224
91, 223
91, 222
91, 221
91, 220
91, 219
91, 218
91, 217
91, 216
91, 215
91, 214
91, 213
90, 212
90, 211
90, 210
90, 209
90, 208
90, 207
90, 206
90, 205
90, 204
91, 203
91, 202
91, 201
91, 200
92, 199
92, 198
92, 197
92, 196
92, 195
92, 194
92, 193
92, 192
93, 191
93, 190
93, 189
94, 188
94, 187
94, 186
94, 185
94, 184
94, 183
95, 182
95, 181
95, 180
95, 179
96, 178
96, 177
96, 176
96, 175
96, 174
97, 173
97, 172
97, 171
98, 170
98, 169
98, 168
98, 167
98, 166
98, 165
99, 164
99, 163
100, 162
100, 161
100, 160
100, 159
101, 158
101, 157
101, 156
102, 155
102, 154
102, 153
102, 152
102, 151
103, 150
103, 149
104, 150
105, 150
106, 150
107, 149
107, 148
107, 147
107, 146
107, 145
107, 144
107, 143
107, 142
107, 141
107, 140
108, 139
109, 140
109, 141
109, 142
109, 143
109, 144
108, 145
108, 146
108, 147
109, 148
110, 148
111, 148
111, 149
111, 150
111, 151
111, 152
111, 153
112, 154
112, 155
112, 156
112, 157
113, 158
113, 159
113, 160
113, 161
113, 162
113, 163
113, 164
113, 165
113, 166
113, 167
113, 168
113, 169
114, 170
114, 171
114, 172
114, 173
114, 174
114, 175
114, 176
114, 177
114, 178
115, 179
115, 180
115, 181
115, 182
115, 183
115, 184
115, 185
115, 186
115, 187
115, 188
115, 189
115, 190
115, 191
115, 192
115, 193
115, 194
115, 195
115, 196
115, 197
115, 198
115, 199
115, 200
115, 201
115, 202
115, 203
115, 204
115, 205
115, 206
115, 207
115, 208
115, 209
115, 210
115, 211
115, 212
115, 213
114, 214
114, 215
114, 216
115, 217
116, 217
117, 218
117, 219
117, 220
117, 221
116, 222
116, 223
116, 224
116, 225
116, 226
116, 227
116, 228
116, 229
116, 230
116, 231
116, 232
116, 233
116, 234
116, 235
116, 236
116, 237
116, 238
116, 239
116, 240
116, 241
116, 242
116, 243
116, 244
116, 245
116, 246
116, 247
116, 248
116, 249
116, 250
116, 251
116, 252
116, 253
116, 254
116, 255
116, 256
116, 257
116, 258
116, 259
116, 260
116, 261
116, 262
116, 263
115, 264
115, 265
115, 266
115, 267
115, 268
115, 269
115, 270
115, 271
115, 272
115, 273
115, 274
115, 275
115, 276
115, 277
115, 278
115, 279
115, 280
115, 281
115, 282
115, 283
115, 284
115, 285
114, 286
114, 287
114, 288
114, 289
114, 290
114, 291
114, 292
114, 293
114, 294
114, 295
114, 296
114, 297
114, 298
114, 299
114, 300
114, 301
114, 302
114, 303
114, 304
114, 305
114, 306
114, 307
114, 308
114, 309
114, 310
114, 311
114, 312
114, 313
114, 314
113, 315
113, 316
113, 317
113, 318
113, 319
113, 320
112, 321
112, 322
112, 323
113, 324
113, 325
112, 326
112, 327
112, 328
112, 329
112, 330
112, 331
112, 332
113, 333
112, 334
112, 335
112, 336
112, 337
112, 338
112, 339
112, 340
112, 341
112, 342
112, 343
112, 344
111, 345
111, 346
111, 347
112, 348
112, 349
112, 350
112, 351
112, 352
112, 353
112, 354
112, 355
111, 356
111, 357
111, 358
111, 359
111, 360
111, 361
111, 362
111, 363
111, 364
111, 365
111, 366
111, 367
110, 368
110, 369
110, 370
110, 371
110, 372
110, 373
110, 374
110, 375
110, 376
110, 377
110, 378
110, 379
110, 380
109, 381
109, 382
109, 383
109, 384
109, 385
109, 386
109, 387
109, 388
109, 389
109, 390
109, 391
109, 392
109, 393
109, 394
109, 395
109, 396
109, 397
109, 398
109, 399
109, 400
109, 401
109, 402
109, 403
109, 404
109, 405
109, 406
109, 407
109, 408
109, 409
109, 410
109, 411
109, 412
108, 413
108, 414
108, 415
108, 416
108, 417
109, 418
108, 419
108, 420
108, 421
108, 422
108, 423
108, 424
108, 425
108, 426
108, 427
108, 428
108, 429
108, 430
108, 431
107, 432
107, 433
107, 434
108, 435
108, 436
108, 437
107, 438
107, 439
107, 440
107, 441
107, 442
107, 443
107, 444
107, 445
107, 446
107, 447
107, 448
107, 449
107, 450
107, 451
107, 452
107, 453
107, 454
107, 455
106, 456
106, 457
106, 458
106, 459
106, 460
106, 461
106, 462
106, 463
106, 464
106, 465
106, 466
106, 467
106, 468
106, 469
106, 470
106, 471
106, 472
106, 473
106, 474
106, 475
106, 476
106, 477
107, 478
107, 479
108, 480
109, 481
109, 482
109, 483
109, 484
109, 485
109, 486
109, 487
109, 488
109, 489
110, 490
111, 490
112, 490
113, 490
114, 490
115, 491
116, 491
117, 492
117, 493
118, 494
119, 494
120, 494
121, 494
122, 493
122, 492
122, 491
122, 490
122, 489
122, 488
122, 487
122, 486
122, 485
122, 484
122, 483
122, 482
122, 481
122, 480
122, 479
123, 479
124, 479
125, 480
126, 481
126, 482
127, 483
127, 484
127, 485
127, 486
127, 487
127, 488
127, 489
127, 490
127, 491
127, 492
128, 493
128, 494
128, 495
128, 496
128, 497
128, 498
129, 499
129, 500
129, 501
129, 502
129, 503
129, 504
129, 505
129, 506
129, 507
129, 508
129, 509
129, 510
129, 511
129, 512
129, 513
129, 514
129, 515
129, 516
129, 517
129, 518
129, 519
129, 520
129, 521
129, 522
129, 523
129, 524
129, 525
129, 526
129, 527
129, 528
129, 529
129, 530
129, 531
129, 532
129, 533
129, 534
129, 535
129, 536
129, 537
129, 538
129, 539
129, 540
129, 541
129, 542
129, 543
129, 544
129, 545
129, 546
129, 547
129, 548
129, 549
129, 550
129, 551
129, 552
129, 553
129, 554
129, 555
129, 556
129, 557
129, 558
129, 559
129, 560
129, 561
129, 562
129, 563
129, 564
129, 565
129, 566
129, 567
129, 568
129, 569
129, 570
129, 571
129, 572
129, 573
129, 574
129, 575
129, 576
129, 577
129, 578
129, 579
128, 580
128, 581
128, 582
128, 583
128, 584
128, 585
127, 586
127, 587
127, 588
127, 589
127, 590
127, 591
127, 592
127, 593
127, 594
127, 595
127, 596
127, 597
127, 598
127, 599
127, 600
127, 601
127, 602
127, 603
127, 604
127, 605
127, 606
126, 607
126, 608
126, 609
126, 610
125, 611
125, 612
125, 613
125, 614
125, 615
125, 616
125, 617
125, 618
125, 619
125, 620
125, 621
125, 622
125, 623
125, 624
125, 625
125, 626
125, 627
124, 628
124, 629
124, 630
123, 631
123, 632
123, 633
123, 634
123, 635
123, 636
123, 637
123, 638
123, 639
123, 640
123, 641
123, 642
123, 643
122, 644
122, 645
122, 646
121, 647
121, 648
121, 649
121, 650
121, 651
121, 652
121, 653
121, 654
121, 655
121, 656
120, 657
120, 658
119, 659
119, 660
119, 661
119, 662
119, 663
119, 664
119, 665
119, 666
119, 667
118, 668
118, 669
118, 670
117, 671
117, 672
117, 673
117, 674
117, 675
117, 676
117, 677
117, 678
117, 679
116, 680
115, 681
115, 682
115, 683
115, 684
114, 684
113, 685
112, 685
111, 685
110, 685
109, 685
108, 684
107, 684
106, 684
105, 684
104, 684
103, 684
102, 685
102, 686
102, 687
103, 688
104, 688
105, 688
105, 689
105, 690
105, 691
105, 692
105, 693
105, 694
105, 695
106, 696
105, 697
104, 698
103, 698
102, 698
101, 698
101, 697
101, 696
100, 695
100, 694
100, 693
99, 692
98, 692
97, 692
96, 692
95, 692
94, 692
93, 692
92, 693
92, 694
92, 695
93, 696
93, 697
92, 698
92, 699
91, 700
91, 701
91, 702
90, 703
89, 704
89, 705
88, 706
87, 706
86, 707
85, 708
84, 708
83, 709
82, 709
81, 709
80, 709
79, 709
78, 708
77, 708
76, 708
75, 707
74, 707
73, 707
72, 708
72, 709
72, 710
71, 710
70, 710
69, 711
68, 711
67, 711
66, 710
65, 710
64, 710
63, 711
63, 712
62, 712
61, 713
60, 713
59, 712
58, 712
57, 711
57, 710
57, 709
57, 708
57, 707
57, 706
57, 705
57, 704
57, 703
57, 702
57, 701
57, 700
57, 699
57, 698
57, 697
57, 696
57, 695
57, 694
56, 693
56, 692
