126, 278
126, 277
126, 276
126, 275
126, 274
126, 273
127, 272
127, 271
127, 270
127, 269
127, 268
127, 267
127, 266
127, 265
127, 264
127, 263
127, 262
127, 261
127, 260
128, 259
128, 258
128, 257
128, 256
128, 255
129, 254
129, 253
129, 252
129, 251
129, 250
129, 249
129, 248
129, 247
129, 246
130, 245
131, 244
132, 243
133, 243
134, 242
135, 241
136, 241
137, 240
138, 239
138, 238
138, 237
138, 236
138, 235
138, 234
138, 233
138, 232
138, 231
138, 230
138, 229
139, 228
139, 227
139, 226
139, 225
139, 224
139, 223
139, 222
139, 221
139, 220
139, 219
139, 218
139, 217
139, 216
139, 215
139, 214
139, 213
140, 212
140, 211
140, 210
140, 209
140, 208
140, 207
140, 206
140, 205
140, 204
140, 203
140, 202
140, 201
140, 200
140, 199
140, 198
141, 197
141, 196
141, 195
141, 194
141, 193
141, 192
142, 191
142, 190
142, 189
142, 188
142, 187
142, 186
142, 185
142, 184
143, 183
144, 182
144, 181
144, 180
144, 179
144, 178
144, 177
145, 176
146, 175
146, 174
146, 175
147, 176
148, 177
148, 178
147, 179
147, 180
147, 181
148, 182
149, 183
149, 184
150, 185
150, 186
149, 186
148, 186
147, 187
146, 187
145, 188
145, 189
145, 190
146, 191
147, 192
148, 192
149, 192
150, 192
151, 191
152, 192
152, 193
152, 194
152, 195
152, 196
153, 197
153, 198
153, 199
153, 200
154, 201
154, 202
154, 203
154, 204
154, 205
155, 206
155, 207
155, 208
155, 209
155, 210
155, 211
156, 212
156, 213
156, 214
156, 215
156, 216
156, 217
157, 218
157, 219
157, 220
157, 221
157, 222
157, 223
158, 224
158, 225
158, 226
158, 227
158, 228
158, 229
158, 230
159, 231
159, 232
159, 233
159, 234
159, 235
159, 236
159, 237
159, 238
159, 239
159, 240
160, 241
161, 242
162, 242
163, 243
164, 243
165, 244
166, 245
166, 246
166, 247
167, 248
167, 249
167, 250
167, 251
167, 252
167, 253
167, 254
167, 255
168, 256
168, 257
168, 258
168, 259
168, 260
168, 261
168, 262
169, 263
169, 264
169, 265
170, 266
170, 267
170, 268
170, 269
170, 270
170, 271
170, 272
170, 273
171, 274
171, 275
171, 276
171, 277
171, 278
172, 279
172, 280
172, 281
172, 282
172, 283
172, 284
172, 285
172, 286
172, 287
173, 288
173, 289
173, 290
173, 291
173, 292
173, 293
174, 294
174, 295
174, 296
174, 297
174, 298
174, 299
174, 300
174, 301
174, 302
174, 303
174, 304
174, 305
174, 306
174, 307
174, 308
175, 309
175, 310
175, 311
175, 312
175, 313
175, 314
175, 315
175, 316
175, 317
175, 318
176, 319
176, 320
176, 321
176, 322
176, 323
176, 324
176, 325
176, 326
176, 327
176, 328
176, 329
176, 330
176, 331
176, 332
176, 333
176, 334
176, 335
176, 336
176, 337
176, 338
176, 339
176, 340
176, 341
176, 342
176, 343
176, 344
176, 345
176, 346
176, 347
176, 348
176, 349
176, 350
176, 351
176, 352
176, 353
176, 354
176, 355
176, 356
176, 357
176, 358
176, 359
176, 360
176, 361
176, 362
176, 363
176, 364
176, 365
176, 366
176, 367
176, 368
176, 369
176, 370
176, 371
176, 372
176, 373
176, 374
176, 375
176, 376
176, 377
176, 378
176, 379
176, 380
176, 381
176, 382
175, 383
174, 383
173, 383
172, 383
171, 383
170, 384
169, 385
168, 386
167, 386
166, 387
166, 388
166, 389
167, 390
168, 390
169, 391
169, 392
169, 393
169, 394
170, 395
170, 396
170, 397
170, 398
170, 399
170, 400
170, 401
170, 402
170, 403
170, 404
170, 405
170, 406
170, 407
170, 408
170, 409
170, 410
170, 411
170, 412
170, 413
170, 414
170, 415
170, 416
170, 417
170, 418
170, 419
170, 420
170, 421
170, 422
170, 423
170, 424
170, 425
170, 426
170, 427
170, 428
170, 429
170, 430
170, 431
170, 432
170, 433
171, 434
171, 435
171, 436
171, 437
171, 438
171, 439
171, 440
171, 441
171, 442
170, 443
170, 444
170, 445
171, 446
171, 447
171, 448
171, 449
171, 450
171, 451
171, 452
171, 453
171, 454
171, 455
171, 456
171, 457
172, 458
172, 459
172, 460
172, 461
172, 462
172, 463
172, 464
172, 465
172, 466
172, 467
172, 468
172, 469
172, 470
172, 471
172, 472
172, 473
173, 474
174, 475
174, 476
173, 477
172, 478
171, 479
170, 480
170, 481
170, 482
171, 483
172, 483
171, 484
171, 485
171, 486
172, 487
172, 488
172, 489
172, 490
171, 490
170, 491
170, 492
170, 493
171, 494
171, 495
171, 496
172, 497
173, 497
173, 498
173, 499
173, 500
173, 501
173, 502
173, 503
173, 504
173, 505
173, 506
173, 507
173, 508
173, 509
173, 510
173, 511
173, 512
173, 513
174, 514
174, 515
174, 516
174, 517
174, 518
174, 519
174, 520
174, 521
174, 522
174, 523
174, 524
174, 525
174, 526
174, 527
174, 528
174, 529
174, 530
174, 531
174, 532
174, 533
174, 534
175, 535
175, 536
175, 537
175, 538
175, 539
175, 540
174, 541
174, 542
174, 543
175, 544
175, 545
175, 546
175, 547
175, 548
175, 549
175, 550
175, 551
175, 552
175, 553
175, 554
175, 555
175, 556
176, 557
176, 558
176, 559
176, 560
176, 561
176, 562
176, 563
175, 564
175, 565
175, 566
175, 567
176, 568
176, 569
176, 570
176, 571
176, 572
176, 573
176, 574
176, 575
177, 576
177, 577
177, 578
177, 579
177, 580
177, 581
177, 582
177, 583
177, 584
177, 585
177, 586
177, 587
177, 588
177, 589
177, 590
177, 591
177, 592
178, 593
178, 594
178, 595
178, 596
178, 597
178, 598
178, 599
178, 600
178, 601
178, 602
178, 603
178, 604
178, 605
178, 606
178, 607
179, 608
179, 609
179, 610
179, 611
179, 612
179, 613
179, 614
179, 615
179, 616
179, 617
179, 618
179, 619
179, 620
179, 621
179, 622
179, 623
179, 624
179, 625
179, 626
179, 627
179, 628
180, 629
180, 630
180, 631
180, 632
180, 633
180, 634
180, 635
181, 636
182, 637
183, 638
183, 639
183, 640
183, 641
184, 642
184, 643
184, 644
184, 645
184, 646
184, 647
184, 648
184, 649
185, 650
185, 651
185, 652
185, 653
185, 654
185, 655
185, 656
185, 657
185, 658
186, 659
187, 660
188, 661
189, 661
190, 662
191, 663
192, 663
193, 663
194, 663
195, 662
196, 662
196, 663
196, 664
196, 665
196, 666
195, 667
195, 668
195, 669
195, 670
194, 671
194, 672
194, 673
194, 674
194, 675
193, 676
193, 677
193, 678
193, 679
193, 680
192, 681
192, 682
192, 683
192, 684
192, 685
192, 686
191, 687
191, 688
191, 689
190, 690
190, 691
190, 692
190, 693
189, 694
188, 695
188, 696
188, 697
188, 698
187, 699
186, 700
186, 701
186, 702
185, 703
184, 704
184, 705
183, 706
182, 707
181, 708
180, 708
179, 709
178, 709
177, 709
176, 709
175, 709
174, 710
174, 711
174, 712
174, 713
174, 714
174, 715
174, 716
174, 717
174, 718
174, 719
174, 720
174, 721
174, 722
174, 723
174, 724
174, 725
174, 726
174, 727
174, 728
174, 729
175, 730
175, 731
175, 732
175, 733
175, 734
175, 735
175, 736
175, 737
175, 738
175, 739
175, 740
175, 741
175, 742
175, 743
174, 744
174, 745
173, 746
173, 747
172, 747
171, 748
170, 748
169, 748
168, 748
167, 747
166, 747
165, 747
164, 747
163, 747
162, 747
161, 747
160, 746
159, 745
159, 744
159, 743
159, 742
159, 741
159, 740
159, 739
158, 738
158, 737
158, 736
158, 735
158, 734
158, 733
158, 732
158, 731
158, 730
157, 729
157, 728
157, 727
157, 726
157, 725
157, 724
157, 723
157, 722
157, 721
157, 720
157, 719
157, 718
157, 717
157, 716
157, 715
157, 714
157, 713
157, 712
157, 711
156, 710
155, 709
154, 709
153, 709
152, 709
151, 710
150, 711
149, 710
148, 710
147, 709
146, 708
145, 707
145, 706
144, 705
143, 705
143, 704
143, 703
143, 702
142, 701
142, 700
142, 699
141, 698
141, 697
141, 696
141, 695
141, 694
141, 693
141, 692
141, 691
141, 690
141, 689
141, 688
141, 687
141, 686
140, 685
140, 684
140, 683
140, 682
140, 681
139, 680
139, 679
139, 678
139, 677
139, 676
139, 675
139, 674
139, 673
139, 672
139, 671
139, 670
139, 669
139, 668
139, 667
139, 666
139, 665
139, 664
139, 663
139, 662
139, 661
139, 660
140, 659
140, 658
140, 657
140, 656
140, 655
140, 654
140, 653
140, 652
140, 651
141, 650
141, 649
141, 648
141, 647
141, 646
141, 645
141, 644
141, 643
141, 642
141, 641
141, 640
141, 639
142, 638
143, 637
144, 637
145, 636
146, 635
146, 634
146, 633
146, 632
146, 631
146, 630
146, 629
147, 628
147, 627
147, 626
147, 625
147, 624
147, 623
146, 622
146, 621
146, 620
146, 619
146, 618
146, 617
146, 616
147, 615
147, 614
147, 613
147, 612
147, 611
147, 610
147, 609
147, 608
146, 607
146, 606
146, 605
146, 604
146, 603
146, 602
146, 601
146, 600
146, 599
146, 598
146, 597
146, 596
146, 595
146, 594
146, 593
146, 592
146, 591
146, 590
146, 589
146, 588
146, 587
146, 586
146, 585
146, 584
146, 583
146, 582
145, 581
145, 580
145, 579
145, 578
146, 577
146, 576
146, 575
146, 574
146, 573
145, 572
145, 571
145, 570
145, 569
145, 568
145, 567
145, 566
145, 565
145, 564
145, 563
145, 562
145, 561
144, 560
144, 559
144, 558
144, 557
144, 556
144, 555
144, 554
145, 553
145, 552
145, 551
145, 550
144, 549
144, 548
144, 547
144, 546
144, 545
144, 544
144, 543
144, 542
144, 541
144, 540
144, 539
144, 538
144, 537
144, 536
144, 535
144, 534
144, 533
144, 532
144, 531
144, 530
144, 529
144, 528
143, 527
143, 526
143, 525
143, 524
143, 523
143, 522
144, 521
144, 520
144, 519
144, 518
144, 517
143, 516
143, 515
143, 514
143, 513
143, 512
143, 511
143, 510
143, 509
143, 508
143, 507
142, 506
142, 505
142, 504
142, 503
142, 502
142, 501
142, 500
142, 499
142, 498
142, 497
142, 496
142, 495
142, 494
142, 493
142, 492
142, 491
142, 490
142, 489
142, 488
142, 487
142, 486
142, 485
141, 484
141, 483
141, 482
141, 481
141, 480
141, 479
141, 478
141, 477
141, 476
141, 475
141, 474
141, 473
141, 472
141, 471
141, 470
141, 469
141, 468
141, 467
141, 466
141, 465
141, 464
141, 463
141, 462
141, 461
141, 460
141, 459
141, 458
141, 457
141, 456
141, 455
141, 454
141, 453
140, 452
140, 451
140, 450
140, 449
140, 448
140, 447
140, 446
140, 445
140, 444
140, 443
140, 442
140, 441
140, 440
140, 439
139, 438
139, 437
139, 436
139, 435
140, 434
140, 433
140, 432
139, 431
139, 430
139, 429
139, 428
139, 427
139, 426
139, 425
139, 424
139, 423
139, 422
139, 421
139, 420
139, 419
139, 418
139, 417
138, 416
138, 415
138, 414
138, 413
138, 412
138, 411
138, 410
138, 409
138, 408
138, 407
138, 406
138, 405
138, 404
138, 403
138, 402
138, 401
138, 400
138, 399
138, 398
137, 397
137, 396
137, 395
137, 394
137, 393
137, 392
138, 391
139, 391
140, 390
141, 390
142, 389
143, 389
144, 389
145, 388
146, 388
147, 387
147, 386
147, 385
146, 384
145, 384
144, 384
143, 384
142, 385
141, 384
140, 384
139, 384
138, 384
137, 384
136, 383
135, 383
134, 383
133, 383
132, 384
131, 384
130, 385
130, 384
129, 383
129, 382
129, 381
129, 380
129, 379
129, 378
129, 377
129, 376
129, 375
129, 374
128, 373
128, 372
128, 371
128, 370
128, 369
128, 368
127, 367
127, 366
127, 365
127, 364
127, 363
127, 362
127, 361
127, 360
127, 359
127, 358
127, 357
127, 356
127, 355
127, 354
127, 353
126, 352
126, 351
126, 350
126, 349
126, 348
126, 347
125, 346
125, 345
125, 344
125, 343
125, 342
125, 341
125, 340
125, 339
125, 338
125, 337
125, 336
125, 335
125, 334
125, 333
125, 332
125, 331
125, 330
125, 329
125, 328
125, 327
125, 326
125, 325
125, 324
125, 323
125, 322
125, 321
125, 320
125, 319
125, 318
125, 317
125, 316
125, 315
125, 314
125, 313
125, 312
125, 311
125, 310
125, 309
125, 308
125, 307
125, 306
125, 305
125, 304
125, 303
125, 302
125, 301
125, 300
125, 299
125, 298
125, 297
125, 296
125, 295
125, 294
125, 293
125, 292
125, 291
125, 290
125, 289
125, 288
125, 287
125, 286
125, 285
125, 284
125, 283
125, 282
125, 281
125, 280
125, 279
