72, 648
72, 647
72, 646
72, 645
72, 644
72, 643
72, 642
72, 641
72, 640
72, 639
72, 638
72, 637
72, 636
72, 635
72, 634
72, 633
72, 632
72, 631
72, 630
72, 629
72, 628
72, 627
72, 626
72, 625
72, 624
72, 623
72, 622
72, 621
72, 620
72, 619
72, 618
72, 617
72, 616
72, 615
72, 614
72, 613
72, 612
72, 611
72, 610
72, 609
72, 608
73, 607
73, 606
73, 605
73, 604
73, 603
73, 602
73, 601
73, 600
73, 599
73, 598
73, 597
73, 596
73, 595
73, 594
73, 593
73, 592
73, 591
73, 590
73, 589
73, 588
73, 587
73, 586
74, 585
74, 584
74, 583
74, 582
74, 581
74, 580
74, 579
74, 578
75, 577
75, 576
75, 575
75, 574
75, 573
75, 572
75, 571
75, 570
75, 569
75, 568
75, 567
75, 566
75, 565
75, 564
75, 563
75, 562
76, 561
76, 560
76, 559
76, 558
76, 557
76, 556
76, 555
76, 554
76, 553
76, 552
76, 551
76, 550
76, 549
76, 548
76, 547
76, 546
77, 545
77, 544
77, 543
77, 542
77, 541
77, 540
77, 539
77, 538
77, 537
77, 536
77, 535
77, 534
77, 533
77, 532
77, 531
77, 530
77, 529
77, 528
77, 527
78, 526
78, 525
78, 524
78, 523
78, 522
78, 521
78, 520
78, 519
78, 518
78, 517
78, 516
78, 515
78, 514
78, 513
78, 512
79, 511
79, 510
79, 509
79, 508
79, 507
79, 506
79, 505
79, 504
79, 503
79, 502
79, 501
79, 500
79, 499
79, 498
79, 497
79, 496
80, 495
80, 494
80, 493
80, 492
80, 491
80, 490
80, 489
80, 488
80, 487
80, 486
80, 485
80, 484
80, 483
80, 482
80, 481
80, 480
80, 479
81, 478
81, 477
81, 476
81, 475
81, 474
81, 473
81, 472
81, 471
81, 470
81, 469
81, 468
81, 467
81, 466
81, 465
81, 464
81, 463
81, 462
82, 461
82, 460
82, 459
82, 458
82, 457
82, 456
82, 455
82, 454
82, 453
82, 452
82, 451
82, 450
82, 449
82, 448
82, 447
83, 446
83, 445
83, 444
83, 443
83, 442
83, 441
83, 440
83, 439
83, 438
83, 437
83, 436
83, 435
83, 434
83, 433
83, 432
83, 431
83, 430
84, 429
84, 428
84, 427
84, 426
84, 425
84, 424
84, 423
84, 422
84, 421
84, 420
84, 419
84, 418
84, 417
84, 416
85, 415
85, 414
85, 413
85, 412
85, 411
85, 410
85, 409
85, 408
85, 407
85, 406
85, 405
85, 404
85, 403
85, 402
85, 401
85, 400
86, 399
86, 398
86, 397
86, 396
86, 395
86, 394
86, 393
86, 392
86, 391
86, 390
86, 389
86, 388
86, 387
86, 386
87, 385
87, 384
87, 383
87, 382
87, 381
87, 380
87, 379
87, 378
87, 377
87, 376
87, 375
87, 374
87, 373
87, 372
87, 371
88, 370
88, 369
88, 368
88, 367
88, 366
88, 365
88, 364
88, 363
88, 362
88, 361
88, 360
88, 359
88, 358
89, 357
89, 356
89, 355
89, 354
89, 353
89, 352
89, 351
89, 350
89, 349
89, 348
89, 347
89, 346
89, 345
89, 344
89, 343
90, 342
90, 341
90, 340
90, 339
90, 338
90, 337
90, 336
90, 335
90, 334
90, 333
90, 332
90, 331
91, 330
91, 329
91, 328
91, 327
91, 326
91, 325
91, 324
91, 323
91, 322
91, 321
91, 320
91, 319
91, 318
92, 317
92, 316
92, 315
92, 314
92, 313
92, 312
92, 311
92, 310
92, 309
92, 308
92, 307
93, 306
93, 305
93, 304
93, 303
93, 302
93, 301
93, 300
93, 299
93, 298
93, 297
93, 296
93, 295
93, 294
94, 293
94, 292
94, 291
94, 290
94, 289
94, 288
94, 287
94, 286
94, 285
94, 284
95, 283
95, 282
95, 281
95, 280
95, 279
95, 278
95, 277
95, 276
95, 275
95, 274
95, 273
95, 272
96, 271
96, 270
96, 269
96, 268
96, 267
96, 266
96, 265
96, 264
96, 263
96, 262
97, 261
97, 260
97, 259
97, 258
97, 257
97, 256
97, 255
98, 254
98, 253
98, 252
98, 251
98, 250
98, 249
98, 248
98, 247
99, 246
99, 245
99, 244
99, 243
99, 242
99, 241
99, 240
99, 239
99, 238
100, 237
100, 236
100, 235
100, 234
100, 233
100, 232
100, 231
101, 230
101, 229
101, 228
101, 227
101, 226
101, 225
101, 224
102, 223
102, 222
102, 221
102, 220
102, 219
102, 218
102, 217
103, 216
103, 215
103, 214
103, 213
103, 212
103, 211
103, 210
104, 209
104, 208
104, 207
104, 206
104, 205
104, 204
105, 203
105, 202
105, 201
105, 200
105, 199
105, 198
105, 197
106, 196
106, 195
106, 194
106, 193
106, 192
107, 191
107, 190
107, 189
107, 188
107, 187
108, 186
108, 185
108, 184
108, 183
109, 182
109, 181
109, 180
109, 179
109, 178
110, 177
110, 176
110, 175
110, 174
111, 173
111, 172
111, 171
112, 170
112, 169
112, 168
112, 167
113, 166
113, 165
113, 164
114, 163
114, 162
115, 161
115, 160
116, 159
117, 159
118, 158
119, 157
119, 156
119, 155
119, 154
120, 153
120, 152
121, 151
121, 150
122, 151
122, 152
123, 153
123, 154
123, 155
123, 156
123, 157
124, 158
125, 159
126, 160
127, 161
127, 162
128, 163
128, 164
128, 165
128, 166
128, 167
129, 168
129, 169
129, 170
130, 171
130, 172
130, 173
130, 174
130, 175
130, 176
130, 177
130, 178
130, 179
131, 180
131, 181
131, 182
131, 183
131, 184
131, 185
131, 186
131, 187
131, 188
132, 189
132, 190
132, 191
132, 192
132, 193
132, 194
132, 195
132, 196
132, 197
132, 198
132, 199
132, 200
132, 201
133, 202
133, 203
133, 204
133, 205
133, 206
133, 207
133, 208
133, 209
133, 210
133, 211
133, 212
133, 213
133, 214
133, 215
133, 216
133, 217
133, 218
133, 219
134, 220
133, 221
133, 222
133, 223
133, 224
133, 225
133, 226
133, 227
134, 228
134, 229
134, 230
134, 231
134, 232
134, 233
134, 234
134, 235
134, 236
134, 237
134, 238
134, 239
134, 240
134, 241
134, 242
134, 243
134, 244
134, 245
134, 246
134, 247
134, 248
134, 249
134, 250
134, 251
134, 252
134, 253
134, 254
134, 255
134, 256
134, 257
134, 258
134, 259
134, 260
134, 261
134, 262
134, 263
134, 264
134, 265
134, 266
134, 267
134, 268
134, 269
134, 270
134, 271
134, 272
133, 273
133, 274
133, 275
134, 276
133, 277
133, 278
133, 279
133, 280
133, 281
133, 282
133, 283
133, 284
133, 285
133, 286
133, 287
133, 288
133, 289
133, 290
133, 291
133, 292
133, 293
133, 294
133, 295
133, 296
133, 297
133, 298
133, 299
133, 300
133, 301
133, 302
133, 303
133, 304
133, 305
133, 306
133, 307
133, 308
133, 309
133, 310
133, 311
133, 312
132, 313
132, 314
132, 315
132, 316
132, 317
132, 318
132, 319
132, 320
132, 321
132, 322
132, 323
132, 324
132, 325
132, 326
132, 327
132, 328
132, 329
132, 330
132, 331
132, 332
132, 333
132, 334
132, 335
132, 336
132, 337
132, 338
132, 339
132, 340
132, 341
132, 342
132, 343
132, 344
132, 345
132, 346
132, 347
131, 348
131, 349
131, 350
131, 351
131, 352
131, 353
131, 354
131, 355
131, 356
131, 357
131, 358
131, 359
131, 360
131, 361
131, 362
131, 363
131, 364
131, 365
131, 366
131, 367
131, 368
131, 369
131, 370
130, 371
130, 372
130, 373
130, 374
130, 375
130, 376
130, 377
130, 378
130, 379
130, 380
130, 381
130, 382
130, 383
130, 384
130, 385
130, 386
130, 387
130, 388
130, 389
130, 390
130, 391
130, 392
130, 393
130, 394
130, 395
130, 396
130, 397
129, 398
129, 399
129, 400
129, 401
129, 402
129, 403
129, 404
129, 405
129, 406
129, 407
129, 408
129, 409
129, 410
129, 411
129, 412
129, 413
129, 414
129, 415
129, 416
128, 417
128, 418
128, 419
128, 420
128, 421
128, 422
128, 423
128, 424
128, 425
128, 426
128, 427
128, 428
128, 429
128, 430
128, 431
128, 432
128, 433
128, 434
128, 435
128, 436
128, 437
128, 438
128, 439
128, 440
128, 441
128, 442
128, 443
127, 444
127, 445
127, 446
127, 447
127, 448
127, 449
127, 450
127, 451
127, 452
127, 453
127, 454
127, 455
127, 456
127, 457
127, 458
127, 459
127, 460
127, 461
127, 462
127, 463
126, 464
126, 465
126, 466
126, 467
126, 468
126, 469
127, 470
127, 471
126, 472
126, 473
126, 474
126, 475
126, 476
126, 477
126, 478
126, 479
126, 480
126, 481
126, 482
127, 483
128, 483
129, 483
130, 482
131, 481
131, 480
132, 479
132, 478
133, 477
134, 476
135, 475
136, 474
137, 474
138, 474
139, 474
140, 475
140, 476
141, 477
141, 478
142, 479
142, 480
142, 481
143, 482
143, 483
143, 484
143, 485
144, 486
144, 487
144, 488
144, 489
144, 490
144, 491
144, 492
144, 493
144, 494
145, 495
145, 496
145, 497
145, 498
145, 499
145, 500
145, 501
145, 502
145, 503
145, 504
145, 505
145, 506
145, 507
145, 508
145, 509
145, 510
145, 511
145, 512
145, 513
145, 514
145, 515
145, 516
145, 517
145, 518
145, 519
145, 520
145, 521
145, 522
145, 523
145, 524
145, 525
145, 526
145, 527
145, 528
145, 529
145, 530
145, 531
145, 532
145, 533
145, 534
145, 535
145, 536
145, 537
145, 538
145, 539
145, 540
145, 541
145, 542
145, 543
145, 544
144, 545
144, 546
144, 547
144, 548
144, 549
144, 550
144, 551
144, 552
144, 553
144, 554
144, 555
144, 556
144, 557
144, 558
144, 559
144, 560
144, 561
144, 562
144, 563
144, 564
144, 565
144, 566
144, 567
144, 568
144, 569
143, 570
143, 571
143, 572
144, 573
144, 574
144, 575
144, 576
144, 577
143, 578
143, 579
143, 580
143, 581
143, 582
143, 583
143, 584
142, 585
142, 586
142, 587
143, 588
143, 589
142, 590
142, 591
142, 592
142, 593
142, 594
142, 595
142, 596
142, 597
142, 598
142, 599
142, 600
142, 601
142, 602
141, 603
141, 604
141, 605
141, 606
142, 607
142, 608
142, 609
142, 610
141, 611
141, 612
141, 613
141, 614
141, 615
141, 616
141, 617
141, 618
141, 619
141, 620
141, 621
141, 622
140, 623
140, 624
140, 625
140, 626
141, 627
140, 628
140, 629
140, 630
140, 631
140, 632
140, 633
140, 634
141, 635
141, 636
141, 637
141, 638
140, 639
140, 640
140, 641
140, 642
140, 643
140, 644
140, 645
140, 646
140, 647
140, 648
140, 649
140, 650
140, 651
140, 652
140, 653
140, 654
140, 655
140, 656
140, 657
139, 658
139, 659
139, 660
139, 661
139, 662
139, 663
139, 664
139, 665
139, 666
139, 667
139, 668
139, 669
138, 670
138, 671
138, 672
138, 673
138, 674
138, 675
138, 676
138, 677
138, 678
138, 679
138, 680
137, 681
137, 682
137, 683
137, 684
137, 685
137, 686
136, 687
136, 688
136, 689
136, 690
136, 691
135, 692
135, 693
135, 694
134, 695
134, 696
133, 697
133, 698
132, 699
131, 699
130, 699
129, 699
128, 698
127, 697
127, 696
126, 695
126, 694
125, 693
124, 693
123, 693
122, 693
121, 693
120, 694
120, 695
120, 696
119, 697
119, 698
118, 699
118, 700
117, 701
117, 702
117, 701
117, 700
116, 699
115, 699
114, 699
114, 698
113, 697
112, 697
111, 697
110, 698
110, 699
110, 700
110, 701
110, 702
110, 703
110, 704
110, 705
110, 706
110, 707
110, 708
109, 709
108, 710
108, 711
108, 712
108, 713
108, 714
107, 715
107, 716
107, 717
107, 718
106, 719
106, 720
106, 721
106, 722
106, 723
105, 724
105, 725
105, 726
104, 727
104, 728
104, 729
104, 730
103, 731
103, 732
102, 733
102, 734
101, 735
100, 736
100, 737
99, 738
98, 739
97, 740
96, 740
95, 741
94, 741
93, 741
92, 741
91, 741
90, 742
89, 741
88, 741
87, 740
86, 740
85, 740
84, 739
83, 739
82, 738
81, 738
80, 737
79, 736
79, 735
78, 734
78, 733
77, 732
77, 731
77, 730
76, 729
76, 728
76, 727
75, 726
75, 725
75, 724
75, 723
75, 722
75, 721
75, 720
74, 719
74, 718
74, 717
74, 716
74, 715
74, 714
74, 713
73, 712
73, 711
73, 710
73, 709
73, 708
73, 707
73, 706
73, 705
73, 704
73, 703
73, 702
73, 701
73, 700
73, 699
73, 698
72, 697
72, 696
72, 695
72, 694
72, 693
72, 692
72, 691
72, 690
72, 689
72, 688
72, 687
72, 686
72, 685
72, 684
72, 683
72, 682
72, 681
72, 680
72, 679
72, 678
72, 677
72, 676
72, 675
72, 674
72, 673
72, 672
72, 671
72, 670
72, 669
72, 668
72, 667
72, 666
72, 665
72, 664
72, 663
72, 662
72, 661
71, 660
71, 659
71, 658
71, 657
71, 656
72, 655
72, 654
72, 653
72, 652
71, 651
71, 650
71, 649
