54, 302
54, 301
54, 300
55, 300
56, 299
56, 298
57, 298
58, 297
58, 296
58, 295
58, 294
58, 293
58, 292
59, 291
59, 290
59, 289
58, 288
58, 287
58, 286
58, 285
58, 284
58, 283
58, 282
58, 281
58, 280
58, 279
58, 278
58, 277
58, 276
58, 275
58, 274
58, 273
58, 272
58, 271
58, 270
58, 269
58, 268
59, 267
60, 266
60, 265
60, 264
60, 263
60, 262
61, 262
62, 261
62, 260
62, 259
63, 258
64, 257
64, 256
64, 255
65, 254
66, 253
66, 252
67, 251
68, 250
69, 249
70, 249
71, 248
72, 247
72, 246
72, 245
72, 244
72, 243
72, 242
72, 241
72, 240
72, 239
72, 238
72, 237
71, 236
71, 235
71, 234
71, 233
71, 232
71, 231
71, 230
71, 229
71, 228
70, 227
70, 226
70, 225
70, 224
71, 223
71, 222
71, 221
70, 220
70, 219
70, 218
70, 217
70, 216
70, 215
69, 214
69, 213
70, 212
70, 211
70, 210
71, 209
72, 208
73, 207
73, 206
74, 205
74, 204
74, 203
73, 202
73, 201
73, 200
73, 199
73, 198
73, 197
73, 196
74, 195
74, 194
74, 193
74, 192
74, 191
75, 190
75, 189
75, 188
76, 187
76, 186
77, 185
78, 184
79, 183
80, 183
81, 183
82, 183
83, 184
84, 184
84, 185
84, 186
85, 187
86, 188
86, 189
86, 190
86, 191
86, 192
87, 193
87, 194
88, 195
88, 196
89, 197
89, 198
89, 199
90, 200
90, 201
90, 202
90, 203
90, 204
91, 205
92, 206
93, 207
94, 208
95, 209
96, 210
96, 211
97, 212
97, 213
97, 214
97, 215
97, 216
97, 217
97, 218
97, 219
97, 220
98, 221
99, 222
99, 223
99, 224
99, 225
99, 226
99, 227
99, 228
99, 229
99, 230
99, 231
99, 232
99, 233
99, 234
99, 235
100, 236
101, 236
101, 237
101, 238
101, 239
101, 240
101, 241
101, 242
101, 243
101, 244
101, 245
102, 246
103, 247
104, 247
105, 248
106, 249
107, 250
108, 251
109, 251
109, 252
110, 253
111, 254
112, 255
113, 256
113, 257
113, 258
114, 259
115, 259
115, 260
115, 261
116, 262
117, 262
117, 263
117, 264
117, 265
118, 266
119, 267
119, 268
119, 269
119, 270
119, 271
119, 272
119, 273
120, 274
120, 275
120, 276
121, 277
121, 278
121, 279
121, 280
121, 281
121, 282
121, 283
121, 284
121, 285
121, 286
122, 287
123, 287
123, 288
123, 289
123, 290
123, 291
123, 292
124, 293
125, 294
126, 295
127, 296
127, 297
127, 298
127, 299
128, 300
128, 301
128, 302
128, 303
128, 304
128, 305
128, 306
129, 307
129, 308
129, 309
129, 310
129, 311
129, 312
129, 313
129, 314
129, 315
129, 316
129, 317
129, 318
129, 319
129, 320
129, 321
130, 322
130, 323
130, 324
130, 325
130, 326
130, 327
130, 328
130, 329
130, 330
130, 331
131, 332
131, 333
131, 334
131, 335
131, 336
131, 337
131, 338
131, 339
131, 340
131, 341
131, 342
131, 343
131, 344
131, 345
131, 346
132, 347
132, 348
132, 349
132, 350
132, 351
132, 352
132, 353
133, 354
133, 355
133, 356
133, 357
133, 358
133, 359
133, 360
133, 361
133, 362
133, 363
133, 364
133, 365
133, 366
133, 367
133, 368
133, 369
134, 370
134, 371
134, 372
134, 373
134, 374
134, 375
134, 376
134, 377
135, 378
135, 379
135, 380
135, 381
135, 382
135, 383
135, 384
135, 385
135, 386
135, 387
135, 388
135, 389
135, 390
136, 391
136, 392
136, 393
136, 394
136, 395
136, 396
136, 397
136, 398
136, 399
137, 400
137, 401
137, 402
137, 403
137, 404
137, 405
137, 406
137, 407
137, 408
137, 409
137, 410
137, 411
137, 412
137, 413
138, 414
138, 415
138, 416
138, 417
138, 418
138, 419
138, 420
138, 421
138, 422
139, 423
139, 424
139, 425
139, 426
139, 427
139, 428
139, 429
139, 430
139, 431
139, 432
140, 433
140, 434
140, 435
140, 436
140, 437
140, 438
140, 439
140, 440
140, 441
140, 442
140, 443
141, 444
141, 445
141, 446
140, 447
140, 448
140, 449
141, 450
141, 451
141, 452
141, 453
141, 454
141, 455
142, 456
142, 457
143, 458
143, 459
143, 460
143, 461
143, 462
143, 463
143, 464
143, 465
143, 466
143, 467
143, 468
143, 469
143, 470
144, 471
145, 471
145, 472
144, 473
144, 474
144, 475
144, 476
144, 477
144, 478
144, 479
144, 480
145, 481
145, 482
145, 483
145, 484
145, 485
145, 486
145, 487
145, 488
145, 489
145, 490
146, 491
146, 492
146, 493
146, 494
146, 495
146, 496
146, 497
146, 498
146, 499
146, 500
146, 501
146, 502
147, 503
147, 504
147, 505
147, 506
147, 507
147, 508
147, 509
147, 510
147, 511
147, 512
147, 513
147, 514
147, 515
148, 516
148, 517
148, 518
148, 519
148, 520
148, 521
148, 522
149, 523
149, 524
149, 525
149, 526
149, 527
149, 528
149, 529
149, 530
149, 531
149, 532
149, 533
149, 534
149, 535
149, 536
149, 537
149, 538
149, 539
150, 540
151, 541
151, 542
151, 543
151, 544
151, 545
151, 546
151, 547
151, 548
151, 549
151, 550
151, 551
151, 552
151, 553
151, 554
151, 555
151, 556
151, 557
151, 558
151, 559
151, 560
151, 561
152, 562
152, 563
152, 564
153, 565
153, 566
153, 567
153, 568
153, 569
153, 570
153, 571
153, 572
153, 573
153, 574
153, 575
153, 576
153, 577
153, 578
153, 579
153, 580
153, 581
153, 582
153, 583
153, 584
153, 585
154, 586
155, 587
155, 588
155, 589
155, 590
155, 591
155, 592
155, 593
155, 594
155, 595
156, 596
156, 597
156, 598
156, 599
156, 600
156, 601
157, 602
157, 603
157, 604
157, 605
157, 606
157, 607
157, 608
157, 609
157, 610
157, 611
157, 612
158, 613
158, 614
159, 615
159, 616
159, 617
159, 618
159, 619
159, 620
159, 621
159, 622
159, 623
159, 624
159, 625
159, 626
159, 627
159, 628
159, 629
159, 630
159, 631
159, 632
159, 633
159, 634
160, 635
161, 636
161, 637
161, 638
161, 639
161, 640
161, 641
161, 642
161, 643
161, 644
161, 645
161, 646
161, 647
161, 648
161, 649
161, 650
161, 651
161, 652
161, 653
161, 654
162, 655
162, 656
162, 657
162, 658
162, 659
162, 660
163, 661
163, 662
163, 663
163, 664
163, 665
163, 666
163, 667
163, 668
163, 669
163, 670
163, 671
163, 672
163, 673
163, 674
163, 675
163, 676
163, 677
162, 678
162, 679
162, 680
162, 681
162, 682
163, 683
163, 684
162, 685
162, 686
161, 687
160, 688
159, 689
159, 690
159, 691
159, 692
159, 693
159, 694
159, 695
159, 696
159, 697
159, 698
159, 699
159, 700
159, 701
159, 702
160, 703
160, 704
160, 705
160, 706
160, 707
160, 708
160, 709
160, 710
160, 711
160, 712
161, 713
161, 714
161, 715
161, 716
161, 717
161, 718
161, 719
161, 720
161, 721
161, 722
161, 723
161, 724
161, 725
161, 726
161, 727
161, 728
161, 729
161, 730
160, 731
159, 731
158, 732
157, 732
156, 732
155, 731
154, 731
153, 731
152, 731
151, 731
150, 731
149, 731
148, 731
147, 731
146, 731
145, 731
144, 731
143, 731
142, 731
141, 731
140, 732
139, 731
138, 731
137, 731
136, 731
135, 731
134, 731
133, 732
133, 733
133, 734
134, 735
134, 736
135, 737
134, 737
133, 738
132, 738
131, 738
130, 739
129, 739
128, 739
127, 740
126, 741
125, 742
124, 742
123, 742
122, 742
121, 743
120, 743
119, 743
118, 743
117, 743
116, 743
115, 743
114, 743
113, 742
112, 742
111, 742
110, 741
109, 741
108, 741
107, 740
108, 739
108, 738
108, 737
107, 736
106, 736
105, 735
104, 735
103, 734
102, 734
101, 734
100, 734
99, 734
98, 734
97, 734
97, 733
96, 732
95, 731
94, 730
94, 729
94, 728
94, 727
94, 726
94, 725
94, 724
94, 723
94, 722
94, 721
93, 720
93, 719
93, 718
93, 717
93, 716
93, 715
93, 714
93, 713
92, 712
92, 711
92, 710
92, 709
92, 708
92, 707
92, 706
92, 705
92, 704
92, 703
92, 702
92, 701
92, 700
91, 699
91, 698
91, 697
91, 696
91, 695
91, 694
90, 693
89, 692
88, 692
88, 691
88, 690
87, 689
86, 688
86, 687
86, 686
86, 685
86, 684
86, 683
86, 682
86, 681
85, 680
84, 679
84, 678
84, 677
84, 676
84, 675
84, 674
84, 673
84, 672
84, 671
84, 670
84, 669
84, 668
84, 667
84, 666
84, 665
84, 664
84, 663
84, 662
84, 661
84, 660
83, 659
83, 658
83, 657
83, 656
83, 655
82, 654
82, 653
82, 652
82, 651
82, 650
82, 649
82, 648
82, 647
82, 646
82, 645
82, 644
82, 643
82, 642
82, 641
82, 640
81, 639
81, 638
81, 637
81, 636
81, 635
81, 634
81, 633
80, 632
80, 631
80, 630
80, 629
80, 628
80, 627
80, 626
80, 625
80, 624
80, 623
80, 622
80, 621
80, 620
80, 619
80, 618
80, 617
80, 616
80, 615
79, 614
79, 613
79, 612
78, 611
79, 610
79, 609
79, 608
78, 607
78, 606
78, 605
78, 604
78, 603
78, 602
78, 601
78, 600
78, 599
79, 599
80, 598
80, 597
80, 596
80, 595
80, 594
80, 593
79, 592
79, 591
78, 590
78, 589
78, 588
78, 587
78, 586
79, 585
79, 584
79, 583
79, 582
79, 581
78, 580
77, 580
77, 579
76, 578
76, 577
76, 576
77, 575
78, 574
78, 573
78, 572
78, 571
78, 570
77, 569
76, 568
76, 567
76, 566
76, 565
76, 564
76, 563
76, 562
76, 561
77, 560
77, 559
77, 558
76, 557
75, 556
75, 555
76, 554
76, 553
76, 552
76, 551
76, 550
76, 549
76, 548
76, 547
75, 546
74, 545
74, 544
74, 543
74, 542
74, 541
74, 540
75, 540
76, 539
76, 538
76, 537
75, 536
75, 535
74, 534
73, 533
72, 533
73, 533
74, 532
74, 531
74, 530
74, 529
74, 528
74, 527
74, 526
74, 525
74, 524
74, 523
73, 522
72, 521
72, 520
72, 519
71, 518
71, 517
71, 516
71, 515
71, 514
70, 513
70, 512
70, 511
70, 510
70, 509
70, 508
70, 507
70, 506
70, 505
70, 504
70, 503
70, 502
70, 501
70, 500
70, 499
70, 498
69, 497
69, 496
69, 495
69, 494
69, 493
69, 492
69, 491
68, 490
68, 489
68, 488
68, 487
68, 486
68, 485
68, 484
68, 483
68, 482
68, 481
68, 480
68, 479
68, 478
68, 477
68, 476
68, 475
68, 474
67, 473
67, 472
67, 471
67, 470
67, 469
67, 468
67, 467
66, 466
66, 465
66, 464
66, 463
66, 462
66, 461
66, 460
66, 459
66, 458
66, 457
65, 456
65, 455
64, 454
64, 453
64, 452
64, 451
64, 450
64, 449
64, 448
64, 447
64, 446
64, 445
64, 444
64, 443
64, 442
64, 441
64, 440
64, 439
64, 438
64, 437
64, 436
64, 435
63, 434
63, 433
63, 432
63, 431
63, 430
63, 429
63, 428
63, 427
62, 426
62, 425
62, 424
62, 423
62, 422
62, 421
62, 420
62, 419
62, 418
62, 417
62, 416
62, 415
62, 414
62, 413
62, 412
62, 411
62, 410
62, 409
61, 408
61, 407
61, 406
61, 405
61, 404
61, 403
61, 402
61, 401
60, 400
60, 399
60, 398
60, 397
60, 396
60, 395
60, 394
60, 393
60, 392
60, 391
60, 390
60, 389
60, 388
60, 387
60, 386
60, 385
60, 384
59, 383
59, 382
59, 381
59, 380
59, 379
59, 378
59, 377
59, 376
59, 375
59, 374
58, 373
58, 372
58, 371
58, 370
58, 369
58, 368
58, 367
58, 366
58, 365
58, 364
58, 363
58, 362
58, 361
58, 360
58, 359
58, 358
58, 357
57, 356
57, 355
57, 354
57, 353
57, 352
57, 351
57, 350
57, 349
57, 348
57, 347
56, 346
56, 345
56, 344
56, 343
56, 342
56, 341
56, 340
56, 339
56, 338
56, 337
56, 336
56, 335
56, 334
56, 333
56, 332
56, 331
56, 330
56, 329
55, 328
55, 327
55, 326
55, 325
55, 324
55, 323
55, 322
54, 321
54, 320
54, 319
54, 318
54, 317
54, 316
54, 315
54, 314
54, 313
54, 312
54, 311
54, 310
54, 309
54, 308
54, 307
54, 306
53, 305
53, 304
53, 303
