112, 439
112, 438
112, 437
112, 436
112, 435
112, 434
112, 433
113, 432
113, 431
113, 430
113, 429
113, 428
114, 427
114, 426
114, 425
114, 424
114, 423
114, 422
114, 421
113, 420
113, 419
113, 418
113, 417
113, 416
113, 415
113, 414
113, 413
114, 412
114, 411
114, 410
114, 409
114, 408
114, 407
114, 406
114, 405
114, 404
114, 403
114, 402
114, 401
114, 400
114, 399
114, 398
114, 397
114, 396
114, 395
114, 394
114, 393
114, 392
114, 391
114, 390
114, 389
114, 388
114, 387
114, 386
114, 385
114, 384
114, 383
114, 382
114, 381
113, 380
113, 379
113, 378
114, 377
115, 376
115, 375
115, 374
115, 373
115, 372
114, 371
113, 370
112, 370
112, 369
112, 368
112, 367
113, 366
113, 365
114, 365
115, 364
115, 363
115, 362
115, 361
115, 360
115, 359
114, 358
113, 357
113, 356
113, 355
113, 354
113, 353
114, 352
114, 351
114, 350
115, 349
115, 348
115, 347
115, 346
115, 345
114, 344
114, 343
113, 342
112, 342
113, 342
114, 341
114, 340
114, 339
114, 338
115, 338
116, 337
116, 336
116, 335
115, 334
114, 334
113, 333
112, 333
111, 332
110, 332
110, 331
110, 330
111, 330
112, 330
113, 329
114, 328
114, 327
114, 326
114, 325
114, 324
114, 323
114, 322
113, 321
112, 320
111, 320
110, 320
109, 321
109, 322
108, 321
109, 320
109, 319
109, 318
109, 319
110, 320
111, 320
112, 320
113, 320
114, 319
114, 318
114, 317
113, 316
112, 316
111, 316
110, 316
111, 316
112, 316
113, 316
114, 315
114, 314
114, 313
114, 312
114, 311
113, 310
112, 309
112, 308
112, 307
112, 306
112, 305
112, 304
112, 303
111, 302
112, 301
112, 300
113, 300
114, 299
114, 298
114, 297
113, 296
112, 296
111, 296
110, 296
111, 296
112, 296
113, 295
113, 294
114, 293
114, 292
114, 291
114, 290
113, 289
112, 288
111, 288
111, 287
111, 286
112, 286
113, 286
114, 285
114, 284
114, 283
114, 282
114, 281
115, 281
116, 282
117, 282
118, 282
119, 281
120, 280
120, 279
121, 278
121, 277
121, 276
121, 275
120, 274
120, 273
120, 272
120, 271
120, 270
120, 269
120, 268
120, 267
120, 266
120, 265
120, 264
120, 263
120, 262
120, 261
120, 260
120, 259
120, 258
120, 257
120, 256
120, 255
120, 254
120, 253
121, 252
121, 251
121, 250
121, 249
122, 248
122, 247
123, 247
124, 246
125, 245
125, 244
125, 243
126, 242
126, 241
126, 240
127, 239
127, 238
128, 237
128, 236
129, 235
129, 234
130, 234
131, 234
132, 233
133, 233
134, 232
135, 232
136, 232
136, 233
137, 234
137, 235
138, 236
138, 237
139, 238
139, 239
140, 240
140, 241
141, 242
141, 243
142, 244
142, 245
143, 246
143, 247
143, 248
143, 249
144, 250
144, 251
144, 252
144, 253
144, 254
144, 255
144, 256
144, 257
143, 258
143, 259
143, 260
143, 261
143, 262
143, 263
143, 264
143, 265
143, 266
143, 267
143, 268
143, 269
142, 270
142, 271
141, 271
140, 272
140, 273
140, 274
140, 275
140, 276
141, 277
142, 278
142, 279
142, 280
143, 281
144, 281
145, 282
146, 283
147, 284
148, 285
149, 286
149, 287
149, 288
149, 289
149, 290
149, 291
149, 292
149, 293
149, 294
150, 295
151, 296
152, 297
152, 298
153, 299
153, 300
152, 301
152, 302
152, 303
152, 304
151, 305
151, 306
151, 307
150, 308
150, 309
150, 310
150, 311
150, 312
150, 313
151, 314
151, 315
150, 316
150, 317
150, 318
151, 319
151, 320
151, 321
151, 322
151, 323
152, 324
151, 325
151, 326
151, 327
151, 328
151, 329
151, 330
151, 331
152, 332
152, 333
152, 334
152, 335
152, 336
152, 337
152, 338
152, 339
152, 340
152, 341
153, 342
153, 343
153, 344
153, 345
153, 346
153, 347
153, 348
153, 349
153, 350
153, 351
153, 352
153, 353
153, 354
153, 355
153, 356
154, 357
154, 358
154, 359
154, 360
154, 361
154, 362
154, 363
154, 364
153, 365
153, 366
153, 367
153, 368
154, 369
154, 370
154, 371
155, 372
155, 373
155, 374
155, 375
155, 376
155, 377
155, 378
155, 379
155, 380
155, 381
154, 382
154, 383
154, 384
155, 385
155, 386
155, 387
156, 388
156, 389
156, 390
156, 391
156, 392
156, 393
157, 394
156, 395
156, 396
156, 397
155, 398
155, 399
155, 400
155, 401
155, 402
155, 403
156, 404
156, 405
156, 406
156, 407
157, 408
157, 409
157, 410
157, 411
157, 412
157, 413
157, 414
157, 415
157, 416
157, 417
157, 418
158, 419
158, 420
158, 421
158, 422
158, 423
157, 424
156, 425
156, 426
156, 427
157, 428
157, 429
157, 430
158, 431
159, 432
159, 433
159, 434
160, 435
160, 436
160, 437
160, 438
160, 439
160, 440
160, 441
160, 442
160, 443
160, 444
160, 445
160, 446
160, 447
160, 448
160, 449
160, 450
160, 451
160, 452
160, 453
160, 454
160, 455
160, 456
161, 457
161, 458
161, 459
161, 460
161, 461
161, 462
161, 463
161, 464
161, 465
161, 466
161, 467
161, 468
161, 469
161, 470
161, 471
161, 472
161, 473
161, 474
161, 475
161, 476
161, 477
161, 478
161, 479
161, 480
161, 481
161, 482
161, 483
161, 484
161, 485
161, 486
161, 487
161, 488
161, 489
161, 490
161, 491
161, 492
161, 493
161, 494
161, 495
161, 496
161, 497
161, 498
161, 499
161, 500
161, 501
161, 502
161, 503
161, 504
162, 505
162, 506
162, 507
162, 508
162, 509
162, 510
162, 511
162, 512
162, 513
162, 514
162, 515
162, 516
162, 517
162, 518
162, 519
162, 520
162, 521
162, 522
162, 523
162, 524
162, 525
162, 526
162, 527
162, 528
162, 529
162, 530
162, 531
162, 532
162, 533
162, 534
163, 535
163, 536
163, 537
163, 538
163, 539
163, 540
163, 541
163, 542
163, 543
163, 544
163, 545
163, 546
163, 547
163, 548
163, 549
163, 550
163, 551
163, 552
163, 553
163, 554
163, 555
163, 556
163, 557
163, 558
163, 559
163, 560
163, 561
163, 562
163, 563
163, 564
163, 565
163, 566
163, 567
163, 568
163, 569
163, 570
163, 571
163, 572
163, 573
163, 574
163, 575
163, 576
163, 577
163, 578
163, 579
164, 580
164, 581
164, 582
164, 583
164, 584
164, 585
164, 586
164, 587
164, 588
164, 589
164, 590
164, 591
164, 592
164, 593
164, 594
164, 595
164, 596
164, 597
164, 598
164, 599
164, 600
164, 601
164, 602
164, 603
164, 604
164, 605
164, 606
164, 607
164, 608
164, 609
165, 610
165, 611
165, 612
165, 613
165, 614
165, 615
165, 616
165, 617
165, 618
165, 619
165, 620
165, 621
165, 622
165, 623
165, 624
165, 625
165, 626
165, 627
165, 628
165, 629
165, 630
165, 631
165, 632
165, 633
165, 634
165, 635
165, 636
165, 637
165, 638
165, 639
165, 640
165, 641
165, 642
165, 643
165, 644
165, 645
165, 646
165, 647
165, 648
165, 649
165, 650
165, 651
165, 652
165, 653
165, 654
165, 655
165, 656
165, 657
165, 658
164, 659
164, 660
163, 661
163, 662
162, 663
162, 664
162, 665
163, 666
164, 666
165, 666
166, 665
167, 665
168, 665
169, 666
170, 667
171, 668
171, 669
171, 670
171, 671
171, 672
171, 673
172, 674
171, 675
171, 676
171, 677
171, 678
171, 679
171, 680
172, 681
172, 682
172, 683
172, 684
172, 685
172, 686
172, 687
171, 688
171, 689
171, 690
170, 691
170, 692
170, 693
170, 694
169, 695
169, 696
169, 697
170, 698
170, 699
170, 700
170, 701
170, 702
170, 703
170, 704
170, 705
170, 706
170, 707
170, 708
170, 709
170, 710
170, 711
170, 712
170, 713
170, 714
170, 715
169, 716
169, 717
169, 718
169, 719
168, 720
168, 721
167, 722
167, 723
167, 724
167, 725
167, 726
167, 727
167, 728
167, 729
167, 730
167, 731
167, 732
167, 733
167, 734
167, 735
167, 736
167, 737
167, 738
167, 739
167, 740
167, 741
167, 742
167, 743
167, 744
167, 745
167, 746
167, 747
167, 748
167, 749
167, 750
167, 751
167, 752
167, 753
167, 754
167, 755
167, 756
167, 757
167, 758
167, 759
167, 760
167, 761
167, 762
167, 763
167, 764
167, 765
167, 766
167, 767
167, 768
167, 769
168, 770
168, 771
168, 772
168, 773
167, 774
167, 775
167, 776
166, 777
166, 778
166, 779
165, 778
164, 777
163, 777
162, 777
161, 777
160, 777
159, 776
158, 776
157, 776
156, 775
155, 775
154, 775
153, 775
152, 775
151, 775
150, 775
149, 776
149, 777
149, 778
150, 779
151, 779
152, 780
153, 780
153, 781
152, 782
151, 782
150, 782
149, 782
148, 782
147, 782
146, 782
145, 783
144, 784
143, 785
142, 785
141, 785
140, 785
139, 785
138, 785
137, 784
136, 783
135, 782
134, 781
133, 781
134, 781
135, 781
136, 780
137, 780
138, 780
139, 779
140, 779
141, 779
142, 779
143, 779
144, 778
144, 777
144, 776
143, 775
142, 775
141, 775
140, 775
139, 775
138, 775
137, 775
136, 775
135, 775
134, 776
133, 776
132, 776
131, 776
130, 777
130, 778
130, 779
129, 779
128, 779
128, 778
128, 777
127, 776
126, 775
125, 775
124, 775
124, 774
124, 773
124, 772
123, 771
124, 771
125, 771
126, 770
126, 769
126, 768
126, 767
126, 766
126, 765
126, 764
126, 763
126, 762
126, 761
126, 760
126, 759
126, 758
126, 757
126, 756
126, 755
126, 754
126, 753
126, 752
125, 751
125, 750
124, 749
123, 749
123, 748
123, 747
123, 746
124, 746
125, 745
125, 744
125, 743
124, 742
123, 742
122, 742
121, 742
121, 741
121, 740
121, 739
121, 738
121, 737
121, 736
121, 735
121, 734
122, 735
123, 735
124, 735
125, 734
125, 733
125, 732
124, 731
123, 731
122, 731
122, 730
121, 729
122, 729
123, 729
124, 728
124, 727
124, 726
124, 725
124, 724
124, 723
124, 722
124, 721
124, 720
123, 719
122, 718
121, 717
121, 716
120, 715
120, 714
120, 713
120, 712
120, 711
119, 710
118, 710
117, 710
116, 710
116, 709
116, 708
116, 707
116, 706
116, 705
116, 704
116, 703
117, 703
118, 703
119, 703
120, 702
120, 701
120, 700
119, 699
118, 699
117, 699
116, 699
115, 698
115, 697
115, 696
115, 695
115, 694
115, 693
115, 694
115, 695
115, 696
115, 697
116, 698
117, 698
118, 698
119, 698
120, 697
120, 696
120, 695
120, 694
120, 693
120, 692
120, 691
120, 690
120, 689
120, 688
120, 687
119, 686
119, 685
119, 684
119, 683
119, 682
119, 681
119, 680
118, 679
117, 679
116, 679
115, 680
115, 681
115, 682
115, 683
115, 684
115, 685
115, 686
115, 687
115, 688
115, 689
115, 688
115, 687
115, 686
115, 685
115, 684
115, 683
115, 682
115, 681
114, 680
115, 679
115, 678
115, 677
115, 676
115, 675
115, 674
116, 674
117, 673
118, 673
119, 672
119, 671
119, 670
118, 669
117, 669
117, 668
118, 667
119, 667
120, 666
121, 666
122, 665
122, 664
122, 663
122, 662
122, 661
121, 660
120, 660
119, 660
119, 659
119, 658
119, 657
119, 656
119, 655
119, 654
118, 653
118, 652
118, 651
118, 650
118, 649
118, 648
118, 647
118, 646
118, 645
118, 644
118, 643
118, 642
118, 641
118, 640
118, 639
118, 638
118, 637
118, 636
118, 635
118, 634
118, 633
118, 632
118, 631
118, 630
118, 629
118, 628
118, 627
117, 626
117, 625
117, 624
117, 623
117, 622
117, 621
117, 620
117, 619
117, 618
117, 617
117, 616
117, 615
117, 614
117, 613
117, 612
117, 611
117, 610
117, 609
117, 608
117, 607
117, 606
117, 605
117, 604
117, 603
117, 602
117, 601
117, 600
117, 599
116, 598
116, 597
116, 596
116, 595
116, 594
116, 593
116, 592
116, 591
116, 590
116, 589
116, 588
116, 587
116, 586
116, 585
116, 584
116, 583
116, 582
116, 581
116, 580
116, 579
116, 578
116, 577
116, 576
116, 575
116, 574
116, 573
116, 572
116, 571
116, 570
116, 569
116, 568
116, 567
116, 566
116, 565
116, 564
116, 563
116, 562
116, 561
116, 560
116, 559
116, 558
116, 557
116, 556
115, 555
115, 554
115, 553
115, 552
115, 551
115, 550
115, 549
115, 548
115, 547
115, 546
115, 545
115, 544
115, 543
115, 542
115, 541
115, 540
115, 539
115, 538
115, 537
115, 536
115, 535
115, 534
115, 533
115, 532
115, 531
115, 530
114, 529
114, 528
114, 527
114, 526
114, 525
114, 524
114, 523
114, 522
114, 521
114, 520
114, 519
114, 518
114, 517
114, 516
114, 515
114, 514
114, 513
114, 512
114, 511
114, 510
114, 509
114, 508
114, 507
114, 506
114, 505
114, 504
114, 503
114, 502
114, 501
114, 500
114, 499
114, 498
114, 497
114, 496
114, 495
114, 494
114, 493
113, 492
113, 491
113, 490
113, 489
113, 488
113, 487
113, 486
113, 485
113, 484
112, 483
113, 482
113, 481
113, 480
113, 479
113, 478
113, 477
113, 476
113, 475
113, 474
113, 473
113, 472
113, 471
112, 470
112, 469
112, 468
112, 467
112, 466
112, 465
112, 464
112, 463
112, 462
112, 461
112, 460
112, 459
112, 458
112, 457
112, 456
112, 455
112, 454
112, 453
112, 452
112, 451
112, 450
112, 449
112, 448
112, 447
112, 446
112, 445
112, 444
111, 443
111, 442
111, 441
111, 440
