97, 304
97, 303
97, 302
97, 301
97, 300
97, 299
97, 298
97, 297
97, 296
97, 295
98, 294
98, 293
98, 292
98, 291
98, 290
98, 289
98, 288
98, 287
98, 286
99, 285
99, 284
100, 283
100, 282
100, 281
101, 280
101, 279
101, 278
102, 277
102, 276
102, 275
102, 274
102, 273
103, 272
104, 271
104, 270
104, 269
105, 268
105, 267
106, 266
106, 265
106, 264
107, 263
107, 262
108, 261
108, 260
109, 259
110, 258
110, 257
111, 256
111, 255
112, 254
112, 253
113, 252
114, 251
114, 250
115, 249
116, 248
116, 247
117, 246
118, 245
119, 244
120, 243
121, 242
121, 241
122, 240
122, 239
123, 239
124, 238
125, 237
126, 236
127, 235
127, 234
128, 234
129, 233
130, 232
131, 231
132, 230
133, 230
134, 229
135, 228
136, 227
137, 226
138, 226
139, 225
140, 224
141, 224
142, 223
143, 222
144, 222
145, 221
145, 220
146, 220
147, 219
148, 218
149, 218
150, 217
151, 217
152, 216
153, 216
154, 215
154, 214
155, 214
156, 214
157, 214
158, 213
159, 213
160, 212
161, 212
162, 211
163, 211
164, 211
165, 210
166, 210
167, 210
168, 209
169, 209
170, 208
171, 208
172, 208
173, 207
174, 207
175, 207
176, 206
177, 206
178, 206
179, 205
180, 205
181, 205
182, 205
183, 205
184, 205
185, 205
186, 204
187, 204
188, 204
189, 204
190, 204
191, 203
192, 203
193, 203
194, 203
195, 203
196, 202
197, 203
198, 203
199, 203
200, 203
201, 203
202, 203
203, 203
204, 203
205, 203
206, 203
207, 203
208, 203
209, 202
210, 203
211, 203
212, 203
213, 203
214, 203
215, 203
216, 203
217, 204
218, 204
219, 204
220, 204
221, 204
222, 204
223, 204
224, 204
225, 204
226, 205
227, 205
228, 206
229, 206
230, 206
231, 206
232, 207
233, 207
234, 207
235, 208
236, 208
237, 208
238, 208
239, 209
240, 209
241, 210
242, 210
243, 210
244, 211
245, 211
246, 211
247, 212
248, 212
249, 212
250, 213
251, 214
252, 214
253, 215
254, 215
255, 216
256, 216
257, 217
258, 217
259, 218
260, 218
261, 219
262, 220
263, 220
264, 221
265, 222
266, 223
267, 224
268, 224
269, 225
270, 226
271, 227
272, 228
273, 229
274, 230
275, 231
276, 231
277, 232
277, 233
278, 234
279, 235
280, 236
281, 236
281, 237
282, 238
283, 239
283, 240
284, 241
285, 242
286, 243
287, 244
287, 245
288, 246
289, 247
290, 248
290, 249
291, 250
292, 251
292, 252
293, 253
294, 254
294, 255
295, 256
295, 257
296, 258
296, 259
297, 260
297, 261
298, 262
298, 263
299, 264
299, 265
300, 266
300, 267
301, 268
301, 269
301, 270
301, 271
302, 272
302, 273
302, 274
303, 275
303, 276
303, 277
304, 278
304, 279
305, 280
305, 281
305, 282
305, 283
305, 284
305, 285
306, 286
306, 287
306, 288
306, 289
306, 290
307, 291
307, 292
307, 293
307, 294
308, 295
308, 296
308, 297
308, 298
308, 299
308, 300
308, 301
308, 302
308, 303
308, 304
308, 305
308, 306
308, 307
308, 308
308, 309
308, 310
308, 311
308, 312
308, 313
308, 314
308, 315
307, 316
307, 317
307, 318
308, 319
307, 320
307, 321
307, 322
307, 323
306, 324
306, 325
306, 326
305, 327
305, 328
305, 329
305, 330
305, 331
305, 332
305, 333
305, 334
304, 335
304, 336
303, 337
303, 338
303, 339
303, 340
303, 341
302, 342
302, 343
302, 344
301, 344
300, 345
300, 346
300, 347
300, 348
299, 349
298, 350
298, 351
298, 352
297, 353
297, 354
296, 355
295, 356
295, 357
295, 358
294, 359
294, 360
293, 361
292, 362
292, 363
291, 364
290, 365
290, 366
289, 367
288, 368
288, 369
287, 369
286, 370
286, 371
285, 372
285, 373
285, 374
284, 375
283, 375
282, 376
282, 377
281, 377
280, 378
280, 379
280, 380
279, 380
278, 381
277, 382
276, 383
275, 384
275, 385
275, 386
274, 386
273, 386
272, 387
271, 387
270, 388
270, 389
269, 389
268, 390
267, 391
266, 392
265, 392
264, 393
263, 394
262, 395
262, 396
261, 396
260, 396
259, 397
258, 397
257, 398
256, 398
255, 399
254, 399
253, 400
252, 401
252, 402
251, 402
250, 403
249, 403
248, 403
247, 403
246, 404
246, 405
246, 406
245, 405
244, 405
243, 405
242, 405
241, 405
240, 406
240, 407
240, 408
239, 408
238, 407
237, 407
236, 407
235, 407
234, 408
234, 409
234, 410
233, 411
232, 411
231, 411
230, 412
229, 412
228, 412
227, 411
226, 411
225, 411
224, 411
223, 411
222, 412
222, 413
221, 413
220, 414
219, 414
218, 414
217, 414
216, 414
215, 413
214, 413
213, 413
212, 413
211, 413
210, 413
209, 413
208, 413
207, 413
206, 413
205, 413
204, 413
203, 413
202, 413
201, 413
200, 413
199, 413
198, 413
197, 413
196, 414
196, 415
194, 413
193, 413
192, 413
191, 414
191, 415
190, 415
189, 415
188, 414
187, 414
186, 414
185, 414
184, 414
183, 414
182, 414
181, 414
180, 414
179, 413
178, 413
177, 412
176, 412
175, 412
174, 412
173, 412
172, 412
171, 411
170, 410
169, 410
168, 410
167, 409
166, 409
165, 408
164, 408
163, 408
162, 407
161, 407
160, 407
159, 406
158, 406
157, 405
156, 404
155, 404
154, 404
153, 403
152, 402
151, 402
150, 402
149, 401
148, 400
147, 400
146, 399
145, 399
144, 398
143, 397
142, 397
141, 396
140, 396
140, 395
139, 394
138, 394
138, 393
137, 392
136, 392
135, 391
134, 391
134, 390
133, 389
132, 388
131, 388
130, 388
130, 387
130, 386
129, 385
128, 385
127, 384
126, 383
125, 382
124, 381
123, 380
122, 379
122, 378
121, 377
120, 376
119, 375
118, 374
118, 373
117, 372
116, 371
115, 370
115, 369
114, 368
113, 367
113, 366
113, 365
112, 364
111, 364
111, 363
111, 362
110, 361
109, 360
109, 359
108, 358
108, 357
108, 356
107, 355
107, 354
106, 353
106, 352
105, 351
105, 350
105, 349
104, 348
103, 348
103, 347
103, 346
103, 345
102, 344
102, 343
101, 342
101, 341
101, 340
101, 339
100, 338
100, 337
99, 336
99, 335
99, 334
99, 333
99, 332
99, 331
99, 330
99, 329
98, 328
98, 327
98, 326
98, 325
98, 324
98, 323
98, 322
97, 321
97, 320
97, 319
97, 318
97, 317
96, 316
96, 315
97, 314
97, 313
97, 312
96, 311
96, 310
96, 309
96, 308
96, 307
96, 306
96, 305
