114, 238
114, 237
114, 236
114, 235
114, 234
114, 233
114, 232
114, 231
114, 230
114, 229
114, 228
114, 227
114, 226
115, 225
115, 224
115, 223
115, 222
116, 221
116, 220
116, 219
116, 218
117, 217
117, 216
117, 215
117, 214
118, 213
118, 212
118, 211
119, 210
119, 209
119, 208
120, 207
120, 206
121, 205
121, 204
121, 203
121, 202
121, 201
122, 200
123, 199
123, 198
124, 197
124, 196
124, 195
124, 194
125, 193
126, 192
126, 191
126, 190
127, 189
127, 188
128, 187
129, 186
129, 185
130, 184
131, 183
131, 182
132, 181
132, 180
133, 179
134, 178
135, 177
135, 176
136, 175
136, 174
137, 174
138, 173
138, 172
139, 171
140, 170
141, 169
142, 168
143, 167
143, 166
144, 166
145, 165
145, 164
146, 163
147, 162
148, 161
149, 160
149, 159
150, 159
151, 158
152, 157
153, 157
154, 156
155, 155
156, 154
157, 153
158, 153
159, 152
160, 151
161, 150
162, 150
163, 149
164, 148
165, 148
166, 147
167, 147
168, 146
169, 145
170, 145
171, 144
172, 143
173, 143
174, 142
175, 142
176, 141
177, 140
178, 140
179, 139
180, 139
181, 139
182, 138
183, 138
184, 137
185, 137
186, 136
187, 136
188, 136
189, 135
190, 135
191, 134
192, 134
193, 134
194, 134
195, 133
196, 133
197, 133
198, 132
199, 132
200, 132
201, 131
202, 131
203, 130
204, 130
205, 130
206, 130
207, 130
208, 130
209, 129
210, 129
211, 129
212, 129
213, 129
214, 129
215, 129
216, 128
217, 128
218, 128
219, 128
220, 128
221, 128
222, 127
223, 127
224, 127
225, 127
226, 127
227, 127
228, 127
229, 127
230, 127
231, 127
232, 127
233, 127
234, 127
235, 127
236, 127
237, 127
238, 127
239, 127
240, 127
241, 128
242, 128
243, 128
244, 128
245, 128
246, 128
247, 128
248, 128
249, 128
250, 128
251, 128
252, 129
253, 129
254, 129
255, 130
256, 130
257, 130
258, 130
259, 130
260, 130
261, 131
262, 131
263, 131
264, 132
265, 132
266, 132
267, 132
268, 132
269, 132
270, 133
271, 134
272, 134
273, 134
274, 135
275, 135
276, 136
277, 136
278, 137
279, 137
280, 137
281, 138
282, 138
283, 139
284, 139
285, 140
286, 140
287, 141
288, 142
289, 142
290, 142
291, 143
292, 144
293, 144
294, 145
295, 145
296, 146
297, 147
298, 147
299, 148
300, 149
301, 150
302, 150
303, 151
304, 152
305, 153
306, 154
307, 155
308, 155
309, 156
310, 157
311, 158
312, 159
313, 160
314, 161
315, 162
316, 163
317, 164
318, 165
319, 166
319, 167
320, 168
321, 169
322, 170
322, 171
323, 172
324, 173
325, 174
325, 175
326, 176
327, 177
328, 178
328, 179
329, 180
330, 181
331, 182
331, 183
332, 184
332, 185
332, 186
333, 187
334, 188
334, 189
335, 190
335, 191
336, 192
336, 193
337, 194
337, 195
338, 196
338, 197
339, 198
339, 199
340, 200
340, 201
340, 202
341, 203
341, 204
341, 205
341, 206
342, 207
342, 208
342, 209
342, 210
343, 211
343, 212
343, 213
344, 214
344, 215
344, 216
344, 217
345, 218
345, 219
345, 220
345, 221
345, 222
345, 223
346, 224
346, 225
346, 226
346, 227
346, 228
346, 229
347, 230
347, 231
347, 232
347, 233
347, 234
347, 235
347, 236
347, 237
347, 238
347, 239
347, 240
347, 241
347, 242
347, 243
347, 244
347, 245
348, 246
348, 247
348, 248
348, 249
348, 250
348, 251
348, 252
348, 253
347, 254
347, 255
347, 256
347, 257
347, 258
347, 259
346, 260
346, 261
346, 262
346, 263
346, 264
345, 265
345, 266
345, 267
345, 268
345, 269
345, 270
344, 271
344, 272
344, 273
343, 274
343, 275
343, 276
342, 277
342, 278
342, 279
342, 280
341, 281
341, 282
341, 283
340, 284
340, 285
340, 286
340, 287
339, 288
339, 289
338, 290
337, 291
337, 292
337, 293
337, 294
336, 295
335, 296
334, 297
333, 298
333, 299
332, 300
332, 301
332, 302
331, 303
331, 304
330, 305
329, 306
329, 307
329, 308
329, 309
328, 309
327, 310
327, 311
326, 312
325, 313
325, 314
325, 315
324, 315
323, 316
323, 317
322, 317
321, 318
320, 319
319, 320
318, 321
317, 322
316, 323
315, 324
315, 325
315, 326
315, 327
314, 327
313, 327
312, 328
312, 329
311, 329
310, 329
309, 330
309, 331
308, 331
307, 332
306, 333
305, 334
304, 335
304, 336
303, 337
302, 337
301, 337
300, 337
299, 338
299, 339
298, 339
297, 340
297, 341
296, 342
295, 342
294, 342
293, 342
292, 343
291, 344
290, 345
289, 345
288, 345
287, 345
286, 346
286, 347
285, 347
284, 347
283, 348
283, 349
282, 349
281, 349
280, 349
279, 349
278, 350
278, 351
278, 352
277, 353
276, 353
275, 353
274, 353
273, 353
272, 353
271, 353
270, 353
269, 353
268, 353
267, 354
266, 354
265, 355
264, 355
263, 355
262, 356
261, 356
260, 356
259, 356
258, 357
258, 358
257, 358
256, 358
255, 358
254, 358
253, 359
253, 360
252, 360
251, 359
250, 359
249, 359
248, 359
247, 359
246, 359
245, 359
244, 359
243, 359
242, 359
241, 360
240, 360
239, 360
238, 360
237, 359
236, 359
235, 359
234, 359
233, 359
232, 360
231, 360
230, 360
229, 360
228, 360
227, 360
226, 360
225, 360
224, 361
224, 362
223, 362
222, 362
221, 362
220, 361
219, 361
218, 361
217, 361
216, 362
216, 361
216, 360
215, 359
214, 359
213, 359
212, 360
212, 361
212, 362
211, 361
210, 361
209, 361
208, 361
207, 361
206, 361
205, 361
204, 360
203, 360
202, 360
201, 359
200, 358
199, 358
198, 358
197, 358
196, 358
195, 358
195, 357
194, 356
193, 356
192, 356
191, 356
190, 356
189, 355
188, 355
187, 355
186, 354
185, 354
184, 353
183, 353
182, 352
181, 352
180, 352
179, 351
178, 351
177, 351
176, 350
175, 349
174, 348
173, 348
172, 348
171, 347
170, 346
169, 346
168, 345
167, 344
166, 344
165, 344
165, 343
164, 342
163, 342
162, 341
161, 341
160, 340
159, 339
158, 339
158, 338
157, 337
156, 336
155, 336
154, 335
153, 334
153, 333
152, 332
151, 332
150, 332
149, 332
149, 331
149, 330
148, 329
147, 328
146, 328
145, 327
145, 326
144, 325
143, 325
142, 324
142, 323
142, 322
141, 321
140, 320
139, 319
138, 318
137, 317
136, 316
136, 315
135, 314
134, 313
133, 312
133, 311
132, 310
132, 309
131, 308
130, 307
129, 306
128, 305
128, 304
128, 303
127, 302
127, 301
127, 300
126, 299
125, 299
125, 298
125, 297
124, 296
124, 295
123, 294
122, 294
122, 293
122, 292
123, 291
123, 290
123, 289
122, 288
121, 288
120, 288
120, 287
120, 286
120, 285
120, 284
119, 283
119, 282
119, 281
119, 280
119, 279
118, 278
118, 277
117, 276
117, 275
117, 274
117, 273
117, 272
117, 271
117, 270
116, 269
116, 268
115, 267
115, 266
115, 265
115, 264
115, 263
115, 262
115, 261
115, 260
115, 259
114, 258
114, 257
114, 256
114, 255
114, 254
114, 253
114, 252
114, 251
113, 250
113, 249
113, 248
113, 247
113, 246
114, 245
114, 244
114, 243
114, 242
114, 241
114, 240
113, 239
