141, 210
141, 209
141, 208
141, 207
141, 206
141, 205
141, 204
142, 203
142, 202
142, 201
142, 200
142, 199
142, 198
142, 197
142, 196
143, 195
143, 194
144, 193
144, 192
144, 191
144, 190
145, 189
145, 188
146, 187
146, 186
147, 185
147, 184
147, 183
148, 182
148, 181
148, 180
149, 179
149, 178
150, 177
150, 176
151, 175
152, 174
152, 173
153, 172
153, 171
154, 170
155, 169
156, 168
156, 167
157, 166
158, 165
159, 164
160, 163
161, 162
162, 161
162, 160
163, 160
164, 159
165, 158
166, 157
167, 156
168, 155
168, 154
169, 154
170, 154
171, 153
172, 152
173, 152
174, 151
175, 150
176, 150
177, 149
178, 148
179, 147
180, 147
181, 146
182, 146
183, 146
184, 145
185, 144
186, 144
187, 144
188, 143
189, 143
190, 143
191, 142
192, 142
193, 141
194, 141
195, 141
196, 140
197, 140
198, 139
199, 139
200, 139
201, 139
202, 139
203, 139
204, 139
205, 139
206, 139
207, 138
208, 138
209, 138
210, 138
211, 138
212, 138
213, 137
214, 137
215, 137
216, 137
217, 137
218, 137
219, 137
220, 138
221, 138
222, 138
223, 138
224, 138
225, 138
226, 138
227, 139
228, 139
229, 139
230, 139
231, 139
232, 140
233, 140
234, 140
235, 140
236, 141
237, 141
238, 141
239, 142
240, 142
241, 142
242, 143
243, 143
244, 144
245, 144
246, 144
247, 145
248, 146
249, 146
250, 147
251, 147
252, 148
253, 148
254, 149
255, 150
256, 150
257, 151
258, 152
259, 153
260, 154
261, 154
262, 155
263, 155
263, 156
264, 157
265, 158
266, 158
266, 159
267, 160
268, 161
269, 162
270, 163
271, 164
272, 165
273, 166
273, 167
274, 168
275, 169
276, 170
276, 171
277, 172
277, 173
278, 174
279, 175
279, 176
280, 177
280, 178
281, 179
281, 180
282, 181
282, 182
283, 183
283, 184
283, 185
284, 186
284, 187
284, 188
285, 189
285, 190
286, 191
286, 192
286, 193
287, 194
287, 195
287, 196
287, 197
287, 198
288, 199
288, 200
288, 201
288, 202
288, 203
288, 204
288, 205
289, 206
289, 207
289, 208
289, 209
289, 210
289, 211
289, 212
289, 213
289, 214
289, 215
289, 216
289, 217
288, 218
288, 219
288, 220
288, 221
288, 222
288, 223
288, 224
288, 225
287, 226
287, 227
287, 228
287, 229
286, 230
286, 231
286, 232
286, 233
285, 234
285, 235
284, 236
284, 237
284, 238
283, 239
283, 240
282, 241
282, 242
282, 243
281, 244
281, 245
280, 246
280, 247
280, 248
280, 249
279, 249
278, 250
277, 251
277, 252
277, 253
276, 254
276, 255
275, 255
274, 256
274, 257
273, 258
272, 259
271, 260
270, 261
269, 262
269, 263
268, 263
267, 264
266, 265
265, 266
264, 267
263, 268
262, 269
261, 270
260, 271
259, 271
258, 272
258, 273
257, 273
256, 273
255, 274
255, 275
254, 275
253, 275
252, 276
251, 276
250, 277
249, 278
248, 279
247, 280
246, 280
245, 281
244, 281
243, 281
242, 281
241, 282
240, 282
239, 283
238, 283
237, 283
236, 284
235, 284
234, 284
233, 284
232, 285
231, 285
230, 286
229, 286
228, 286
227, 286
226, 286
225, 287
224, 287
223, 287
222, 287
221, 287
220, 287
219, 286
218, 286
217, 286
216, 286
215, 286
214, 286
213, 287
212, 287
211, 287
210, 287
209, 287
208, 286
207, 286
206, 286
205, 286
204, 286
203, 286
202, 286
201, 286
200, 285
199, 285
198, 285
197, 285
196, 284
195, 284
194, 284
193, 284
192, 283
191, 283
190, 283
189, 283
188, 283
187, 282
186, 282
185, 281
184, 280
183, 280
182, 280
181, 279
180, 279
179, 278
178, 278
177, 277
176, 276
175, 276
174, 275
173, 274
172, 274
171, 273
170, 272
169, 272
168, 271
167, 270
166, 269
165, 268
164, 267
163, 267
162, 266
162, 265
161, 264
160, 264
160, 263
160, 262
159, 261
158, 260
157, 259
156, 258
155, 257
154, 256
154, 255
153, 254
152, 253
152, 252
151, 251
150, 250
149, 249
149, 248
149, 247
149, 246
148, 245
147, 244
147, 243
147, 242
146, 241
146, 240
145, 239
145, 238
145, 237
144, 236
144, 235
144, 234
144, 233
144, 232
143, 231
143, 230
143, 229
142, 228
142, 227
142, 226
142, 225
142, 224
142, 223
141, 222
141, 221
141, 220
141, 219
141, 218
141, 217
141, 216
141, 215
141, 214
140, 213
140, 212
140, 211
