118, 282
118, 281
118, 280
118, 279
118, 278
118, 277
118, 276
118, 275
118, 274
119, 273
119, 272
119, 271
120, 270
120, 269
120, 268
120, 267
120, 266
121, 265
121, 264
121, 263
122, 262
122, 261
122, 260
122, 259
123, 258
123, 257
124, 256
124, 255
125, 254
126, 253
126, 252
127, 251
127, 250
128, 249
128, 248
128, 247
128, 246
129, 245
129, 244
129, 243
130, 242
131, 241
131, 240
132, 239
132, 238
133, 237
133, 236
134, 235
134, 234
135, 233
136, 232
136, 231
137, 230
138, 229
139, 228
140, 227
140, 226
141, 225
142, 224
143, 223
144, 222
144, 221
145, 220
146, 220
147, 219
148, 218
148, 217
149, 216
150, 216
151, 215
152, 214
153, 213
154, 212
155, 211
156, 211
157, 210
158, 209
159, 208
160, 207
161, 206
162, 206
163, 206
164, 205
165, 204
166, 204
167, 203
168, 202
169, 202
170, 201
171, 201
172, 200
173, 200
174, 199
175, 199
176, 198
177, 198
178, 197
179, 197
180, 196
181, 196
182, 196
183, 195
184, 195
185, 195
186, 195
187, 194
188, 194
189, 194
190, 194
191, 194
192, 193
193, 193
194, 193
195, 192
196, 192
197, 192
198, 192
199, 191
200, 191
201, 191
202, 190
203, 190
204, 190
205, 190
206, 190
207, 189
208, 189
209, 189
210, 189
211, 189
212, 189
213, 189
214, 188
215, 188
216, 188
217, 188
218, 188
219, 188
220, 188
221, 188
222, 188
223, 188
224, 188
225, 188
226, 188
227, 188
228, 189
229, 189
230, 189
231, 189
232, 189
233, 189
234, 189
235, 190
236, 190
237, 190
238, 190
239, 190
240, 191
241, 191
242, 191
243, 191
244, 191
245, 192
246, 192
247, 192
248, 192
249, 192
250, 193
251, 194
252, 194
253, 194
254, 194
255, 195
256, 195
257, 196
258, 196
259, 197
260, 197
261, 198
262, 198
263, 198
264, 199
265, 199
266, 200
267, 201
268, 201
269, 202
270, 203
271, 203
272, 204
273, 205
274, 205
275, 206
276, 207
276, 208
277, 209
278, 209
279, 210
280, 211
281, 211
282, 212
283, 212
284, 213
285, 213
286, 214
287, 215
288, 216
289, 217
290, 218
291, 219
292, 220
293, 221
294, 222
295, 223
296, 224
296, 225
297, 226
298, 227
299, 228
299, 229
300, 230
301, 231
302, 232
302, 233
303, 234
304, 234
304, 235
304, 236
305, 237
305, 238
306, 239
307, 240
307, 241
308, 242
309, 243
309, 244
309, 245
309, 246
310, 247
310, 248
310, 249
311, 250
311, 251
312, 252
313, 253
313, 254
313, 255
314, 256
314, 257
314, 258
315, 259
315, 260
315, 261
315, 262
316, 263
316, 264
316, 265
316, 266
317, 267
317, 268
317, 269
317, 270
317, 271
317, 272
318, 273
318, 274
318, 275
318, 276
318, 277
318, 278
318, 279
318, 280
318, 281
318, 282
318, 283
318, 284
318, 285
318, 286
318, 287
318, 288
318, 289
318, 290
318, 291
318, 292
318, 293
318, 294
318, 295
318, 296
318, 297
318, 298
318, 299
318, 300
318, 301
318, 302
318, 303
317, 304
317, 305
317, 306
317, 307
317, 308
317, 309
317, 310
317, 311
317, 312
316, 313
315, 314
315, 315
315, 316
315, 317
314, 318
313, 319
313, 320
313, 321
314, 322
313, 323
312, 324
312, 325
312, 326
311, 327
310, 328
310, 329
310, 330
310, 331
309, 332
308, 333
308, 334
308, 335
307, 335
306, 336
306, 337
305, 338
305, 339
304, 340
304, 341
303, 342
303, 343
303, 344
302, 345
301, 345
300, 346
300, 347
300, 348
299, 348
298, 349
298, 350
297, 351
296, 352
296, 353
296, 354
295, 354
294, 355
294, 356
293, 356
292, 356
291, 357
290, 358
289, 358
288, 359
288, 360
287, 360
286, 361
286, 362
285, 363
285, 364
284, 364
283, 364
282, 365
281, 365
280, 366
279, 367
279, 368
278, 369
278, 370
277, 371
276, 371
275, 371
274, 372
273, 373
272, 374
271, 374
270, 375
270, 376
269, 377
268, 377
267, 378
266, 378
265, 378
264, 378
263, 379
263, 380
263, 381
262, 381
261, 381
260, 381
259, 382
258, 382
257, 382
256, 382
255, 382
254, 383
254, 384
253, 384
252, 383
251, 383
250, 383
249, 384
248, 385
247, 385
246, 385
245, 385
244, 385
243, 385
242, 386
241, 386
240, 386
239, 386
238, 387
237, 387
236, 387
235, 388
235, 389
234, 390
233, 390
232, 390
231, 390
230, 390
229, 391
228, 391
227, 391
226, 391
225, 391
224, 390
223, 390
222, 390
221, 391
220, 391
219, 391
218, 391
218, 390
217, 389
216, 389
215, 389
214, 389
213, 390
213, 391
212, 391
211, 391
210, 391
209, 390
208, 390
207, 390
206, 390
205, 389
204, 389
203, 388
202, 388
201, 388
200, 388
199, 388
198, 387
197, 387
196, 387
195, 387
194, 387
193, 387
192, 387
191, 387
190, 386
189, 386
188, 386
187, 386
186, 386
185, 386
184, 385
183, 384
182, 384
181, 383
180, 383
179, 383
178, 382
177, 382
176, 382
175, 381
174, 381
173, 380
172, 380
171, 379
170, 379
169, 378
168, 378
167, 377
166, 376
165, 375
164, 375
163, 375
162, 374
161, 373
160, 373
159, 372
158, 371
157, 370
156, 369
155, 369
154, 369
154, 368
153, 367
152, 367
151, 366
150, 365
149, 364
148, 363
147, 362
146, 361
145, 360
144, 359
143, 358
142, 357
141, 356
140, 355
140, 354
139, 353
139, 352
138, 351
137, 350
136, 349
135, 348
135, 347
134, 346
133, 345
133, 344
132, 343
132, 342
131, 341
131, 340
131, 339
131, 338
130, 337
130, 336
129, 335
129, 334
128, 333
127, 332
127, 331
126, 330
126, 329
125, 328
125, 327
124, 326
123, 326
123, 325
123, 324
122, 323
122, 322
122, 321
122, 320
121, 319
121, 318
121, 317
121, 316
121, 315
120, 314
120, 313
120, 312
120, 311
120, 310
119, 309
119, 308
119, 307
119, 306
118, 305
118, 304
118, 303
118, 302
118, 301
118, 300
118, 299
118, 298
118, 297
118, 296
117, 295
117, 294
117, 293
117, 292
117, 291
117, 290
117, 289
117, 288
117, 287
117, 286
117, 285
117, 284
117, 283
