101, 279
101, 278
101, 277
101, 276
101, 275
101, 274
102, 273
102, 272
102, 271
102, 270
102, 269
103, 268
103, 267
103, 266
103, 265
103, 264
103, 263
104, 262
104, 261
105, 260
105, 259
105, 258
106, 257
106, 256
107, 255
107, 254
107, 253
108, 252
108, 251
108, 250
109, 249
109, 248
110, 247
111, 246
111, 245
111, 244
112, 243
113, 242
113, 241
114, 240
114, 239
114, 238
115, 237
116, 236
116, 235
117, 234
118, 234
119, 233
120, 232
120, 231
121, 230
122, 229
122, 228
123, 227
124, 226
125, 226
126, 225
126, 224
127, 223
128, 223
129, 222
130, 221
130, 220
131, 220
132, 219
133, 218
134, 217
135, 216
136, 215
137, 214
138, 214
139, 213
140, 213
141, 212
142, 212
143, 211
144, 210
145, 210
146, 209
147, 208
148, 208
149, 207
150, 207
151, 206
152, 206
153, 206
154, 205
154, 204
155, 204
156, 204
157, 204
158, 203
158, 202
159, 202
160, 202
161, 202
162, 202
163, 202
164, 201
165, 201
166, 200
167, 200
168, 200
169, 200
170, 199
171, 199
172, 199
173, 199
174, 199
175, 198
176, 198
177, 198
178, 198
179, 198
180, 198
181, 198
182, 197
183, 197
184, 197
185, 197
186, 197
187, 197
188, 197
189, 197
190, 197
191, 197
192, 197
193, 197
194, 197
195, 197
196, 197
197, 197
198, 197
199, 197
200, 197
201, 198
202, 198
203, 198
204, 198
205, 198
206, 199
207, 199
208, 199
209, 199
210, 199
211, 199
212, 200
213, 200
214, 200
215, 201
216, 201
217, 201
218, 202
219, 202
220, 202
221, 203
222, 203
223, 203
224, 204
225, 204
226, 204
227, 204
228, 205
229, 206
230, 206
231, 207
232, 207
233, 208
234, 208
235, 209
236, 209
237, 210
238, 211
239, 211
240, 212
241, 213
242, 214
243, 214
244, 215
245, 216
246, 217
247, 217
248, 218
249, 219
250, 220
251, 221
252, 222
253, 223
254, 224
255, 225
256, 226
257, 226
257, 227
258, 228
259, 229
260, 230
260, 231
261, 232
261, 233
262, 234
263, 234
263, 235
264, 236
265, 237
266, 238
266, 239
267, 240
267, 241
268, 242
268, 243
268, 244
269, 245
269, 246
270, 247
270, 248
271, 249
272, 250
272, 251
273, 252
273, 253
273, 254
274, 255
274, 256
274, 257
274, 258
275, 259
275, 260
275, 261
276, 262
276, 263
276, 264
277, 265
277, 266
277, 267
278, 268
278, 269
278, 270
278, 271
278, 272
278, 273
278, 274
278, 275
278, 276
278, 277
279, 278
279, 279
279, 280
279, 281
279, 282
279, 283
280, 284
280, 285
279, 286
279, 287
279, 288
279, 289
279, 290
279, 291
279, 292
279, 293
279, 294
279, 295
279, 296
279, 297
279, 298
279, 299
279, 300
278, 301
278, 302
278, 303
278, 304
277, 305
277, 306
277, 307
277, 308
277, 309
277, 310
277, 311
276, 312
276, 313
275, 314
275, 315
274, 316
274, 317
274, 318
274, 319
273, 320
273, 321
272, 322
271, 323
271, 324
270, 325
270, 326
269, 327
269, 328
269, 329
268, 329
267, 330
267, 331
267, 332
267, 333
266, 333
265, 334
265, 335
265, 336
265, 337
264, 337
263, 338
262, 339
261, 340
260, 341
260, 342
259, 343
258, 344
257, 345
257, 346
257, 347
256, 348
255, 349
254, 349
253, 350
252, 350
251, 351
251, 352
250, 353
249, 354
248, 354
247, 355
246, 355
245, 356
245, 357
245, 358
244, 358
243, 358
242, 358
241, 359
240, 360
239, 361
238, 362
237, 363
236, 363
235, 363
234, 363
233, 364
232, 365
232, 366
231, 366
230, 366
229, 366
228, 367
227, 368
226, 369
225, 370
224, 370
223, 370
222, 370
221, 371
220, 371
219, 371
218, 371
217, 371
216, 371
215, 372
214, 372
213, 372
212, 373
212, 374
211, 374
210, 373
209, 373
208, 373
207, 373
206, 374
205, 374
204, 374
203, 374
202, 374
201, 374
200, 375
199, 376
198, 376
197, 376
196, 376
195, 376
194, 376
193, 376
192, 375
191, 375
190, 375
189, 375
188, 376
187, 376
186, 376
185, 376
184, 377
183, 377
182, 377
181, 376
180, 376
179, 376
178, 376
177, 376
176, 375
175, 375
174, 375
173, 375
172, 375
171, 374
170, 374
169, 374
168, 374
167, 374
166, 374
165, 373
164, 372
163, 372
162, 372
161, 371
160, 371
159, 370
158, 370
157, 370
156, 370
155, 370
154, 369
153, 369
152, 368
151, 368
150, 367
149, 366
148, 365
147, 365
146, 365
145, 365
145, 364
144, 363
143, 363
142, 363
141, 363
141, 362
140, 361
139, 361
139, 360
138, 359
137, 359
136, 358
135, 358
134, 358
133, 357
133, 356
132, 355
131, 354
130, 354
129, 354
129, 353
129, 352
128, 351
127, 350
126, 350
126, 349
125, 348
124, 348
123, 347
122, 346
121, 345
121, 344
120, 343
119, 342
118, 341
118, 340
118, 339
117, 338
116, 338
116, 337
115, 336
114, 335
114, 334
113, 333
112, 332
112, 331
112, 330
111, 329
111, 328
111, 327
110, 326
109, 325
108, 325
108, 324
108, 323
107, 322
107, 321
107, 320
106, 319
106, 318
105, 317
105, 316
105, 315
105, 314
104, 313
104, 312
104, 311
104, 310
103, 309
102, 308
102, 307
102, 306
102, 305
102, 304
102, 303
102, 302
101, 301
101, 300
101, 299
101, 298
101, 297
101, 296
101, 295
101, 294
101, 293
101, 292
100, 291
100, 290
100, 289
100, 288
100, 287
100, 286
100, 285
101, 284
101, 283
101, 282
100, 281
100, 280
