41, 353
41, 352
41, 351
41, 350
41, 349
41, 348
41, 347
41, 346
41, 345
41, 344
41, 343
41, 342
42, 341
42, 340
42, 339
42, 338
42, 337
42, 336
43, 335
43, 334
43, 333
42, 332
43, 331
43, 330
43, 329
43, 328
43, 327
43, 326
43, 325
44, 324
44, 323
44, 322
44, 321
45, 320
45, 319
45, 318
45, 317
45, 316
46, 315
46, 314
46, 313
46, 312
47, 311
47, 310
47, 309
47, 308
47, 307
47, 306
48, 305
48, 304
48, 303
48, 302
49, 301
49, 300
49, 299
49, 298
50, 297
50, 296
51, 295
51, 294
51, 293
51, 292
52, 291
52, 290
53, 289
53, 288
53, 287
54, 286
54, 285
54, 284
55, 283
55, 282
56, 281
56, 280
56, 279
57, 278
57, 277
57, 276
58, 275
58, 274
59, 273
59, 272
59, 271
60, 270
60, 269
61, 268
61, 267
61, 266
62, 265
62, 264
63, 263
63, 262
63, 261
64, 260
65, 259
65, 258
66, 257
66, 256
67, 255
67, 254
67, 253
68, 252
69, 251
69, 250
69, 249
70, 248
70, 247
71, 246
71, 245
72, 244
73, 243
73, 242
74, 241
74, 240
75, 239
76, 238
76, 237
77, 236
77, 235
78, 234
79, 233
79, 232
80, 231
81, 230
81, 229
82, 228
83, 227
83, 226
84, 225
84, 224
85, 223
85, 222
86, 222
87, 221
87, 220
88, 219
89, 218
89, 217
90, 216
91, 215
91, 214
92, 213
93, 212
94, 211
94, 210
95, 209
96, 208
97, 207
98, 206
99, 205
99, 204
100, 203
101, 202
102, 201
103, 200
103, 199
104, 199
105, 198
105, 197
106, 196
107, 195
108, 194
109, 193
110, 192
111, 191
112, 190
113, 189
113, 188
114, 188
115, 187
115, 186
116, 186
117, 185
118, 184
119, 183
120, 182
121, 181
122, 181
123, 180
124, 179
124, 178
125, 178
126, 178
127, 177
128, 176
129, 175
130, 174
130, 173
130, 172
131, 171
131, 170
131, 169
132, 168
133, 167
134, 166
135, 165
136, 164
137, 163
138, 162
139, 162
140, 161
140, 160
141, 160
142, 159
143, 158
144, 157
145, 157
146, 156
147, 156
148, 155
149, 154
150, 153
151, 153
152, 152
153, 152
154, 151
154, 150
154, 149
155, 148
155, 147
155, 146
155, 145
155, 144
155, 143
156, 143
157, 142
158, 142
159, 141
160, 140
161, 140
162, 139
163, 139
164, 138
165, 137
166, 136
167, 136
168, 135
169, 135
170, 134
171, 134
172, 133
173, 133
174, 133
175, 132
176, 131
177, 130
178, 130
179, 130
180, 129
181, 128
182, 128
183, 128
184, 128
185, 127
186, 126
187, 126
188, 126
189, 125
190, 125
191, 124
192, 124
193, 123
194, 123
195, 123
196, 122
197, 122
198, 122
199, 122
200, 121
201, 120
202, 120
203, 120
204, 119
205, 119
206, 118
207, 118
208, 118
209, 118
210, 117
211, 116
212, 116
213, 116
214, 116
215, 115
216, 115
217, 115
218, 115
219, 114
220, 114
221, 114
222, 114
223, 113
224, 113
225, 113
226, 112
227, 112
228, 112
229, 112
230, 112
231, 111
232, 111
233, 111
234, 110
235, 110
236, 110
237, 110
238, 110
239, 110
240, 110
241, 109
242, 108
243, 108
244, 108
245, 108
246, 108
247, 108
248, 108
249, 107
250, 107
251, 107
252, 107
253, 107
254, 107
255, 106
256, 106
257, 106
258, 106
259, 106
260, 106
261, 106
262, 106
263, 106
264, 106
265, 106
266, 106
267, 105
268, 105
269, 105
270, 105
271, 105
272, 105
273, 105
274, 105
275, 105
276, 104
277, 104
278, 105
279, 105
280, 105
281, 105
282, 105
283, 104
284, 104
285, 104
286, 104
287, 104
288, 104
289, 104
290, 104
291, 104
292, 104
293, 104
294, 104
295, 104
296, 104
297, 104
298, 105
299, 105
300, 105
301, 105
302, 105
303, 105
304, 105
305, 105
306, 105
307, 105
308, 105
309, 105
310, 106
311, 106
312, 106
313, 106
314, 106
315, 106
316, 106
317, 106
318, 106
319, 106
320, 106
321, 107
322, 107
323, 107
324, 107
325, 107
326, 107
327, 107
328, 108
329, 108
330, 108
331, 108
332, 108
333, 109
334, 109
335, 109
336, 109
337, 109
338, 110
339, 110
340, 110
341, 110
342, 110
343, 110
344, 111
345, 112
346, 112
347, 112
348, 112
349, 112
350, 112
351, 112
352, 113
353, 113
354, 113
355, 114
356, 114
357, 114
358, 114
359, 115
360, 115
361, 116
362, 116
363, 116
364, 116
365, 116
366, 117
367, 118
368, 118
369, 118
370, 118
371, 119
372, 119
373, 120
374, 120
375, 120
376, 120
377, 121
378, 121
379, 122
380, 122
381, 122
382, 123
383, 123
384, 124
385, 124
386, 124
387, 124
388, 125
389, 126
390, 126
391, 127
392, 128
393, 128
394, 128
395, 129
396, 129
397, 130
398, 130
399, 131
400, 131
401, 132
402, 132
403, 133
404, 133
405, 134
406, 134
407, 135
408, 135
409, 136
410, 136
410, 137
410, 138
410, 139
410, 140
411, 141
411, 142
412, 143
413, 144
414, 145
415, 145
416, 146
417, 147
418, 147
419, 148
420, 149
421, 149
422, 149
422, 150
423, 151
424, 151
425, 152
426, 153
427, 153
428, 154
429, 155
430, 155
431, 156
432, 157
433, 158
434, 158
435, 159
436, 160
437, 161
437, 162
437, 163
437, 164
437, 165
437, 166
438, 167
439, 167
440, 168
441, 168
442, 169
443, 170
444, 170
445, 171
446, 171
447, 172
448, 173
449, 174
450, 174
451, 174
452, 174
452, 175
452, 176
453, 177
454, 177
454, 178
455, 179
456, 179
456, 180
457, 181
458, 181
458, 182
459, 183
460, 183
461, 183
462, 184
462, 185
462, 186
463, 187
464, 187
464, 188
465, 189
466, 189
467, 190
468, 190
468, 191
468, 192
469, 193
470, 194
471, 194
472, 195
473, 196
474, 196
474, 197
474, 198
475, 199
476, 200
477, 201
478, 201
479, 201
479, 202
479, 203
479, 204
480, 205
480, 206
481, 207
482, 208
483, 209
484, 209
485, 209
485, 210
485, 211
485, 212
486, 213
486, 214
487, 215
488, 215
488, 216
489, 217
490, 217
490, 218
490, 219
491, 220
492, 221
492, 222
493, 223
494, 223
495, 223
495, 224
495, 225
495, 226
496, 227
497, 228
498, 229
498, 230
498, 231
499, 232
500, 232
500, 233
500, 234
501, 235
502, 235
502, 236
502, 237
502, 238
503, 239
504, 239
504, 240
504, 241
505, 242
506, 242
506, 243
506, 244
506, 245
507, 246
508, 246
508, 247
508, 248
509, 249
510, 249
511, 249
510, 250
510, 251
510, 252
511, 253
512, 254
512, 255
512, 256
513, 257
514, 257
514, 258
514, 259
514, 260
514, 261
515, 262
516, 262
516, 263
516, 264
516, 265
517, 266
518, 266
519, 266
518, 267
518, 268
518, 269
518, 270
519, 271
520, 271
521, 271
521, 272
521, 273
521, 274
521, 275
522, 276
522, 277
522, 278
522, 279
522, 280
523, 281
524, 282
525, 282
524, 283
524, 284
524, 285
524, 286
525, 287
526, 287
527, 287
526, 288
526, 289
526, 290
526, 291
527, 292
528, 292
529, 292
529, 293
529, 294
529, 295
529, 296
529, 297
529, 298
529, 299
529, 300
530, 301
531, 301
531, 302
531, 303
531, 304
531, 305
531, 306
531, 307
532, 308
533, 308
533, 309
533, 310
533, 311
533, 312
533, 313
533, 314
533, 315
533, 316
534, 317
535, 317
534, 318
534, 319
534, 320
535, 321
535, 322
535, 323
535, 324
535, 325
535, 326
535, 327
536, 328
537, 328
537, 329
537, 330
537, 331
537, 332
537, 333
537, 334
537, 335
537, 336
537, 337
537, 338
537, 339
537, 340
537, 341
537, 342
537, 343
537, 344
538, 345
539, 345
539, 346
539, 347
539, 348
539, 349
539, 350
539, 351
539, 352
539, 353
539, 354
539, 355
539, 356
539, 357
539, 358
539, 359
539, 360
539, 361
539, 362
539, 363
539, 364
539, 365
539, 366
539, 367
539, 368
539, 369
539, 370
539, 371
539, 372
539, 373
539, 374
539, 375
539, 376
539, 377
539, 378
539, 379
539, 380
539, 381
538, 382
538, 383
538, 384
538, 385
539, 386
538, 387
538, 388
538, 389
538, 390
537, 391
537, 392
537, 393
537, 394
537, 395
537, 396
537, 397
537, 398
537, 399
536, 400
536, 401
536, 402
535, 403
535, 404
535, 405
535, 406
535, 407
535, 408
535, 409
535, 410
535, 411
535, 412
534, 413
534, 414
533, 415
533, 416
533, 417
533, 418
533, 419
533, 420
533, 421
533, 422
533, 423
532, 423
531, 424
531, 425
531, 426
531, 427
531, 428
531, 429
530, 430
530, 431
529, 432
529, 433
529, 434
529, 435
528, 436
528, 437
528, 438
527, 439
527, 440
527, 441
527, 442
526, 443
526, 444
525, 445
525, 446
525, 447
525, 448
524, 449
524, 450
524, 451
523, 452
523, 453
523, 454
522, 455
521, 456
521, 457
521, 458
521, 459
521, 460
521, 461
521, 462
520, 462
519, 462
518, 463
518, 464
518, 465
518, 466
517, 467
516, 468
516, 469
515, 470
515, 471
515, 472
515, 473
515, 474
514, 474
513, 475
512, 476
512, 477
512, 478
513, 479
514, 479
513, 480
513, 481
512, 481
511, 482
511, 483
511, 484
511, 485
510, 485
509, 486
508, 487
508, 488
508, 489
507, 490
507, 491
507, 492
506, 492
505, 493
505, 494
504, 494
503, 495
503, 496
502, 496
501, 496
500, 497
500, 498
500, 499
500, 500
501, 501
502, 501
502, 502
501, 501
500, 501
499, 501
498, 502
497, 503
497, 504
497, 505
497, 506
498, 507
499, 507
497, 508
496, 509
495, 510
495, 511
495, 512
494, 513
494, 514
494, 515
493, 515
492, 515
491, 516
491, 517
490, 517
489, 517
488, 518
488, 519
488, 520
489, 521
489, 522
488, 522
487, 523
487, 524
486, 524
485, 525
484, 526
483, 527
482, 528
482, 529
482, 530
481, 531
480, 532
479, 533
478, 534
477, 535
476, 536
476, 537
475, 537
474, 538
474, 539
473, 540
472, 541
471, 542
470, 543
470, 544
469, 545
468, 546
467, 547
466, 548
465, 548
464, 548
463, 549
463, 550
462, 550
461, 551
461, 552
460, 553
460, 554
459, 555
458, 555
457, 555
456, 556
455, 557
455, 558
455, 559
454, 559
453, 559
452, 560
452, 561
452, 562
451, 562
450, 563
449, 564
448, 565
447, 566
446, 566
445, 566
444, 567
444, 568
444, 569
443, 569
442, 569
441, 569
440, 569
439, 569
438, 570
438, 571
438, 572
438, 573
438, 574
437, 574
436, 575
435, 575
434, 575
433, 576
432, 577
432, 578
431, 578
430, 578
429, 579
429, 580
429, 581
428, 581
427, 581
426, 582
425, 582
424, 582
423, 582
422, 583
422, 584
422, 585
421, 586
421, 587
420, 588
420, 589
419, 590
419, 591
419, 592
419, 593
419, 594
418, 594
417, 594
416, 595
416, 596
416, 597
416, 598
415, 598
414, 598
413, 599
412, 599
411, 600
410, 601
409, 602
408, 602
407, 602
406, 602
405, 602
404, 603
404, 604
403, 605
402, 605
401, 606
400, 606
399, 606
398, 606
397, 606
396, 607
395, 608
394, 608
393, 608
392, 608
391, 608
390, 609
390, 610
389, 611
388, 612
387, 612
386, 612
385, 613
384, 614
383, 614
382, 615
381, 615
380, 616
379, 616
378, 616
377, 616
376, 617
375, 618
374, 618
373, 618
372, 618
371, 618
370, 619
370, 620
369, 620
368, 620
367, 620
366, 620
365, 620
364, 620
363, 620
362, 621
362, 622
361, 622
360, 622
359, 622
358, 622
357, 622
356, 622
355, 623
355, 624
354, 624
353, 624
352, 624
351, 624
350, 624
349, 624
348, 624
347, 624
346, 625
346, 626
345, 626
344, 626
343, 626
342, 627
342, 628
341, 628
340, 628
339, 628
338, 628
337, 628
336, 628
335, 628
334, 628
333, 628
332, 628
331, 629
331, 630
330, 630
329, 630
328, 630
327, 630
326, 630
325, 630
324, 630
323, 629
322, 629
321, 629
320, 630
319, 630
318, 629
317, 629
316, 629
315, 629
314, 629
313, 630
312, 630
311, 630
310, 631
309, 631
308, 632
307, 632
306, 632
305, 632
304, 633
303, 632
302, 632
301, 632
300, 633
300, 634
299, 633
298, 633
297, 633
296, 633
295, 632
294, 632
293, 632
292, 632
291, 632
290, 631
289, 631
288, 631
287, 632
287, 633
286, 633
285, 633
284, 633
283, 633
282, 633
281, 633
280, 633
279, 633
278, 632
277, 632
276, 632
275, 632
274, 632
273, 632
272, 632
271, 632
270, 632
269, 632
268, 632
267, 632
266, 632
265, 632
264, 632
263, 632
262, 632
261, 632
260, 632
260, 631
259, 630
258, 630
257, 630
256, 630
255, 630
254, 630
253, 630
252, 630
251, 630
250, 630
249, 630
249, 629
248, 628
247, 628
246, 628
245, 628
244, 628
243, 628
242, 628
241, 628
240, 628
239, 628
238, 628
237, 627
236, 627
235, 627
234, 626
233, 626
232, 626
231, 626
230, 626
229, 626
228, 626
227, 626
226, 626
225, 625
224, 624
223, 624
222, 624
221, 624
220, 624
219, 623
218, 622
217, 622
216, 622
215, 622
214, 622
213, 622
212, 622
211, 622
211, 621
210, 620
209, 620
208, 620
207, 620
207, 619
206, 618
205, 618
204, 618
203, 618
202, 618
202, 617
201, 616
200, 616
199, 616
198, 616
197, 615
196, 615
195, 614
194, 614
193, 614
192, 613
191, 613
190, 612
189, 612
188, 612
187, 611
186, 611
185, 611
184, 610
183, 609
182, 609
181, 608
180, 608
179, 608
178, 607
177, 606
176, 605
175, 605
174, 605
173, 605
173, 604
172, 603
171, 603
170, 602
169, 602
169, 601
168, 600
167, 600
166, 600
166, 599
165, 598
165, 597
165, 596
165, 595
165, 594
165, 593
164, 592
164, 591
163, 590
162, 589
161, 589
160, 588
159, 587
158, 586
157, 586
156, 586
156, 585
155, 584
154, 584
153, 584
153, 583
152, 582
151, 582
150, 581
149, 580
148, 579
147, 579
146, 578
145, 577
144, 577
144, 576
143, 575
142, 574
141, 574
140, 573
139, 572
138, 571
137, 570
136, 569
135, 568
134, 568
133, 568
133, 567
132, 566
131, 565
130, 565
130, 564
129, 563
128, 562
127, 562
127, 561
126, 560
125, 560
124, 559
123, 559
123, 558
123, 557
122, 556
121, 556
120, 555
119, 554
118, 553
117, 552
117, 551
116, 550
115, 550
114, 549
113, 548
113, 547
112, 546
111, 546
110, 545
109, 544
109, 543
108, 542
107, 541
106, 541
105, 540
105, 539
104, 538
103, 538
103, 537
103, 536
102, 535
101, 534
100, 533
99, 532
99, 531
98, 530
97, 529
96, 528
95, 527
94, 526
94, 525
93, 524
92, 524
91, 523
91, 522
90, 521
89, 521
89, 520
88, 519
88, 518
87, 517
86, 516
85, 515
85, 514
84, 513
83, 513
83, 512
83, 511
82, 510
81, 510
81, 509
81, 508
80, 507
79, 506
79, 505
79, 504
79, 503
78, 502
77, 502
77, 501
77, 500
76, 499
75, 498
75, 497
74, 496
73, 495
73, 494
72, 493
71, 493
71, 492
71, 491
70, 490
69, 489
69, 488
69, 487
69, 486
68, 485
67, 484
66, 484
66, 483
66, 482
66, 481
65, 480
65, 479
64, 478
64, 477
64, 476
63, 475
63, 474
63, 473
62, 472
61, 472
61, 471
61, 470
61, 469
60, 468
59, 467
59, 466
59, 465
59, 464
59, 463
58, 462
57, 461
57, 460
57, 459
56, 458
55, 457
55, 456
55, 455
55, 454
54, 453
54, 452
54, 451
53, 450
53, 449
52, 448
52, 447
52, 446
52, 445
52, 444
51, 443
51, 442
50, 441
50, 440
50, 439
50, 438
50, 437
49, 436
49, 435
49, 434
48, 433
48, 432
47, 431
47, 430
47, 429
47, 428
47, 427
47, 426
47, 425
47, 424
46, 423
46, 422
46, 421
45, 420
45, 419
45, 418
45, 417
45, 416
45, 415
45, 414
44, 413
44, 412
44, 411
44, 410
44, 409
43, 408
43, 407
43, 406
43, 405
43, 404
43, 403
43, 402
43, 401
43, 400
43, 399
42, 398
42, 397
42, 396
42, 395
42, 394
42, 393
42, 392
41, 391
41, 390
41, 389
41, 388
41, 387
41, 386
41, 385
41, 384
41, 383
41, 382
41, 381
41, 380
41, 379
41, 378
41, 377
41, 376
41, 375
41, 374
40, 373
40, 372
40, 371
41, 370
41, 369
41, 368
40, 367
40, 366
40, 365
40, 364
40, 363
40, 362
40, 361
40, 360
40, 359
40, 358
41, 357
41, 356
41, 355
40, 354
