108, 231
108, 230
109, 229
109, 228
109, 227
109, 226
109, 225
109, 224
109, 223
110, 222
110, 221
111, 220
111, 219
111, 218
111, 217
112, 216
112, 215
112, 214
113, 213
113, 212
114, 211
114, 210
115, 209
115, 208
115, 207
116, 206
116, 205
117, 204
117, 203
118, 202
118, 201
119, 200
119, 199
120, 198
121, 197
121, 196
122, 195
122, 194
123, 193
124, 192
125, 191
125, 190
126, 189
127, 188
128, 187
128, 186
129, 185
129, 184
130, 184
131, 183
132, 182
132, 181
133, 180
134, 179
135, 178
136, 177
137, 176
138, 175
139, 175
140, 174
140, 173
141, 173
142, 172
143, 171
144, 170
145, 170
146, 169
147, 168
148, 167
149, 166
150, 166
151, 165
152, 164
153, 164
154, 163
155, 163
156, 162
157, 161
158, 161
159, 160
160, 160
161, 159
162, 159
163, 158
164, 158
165, 158
166, 157
167, 157
168, 156
169, 156
170, 156
171, 155
172, 155
173, 154
174, 154
175, 154
176, 154
177, 153
178, 153
179, 153
180, 152
181, 152
182, 152
183, 152
184, 151
185, 151
186, 151
187, 151
188, 151
189, 150
190, 150
191, 150
192, 150
193, 150
194, 150
195, 149
196, 149
197, 149
198, 149
199, 149
200, 149
201, 149
202, 149
203, 149
204, 149
205, 149
206, 149
207, 149
208, 149
209, 149
210, 149
211, 149
212, 149
213, 149
214, 150
215, 150
216, 150
217, 150
218, 150
219, 150
220, 151
221, 151
222, 151
223, 151
224, 151
225, 151
226, 152
227, 152
228, 152
229, 152
230, 153
231, 153
232, 153
233, 154
234, 154
235, 154
236, 154
237, 155
238, 155
239, 156
240, 156
241, 156
242, 157
243, 157
244, 158
245, 158
246, 159
247, 159
248, 160
249, 160
250, 161
251, 161
252, 162
253, 162
254, 163
255, 164
256, 164
257, 165
258, 165
259, 166
260, 167
261, 168
262, 169
263, 169
264, 170
265, 171
266, 171
267, 172
268, 173
269, 174
270, 175
271, 176
272, 177
273, 178
274, 179
275, 180
276, 181
277, 182
277, 183
278, 184
279, 185
280, 186
281, 187
282, 188
282, 189
283, 190
284, 191
285, 192
285, 193
286, 194
286, 195
287, 196
287, 197
288, 198
289, 199
289, 200
289, 201
290, 202
291, 203
291, 204
291, 205
292, 206
292, 207
293, 208
293, 209
294, 210
294, 211
294, 212
295, 213
295, 214
296, 215
296, 216
296, 217
297, 218
297, 219
297, 220
297, 221
297, 222
298, 223
298, 224
298, 225
299, 226
299, 227
299, 228
299, 229
299, 230
299, 231
299, 232
299, 233
299, 234
300, 235
300, 236
300, 237
300, 238
300, 239
300, 240
300, 241
300, 242
300, 243
300, 244
300, 245
300, 246
300, 247
300, 248
300, 249
300, 250
300, 251
300, 252
300, 253
300, 254
300, 255
300, 256
300, 257
299, 258
299, 259
299, 260
299, 261
299, 262
299, 263
298, 264
298, 265
298, 266
298, 267
298, 268
297, 269
297, 270
297, 271
297, 272
297, 273
297, 274
296, 275
296, 276
295, 277
294, 278
294, 279
294, 280
294, 281
293, 282
293, 283
293, 284
292, 285
292, 286
291, 287
290, 288
290, 289
290, 290
290, 291
289, 292
288, 293
288, 294
287, 295
287, 296
286, 297
285, 298
285, 299
285, 300
284, 301
283, 302
282, 303
281, 304
280, 305
279, 306
279, 307
278, 308
277, 309
276, 310
276, 311
275, 312
274, 313
273, 314
272, 314
271, 315
270, 316
270, 317
269, 318
268, 319
267, 320
266, 321
265, 321
264, 321
263, 322
263, 323
262, 323
261, 323
260, 324
260, 325
260, 326
259, 326
258, 326
257, 327
256, 327
255, 328
254, 329
253, 329
252, 329
251, 330
251, 331
251, 332
250, 332
249, 332
248, 333
247, 333
246, 333
245, 334
244, 334
243, 334
242, 335
241, 336
240, 337
239, 337
238, 337
237, 337
236, 337
235, 338
234, 338
233, 338
232, 338
231, 339
230, 340
229, 340
228, 340
227, 340
226, 341
225, 341
224, 341
223, 341
222, 342
221, 342
220, 342
219, 342
218, 342
217, 342
216, 342
215, 342
214, 342
213, 342
212, 342
211, 342
210, 342
209, 342
208, 343
207, 343
206, 343
205, 343
204, 343
203, 344
202, 344
201, 344
200, 344
199, 344
198, 343
197, 343
196, 343
195, 342
194, 342
193, 342
192, 343
191, 342
190, 342
189, 342
188, 342
187, 342
186, 342
185, 342
184, 342
183, 341
182, 341
181, 341
180, 340
179, 339
178, 339
177, 339
176, 339
175, 339
174, 339
174, 338
173, 337
172, 337
171, 337
170, 337
169, 336
168, 336
167, 336
166, 335
165, 335
164, 335
163, 334
162, 334
161, 333
160, 333
159, 332
158, 332
157, 331
156, 331
155, 331
154, 331
154, 330
153, 329
152, 328
151, 328
150, 327
149, 327
148, 326
147, 325
146, 324
145, 324
144, 323
143, 323
142, 322
141, 321
140, 320
140, 319
139, 318
138, 317
137, 316
136, 316
135, 315
134, 314
133, 313
132, 312
131, 311
130, 310
129, 309
128, 308
128, 307
128, 306
127, 305
126, 304
125, 304
125, 303
125, 302
124, 301
123, 300
122, 299
122, 298
122, 297
121, 296
120, 295
120, 294
119, 293
119, 292
118, 291
117, 290
117, 289
116, 288
116, 287
116, 286
115, 285
115, 284
114, 283
113, 282
113, 281
113, 280
113, 279
112, 278
111, 277
111, 276
111, 275
111, 274
111, 273
111, 272
110, 271
110, 270
109, 269
109, 268
109, 267
109, 266
109, 265
108, 264
108, 263
108, 262
108, 261
108, 260
108, 259
107, 258
107, 257
107, 256
107, 255
107, 254
107, 253
107, 252
107, 251
107, 250
107, 249
107, 248
107, 247
107, 246
107, 245
107, 244
107, 243
107, 242
107, 241
107, 240
107, 239
107, 238
107, 237
107, 236
107, 235
107, 234
107, 233
107, 232
