191, 556
191, 555
191, 554
191, 553
191, 552
191, 551
191, 550
191, 549
191, 548
191, 547
191, 546
191, 545
191, 544
192, 543
192, 542
192, 541
192, 540
192, 539
193, 538
193, 537
193, 536
193, 535
193, 534
193, 533
193, 532
194, 531
194, 530
194, 529
195, 528
195, 527
195, 526
195, 525
195, 524
196, 523
196, 522
197, 521
197, 520
197, 519
197, 518
198, 517
198, 516
199, 515
199, 514
199, 513
200, 512
200, 511
201, 510
201, 509
201, 508
202, 507
203, 506
203, 505
204, 504
204, 503
205, 502
205, 501
206, 500
207, 499
207, 498
208, 497
209, 496
209, 495
210, 495
211, 494
211, 493
212, 492
213, 491
213, 490
214, 490
215, 489
215, 488
216, 487
217, 486
218, 485
219, 484
220, 484
221, 483
222, 482
223, 481
224, 481
225, 480
226, 479
227, 479
228, 478
229, 477
230, 477
231, 476
232, 475
233, 475
234, 474
235, 474
236, 473
237, 473
238, 472
239, 472
240, 471
241, 471
242, 470
243, 470
244, 469
245, 469
246, 468
247, 468
248, 467
249, 467
250, 466
251, 465
252, 465
253, 464
254, 464
255, 463
256, 463
257, 462
258, 461
259, 460
260, 459
261, 458
262, 457
263, 456
264, 455
265, 454
266, 453
267, 452
267, 451
268, 450
269, 449
269, 448
270, 447
271, 446
271, 445
272, 444
273, 443
273, 442
273, 441
274, 440
275, 439
275, 438
275, 437
275, 436
276, 435
277, 434
277, 433
277, 432
277, 431
277, 430
278, 429
278, 428
279, 427
279, 426
279, 425
279, 424
279, 423
280, 422
280, 421
280, 420
280, 419
281, 418
281, 417
281, 416
281, 415
281, 414
281, 413
281, 412
281, 411
281, 410
281, 409
282, 408
282, 407
283, 406
283, 405
283, 404
283, 403
283, 402
283, 401
283, 400
284, 399
284, 398
284, 397
284, 396
284, 395
284, 394
283, 393
283, 392
283, 391
283, 390
283, 389
283, 388
283, 387
283, 386
283, 385
283, 384
283, 383
283, 382
283, 381
283, 380
282, 379
282, 378
282, 377
282, 376
282, 375
282, 374
282, 373
281, 372
281, 371
281, 370
281, 369
281, 368
281, 367
281, 366
281, 365
281, 364
281, 363
281, 362
281, 361
281, 360
281, 359
281, 358
281, 357
281, 356
281, 355
280, 354
280, 353
280, 352
280, 351
280, 350
280, 349
280, 348
280, 347
280, 346
280, 345
279, 344
279, 343
279, 342
279, 341
279, 340
279, 339
279, 338
279, 337
279, 336
279, 335
279, 334
279, 333
279, 332
279, 331
279, 330
279, 329
279, 328
279, 327
279, 326
279, 325
279, 324
279, 323
279, 322
279, 321
279, 320
279, 319
279, 318
279, 317
279, 316
279, 315
279, 314
279, 313
279, 312
279, 311
279, 310
279, 309
279, 308
279, 307
279, 306
279, 305
279, 304
279, 303
279, 302
279, 301
279, 300
279, 299
279, 298
279, 297
279, 296
279, 295
279, 294
279, 293
279, 292
279, 291
279, 290
279, 289
279, 288
279, 287
279, 286
279, 285
279, 284
279, 283
279, 282
279, 281
279, 280
279, 279
279, 278
279, 277
280, 276
280, 275
280, 274
280, 273
280, 272
280, 271
280, 270
280, 269
280, 268
280, 267
280, 266
280, 265
280, 264
280, 263
281, 262
281, 261
281, 260
281, 259
281, 258
281, 257
281, 256
281, 255
281, 254
281, 253
281, 252
281, 251
281, 250
281, 249
281, 248
281, 247
281, 246
281, 245
281, 244
281, 243
281, 242
281, 241
281, 240
281, 239
281, 238
281, 237
281, 236
282, 235
282, 234
282, 233
282, 232
282, 231
282, 230
283, 229
283, 228
283, 227
283, 226
283, 225
283, 224
283, 223
283, 222
283, 221
283, 220
283, 219
283, 218
283, 217
283, 216
283, 215
283, 214
283, 213
283, 212
283, 211
283, 210
283, 209
284, 208
284, 207
284, 206
284, 205
284, 204
285, 203
285, 202
285, 201
285, 200
285, 199
285, 198
285, 197
285, 196
285, 195
285, 194
285, 193
285, 192
285, 191
285, 190
285, 189
285, 188
286, 187
286, 186
287, 185
287, 184
287, 183
287, 182
287, 181
287, 180
287, 179
287, 178
287, 177
287, 176
287, 175
287, 174
287, 173
287, 172
287, 171
288, 170
288, 169
288, 168
288, 167
289, 166
289, 165
289, 164
289, 163
289, 162
289, 161
289, 160
289, 159
289, 158
289, 157
289, 156
289, 155
289, 154
290, 153
290, 152
290, 151
291, 150
291, 149
291, 148
291, 147
291, 146
291, 145
291, 144
291, 143
291, 142
291, 141
292, 140
292, 139
292, 138
292, 137
292, 136
293, 135
293, 134
293, 133
293, 132
293, 131
293, 130
293, 129
293, 128
293, 127
293, 126
294, 125
294, 124
294, 123
295, 122
295, 121
295, 120
295, 119
295, 118
295, 117
295, 116
295, 115
296, 114
296, 113
296, 112
297, 111
297, 110
297, 109
298, 108
298, 107
299, 106
300, 106
301, 105
302, 105
303, 104
304, 104
305, 104
306, 104
307, 105
308, 106
308, 107
308, 108
308, 109
309, 110
309, 111
309, 112
309, 113
310, 114
310, 115
310, 116
310, 117
310, 118
311, 119
312, 119
313, 119
314, 118
315, 117
316, 116
317, 117
318, 117
319, 118
320, 119
320, 120
321, 121
321, 122
322, 123
322, 124
322, 125
322, 126
322, 127
322, 128
323, 129
323, 130
323, 131
324, 132
324, 133
324, 134
324, 135
325, 136
325, 137
326, 138
326, 139
326, 140
326, 141
327, 142
327, 143
328, 144
328, 145
328, 146
328, 147
328, 148
329, 149
329, 150
330, 151
330, 152
330, 153
330, 154
330, 155
330, 156
330, 157
331, 158
331, 159
331, 160
332, 161
332, 162
332, 163
332, 164
332, 165
332, 166
332, 167
332, 168
333, 169
334, 170
334, 171
334, 172
335, 173
335, 174
335, 175
335, 176
335, 177
336, 178
336, 179
336, 180
336, 181
336, 182
336, 183
336, 184
336, 185
336, 186
337, 187
337, 188
338, 189
338, 190
338, 191
338, 192
338, 193
338, 194
338, 195
338, 196
339, 197
339, 198
339, 199
339, 200
340, 201
340, 202
340, 203
340, 204
340, 205
340, 206
340, 207
340, 208
341, 209
341, 210
341, 211
342, 212
342, 213
342, 214
342, 215
342, 216
342, 217
342, 218
342, 219
342, 220
342, 221
343, 222
343, 223
343, 224
344, 225
344, 226
344, 227
344, 228
344, 229
344, 230
344, 231
344, 232
344, 233
344, 234
344, 235
345, 236
345, 237
345, 238
345, 239
346, 240
346, 241
346, 242
346, 243
346, 244
346, 245
346, 246
346, 247
346, 248
346, 249
346, 250
347, 251
347, 252
347, 253
348, 254
348, 255
348, 256
348, 257
348, 258
348, 259
348, 260
348, 261
348, 262
348, 263
348, 264
348, 265
349, 266
349, 267
349, 268
349, 269
349, 270
349, 271
349, 272
350, 273
350, 274
350, 275
350, 276
350, 277
350, 278
350, 279
350, 280
350, 281
350, 282
350, 283
350, 284
350, 285
350, 286
350, 287
351, 288
351, 289
351, 290
351, 291
351, 292
351, 293
352, 294
352, 295
352, 296
352, 297
352, 298
352, 299
352, 300
352, 301
352, 302
352, 303
352, 304
352, 305
352, 306
352, 307
352, 308
352, 309
352, 310
352, 311
352, 312
352, 313
352, 314
353, 315
353, 316
353, 317
353, 318
353, 319
353, 320
353, 321
353, 322
353, 323
353, 324
353, 325
353, 326
353, 327
354, 328
354, 329
354, 330
354, 331
354, 332
354, 333
354, 334
355, 335
355, 336
354, 337
354, 338
354, 339
354, 340
354, 341
354, 342
355, 343
355, 344
354, 345
354, 346
354, 347
354, 348
354, 349
354, 350
354, 351
355, 352
354, 353
354, 354
354, 355
354, 356
354, 357
354, 358
354, 359
354, 360
354, 361
354, 362
354, 363
354, 364
354, 365
354, 366
354, 367
354, 368
354, 369
354, 370
354, 371
354, 372
354, 373
354, 374
354, 375
354, 376
354, 377
354, 378
354, 379
354, 380
354, 381
354, 382
354, 383
354, 384
354, 385
354, 386
354, 387
354, 388
353, 389
353, 390
353, 391
353, 392
353, 393
353, 394
353, 395
353, 396
353, 397
353, 398
353, 399
353, 400
352, 401
352, 402
352, 403
352, 404
352, 405
352, 406
353, 407
353, 408
353, 409
353, 410
354, 411
354, 412
354, 413
354, 414
354, 415
355, 416
355, 417
355, 418
355, 419
355, 420
356, 421
356, 422
356, 423
356, 424
356, 425
356, 426
357, 427
357, 428
358, 429
358, 430
358, 431
359, 432
360, 433
361, 434
362, 435
363, 436
364, 437
365, 437
365, 438
366, 439
367, 439
368, 440
369, 441
370, 442
371, 443
372, 443
373, 444
374, 445
375, 446
376, 447
377, 448
378, 448
379, 449
380, 450
381, 451
382, 452
383, 452
384, 453
385, 454
386, 455
387, 456
388, 457
389, 457
390, 458
391, 459
392, 460
393, 461
394, 462
395, 463
396, 463
397, 464
398, 465
399, 466
400, 467
401, 468
402, 469
403, 470
404, 471
405, 472
406, 473
407, 474
408, 475
409, 476
410, 477
411, 478
412, 479
413, 480
414, 481
415, 482
416, 483
417, 484
417, 485
418, 486
419, 487
420, 488
421, 489
422, 490
422, 491
423, 492
424, 493
425, 494
426, 495
426, 496
427, 497
428, 498
428, 499
429, 500
430, 501
430, 502
431, 503
432, 504
432, 505
433, 506
434, 507
434, 508
434, 509
435, 510
436, 511
436, 512
437, 513
437, 514
438, 515
438, 516
438, 517
439, 518
440, 519
440, 520
440, 521
441, 522
441, 523
442, 524
442, 525
442, 526
442, 527
443, 528
443, 529
444, 530
444, 531
444, 532
444, 533
444, 534
445, 535
445, 536
445, 537
446, 538
446, 539
446, 540
446, 541
446, 542
446, 543
446, 544
446, 545
446, 546
447, 547
447, 548
447, 549
447, 550
447, 551
447, 552
447, 553
447, 554
447, 555
447, 556
447, 557
447, 558
447, 559
447, 560
447, 561
447, 562
446, 563
446, 564
446, 565
446, 566
446, 567
446, 568
446, 569
446, 570
445, 571
445, 572
445, 573
444, 574
444, 575
444, 576
444, 577
444, 578
443, 579
443, 580
442, 581
442, 582
441, 583
441, 584
440, 585
440, 586
440, 587
439, 588
439, 589
438, 590
437, 591
437, 592
436, 593
435, 594
435, 595
434, 596
433, 597
433, 598
433, 599
432, 599
431, 600
430, 601
430, 602
429, 603
428, 604
428, 605
427, 606
427, 607
426, 607
425, 608
425, 609
424, 609
423, 610
423, 611
422, 611
421, 612
421, 613
420, 613
419, 614
419, 615
419, 616
418, 616
417, 616
416, 617
416, 618
415, 619
414, 619
413, 620
412, 621
411, 622
410, 622
409, 623
408, 624
407, 624
406, 624
405, 624
404, 625
403, 625
402, 625
401, 625
400, 626
399, 626
398, 626
397, 627
396, 627
395, 627
394, 628
393, 628
392, 628
391, 628
390, 628
389, 629
388, 629
387, 629
386, 629
385, 629
384, 629
383, 629
382, 629
381, 629
380, 628
379, 628
378, 628
377, 628
376, 628
375, 628
374, 628
373, 628
372, 628
371, 627
370, 627
369, 627
368, 626
367, 626
366, 626
365, 625
364, 625
363, 624
362, 624
361, 624
360, 623
359, 623
358, 622
357, 622
356, 621
355, 620
354, 619
353, 619
352, 618
351, 617
350, 617
349, 616
348, 616
348, 615
347, 614
346, 614
345, 614
345, 613
344, 612
343, 612
342, 611
341, 610
340, 610
339, 610
338, 610
337, 610
336, 611
336, 612
335, 613
335, 614
335, 615
334, 616
333, 617
332, 617
331, 618
331, 619
330, 619
329, 619
328, 619
327, 620
326, 621
325, 621
324, 622
323, 622
322, 622
321, 622
320, 622
319, 622
318, 622
317, 623
317, 622
316, 621
315, 621
314, 620
313, 620
312, 620
311, 621
310, 621
309, 621
308, 622
308, 623
308, 624
308, 625
308, 626
307, 627
306, 628
306, 629
306, 630
305, 631
304, 632
304, 633
303, 634
303, 635
302, 636
302, 637
301, 638
301, 639
300, 639
299, 639
298, 640
298, 641
297, 642
297, 643
297, 644
296, 644
295, 645
295, 646
294, 646
293, 647
292, 648
291, 649
290, 650
289, 651
288, 652
287, 653
286, 654
285, 654
284, 654
283, 655
282, 655
281, 656
280, 656
279, 656
278, 656
277, 657
276, 657
275, 657
274, 657
273, 657
272, 658
271, 658
270, 658
269, 658
268, 658
267, 658
266, 658
265, 659
264, 659
263, 659
262, 659
261, 659
260, 659
259, 659
258, 658
257, 658
256, 658
255, 658
254, 658
253, 657
252, 657
251, 657
250, 657
249, 657
248, 657
247, 656
246, 656
245, 656
244, 655
243, 655
242, 655
241, 654
240, 653
239, 653
238, 653
237, 652
236, 652
235, 651
234, 650
233, 650
232, 649
231, 648
230, 648
229, 647
228, 647
228, 646
227, 645
226, 645
225, 644
224, 643
223, 642
222, 642
222, 641
221, 640
220, 639
219, 638
218, 637
217, 636
217, 635
216, 634
215, 633
214, 632
214, 631
213, 630
212, 629
211, 628
210, 627
209, 626
209, 625
208, 624
207, 623
206, 622
206, 621
205, 620
205, 619
204, 618
203, 617
203, 616
202, 615
202, 614
201, 613
201, 612
200, 611
200, 610
199, 609
199, 608
198, 607
198, 606
197, 605
197, 604
197, 603
196, 602
196, 601
196, 600
195, 599
195, 598
195, 597
195, 596
195, 595
194, 594
194, 593
194, 592
193, 591
193, 590
193, 589
193, 588
193, 587
192, 586
192, 585
192, 584
192, 583
192, 582
192, 581
191, 580
191, 579
191, 578
191, 577
191, 576
191, 575
191, 574
191, 573
191, 572
191, 571
191, 570
191, 569
191, 568
191, 567
191, 566
191, 565
191, 564
191, 563
191, 562
190, 561
191, 560
191, 559
191, 558
190, 557
