187, 853
188, 852
188, 851
188, 850
188, 849
188, 848
188, 847
188, 846
188, 845
189, 844
189, 843
189, 842
189, 841
189, 840
189, 839
189, 838
189, 837
189, 836
190, 835
190, 834
191, 833
191, 832
191, 831
190, 830
190, 829
190, 828
190, 827
190, 826
191, 825
191, 824
192, 823
192, 822
192, 821
192, 820
192, 819
193, 818
193, 817
193, 816
193, 815
193, 814
193, 813
194, 813
195, 812
195, 811
195, 810
195, 809
195, 808
196, 807
196, 806
197, 805
198, 804
198, 803
199, 802
199, 801
200, 800
200, 799
200, 798
201, 797
201, 796
202, 796
203, 795
203, 794
204, 793
204, 792
205, 791
205, 790
205, 789
206, 788
207, 787
208, 786
208, 785
208, 784
208, 783
209, 782
209, 781
209, 780
210, 780
211, 779
212, 778
212, 777
212, 776
212, 775
213, 774
214, 773
215, 772
215, 771
215, 770
216, 769
216, 768
217, 767
217, 766
217, 765
218, 764
218, 763
218, 762
219, 761
220, 760
220, 759
220, 758
220, 757
221, 756
222, 755
222, 754
223, 753
223, 752
223, 751
223, 750
224, 749
224, 748
224, 747
224, 746
224, 745
224, 744
225, 743
225, 742
225, 741
225, 740
226, 739
226, 738
226, 737
226, 736
227, 735
228, 734
228, 733
228, 732
228, 731
229, 730
229, 729
229, 728
229, 727
230, 726
230, 725
230, 724
230, 723
231, 722
232, 721
232, 720
232, 719
232, 718
232, 717
232, 716
232, 715
232, 714
233, 713
233, 712
233, 711
234, 710
234, 709
234, 708
234, 707
234, 706
235, 705
235, 704
235, 703
235, 702
235, 701
235, 700
235, 699
235, 698
235, 697
236, 696
236, 695
236, 694
236, 693
237, 692
237, 691
237, 690
237, 689
237, 688
237, 687
237, 686
237, 685
237, 684
237, 683
237, 682
237, 681
238, 680
238, 679
238, 678
238, 677
238, 676
238, 675
238, 674
238, 673
237, 672
237, 671
237, 670
237, 669
238, 669
239, 668
239, 667
239, 666
239, 665
239, 664
239, 663
239, 662
239, 661
238, 660
238, 659
238, 658
238, 657
238, 656
239, 655
239, 654
239, 653
239, 652
240, 651
240, 650
240, 649
240, 648
241, 647
242, 646
242, 645
242, 644
243, 643
243, 642
243, 643
243, 644
244, 645
244, 646
244, 647
244, 648
244, 649
244, 650
244, 651
244, 652
244, 653
244, 654
244, 655
244, 656
244, 657
244, 658
244, 659
244, 660
244, 661
244, 662
244, 663
244, 664
244, 665
244, 666
244, 667
244, 668
244, 669
244, 670
243, 671
243, 672
243, 673
243, 674
243, 675
243, 676
243, 677
243, 678
243, 679
243, 680
243, 681
243, 682
242, 683
242, 684
242, 685
242, 686
242, 687
242, 688
242, 689
242, 690
241, 691
241, 692
241, 693
241, 694
241, 695
241, 696
241, 697
240, 698
240, 699
240, 700
240, 701
240, 702
240, 703
239, 704
239, 705
239, 706
239, 707
238, 708
238, 709
238, 710
238, 711
238, 712
237, 713
237, 714
237, 715
236, 716
236, 717
236, 718
235, 719
235, 720
235, 721
235, 722
235, 723
234, 724
234, 725
234, 726
233, 727
233, 728
233, 729
233, 730
232, 731
232, 732
231, 733
231, 734
231, 735
230, 736
230, 737
230, 738
230, 739
229, 740
229, 741
229, 742
228, 743
227, 744
227, 745
227, 746
227, 747
226, 748
226, 749
225, 750
225, 751
224, 752
223, 753
223, 754
223, 755
222, 756
222, 757
222, 758
222, 759
221, 760
220, 761
220, 762
220, 763
219, 764
219, 765
218, 766
218, 767
217, 768
217, 769
216, 770
216, 771
215, 772
215, 773
214, 774
214, 775
213, 776
213, 777
212, 778
211, 779
211, 780
211, 781
211, 782
211, 783
210, 784
210, 785
209, 786
208, 787
208, 788
208, 789
208, 790
207, 791
207, 792
206, 792
205, 793
205, 794
204, 795
204, 796
204, 797
203, 798
203, 799
202, 800
202, 801
202, 802
202, 803
202, 804
201, 805
201, 806
200, 807
200, 808
200, 809
200, 810
200, 811
199, 812
199, 813
199, 814
199, 815
198, 816
198, 817
198, 818
198, 819
198, 820
197, 821
197, 822
197, 823
197, 824
197, 825
197, 826
197, 827
197, 828
197, 829
197, 830
197, 831
197, 832
197, 833
197, 834
197, 835
197, 836
197, 837
197, 838
197, 839
197, 840
197, 841
197, 842
197, 843
197, 844
197, 845
197, 846
197, 847
197, 848
197, 849
197, 850
197, 851
198, 852
198, 853
198, 854
198, 855
198, 856
198, 857
199, 858
199, 859
199, 860
199, 861
199, 862
200, 863
200, 864
201, 865
201, 866
201, 867
201, 868
201, 869
202, 870
202, 871
203, 872
203, 873
204, 874
204, 875
204, 876
205, 877
206, 878
206, 879
206, 880
207, 881
208, 882
208, 883
208, 884
209, 885
210, 886
211, 887
212, 888
212, 889
213, 890
213, 891
214, 892
215, 892
216, 893
217, 894
217, 895
218, 896
219, 897
220, 898
221, 899
222, 900
223, 900
224, 901
224, 902
225, 903
226, 903
227, 904
228, 904
229, 905
230, 906
231, 907
232, 907
233, 908
234, 908
235, 909
236, 909
237, 910
238, 910
239, 911
240, 911
241, 911
242, 912
243, 912
244, 912
245, 913
246, 913
247, 913
248, 913
249, 914
250, 914
251, 914
252, 914
253, 914
254, 913
254, 912
254, 911
253, 910
252, 910
251, 910
250, 910
249, 910
248, 909
247, 909
246, 909
245, 908
244, 908
243, 908
242, 907
241, 907
240, 907
239, 906
238, 906
237, 905
236, 905
235, 904
234, 903
233, 903
232, 902
231, 901
230, 900
229, 900
228, 899
227, 898
226, 897
225, 896
224, 895
223, 894
222, 893
221, 892
220, 891
220, 890
219, 889
218, 888
218, 887
217, 886
216, 885
216, 884
215, 883
215, 882
214, 881
214, 880
213, 879
213, 878
212, 877
212, 876
211, 875
211, 874
210, 873
210, 872
210, 871
209, 870
209, 869
208, 868
208, 867
207, 866
207, 865
207, 864
207, 863
206, 862
205, 862
204, 862
204, 861
204, 860
203, 859
203, 858
203, 857
203, 856
202, 855
202, 854
202, 853
202, 852
202, 851
202, 850
201, 849
201, 848
201, 847
201, 846
201, 845
201, 844
201, 843
202, 843
203, 843
204, 842
204, 841
204, 840
203, 839
202, 839
201, 839
201, 838
201, 837
201, 836
201, 835
201, 834
201, 833
201, 832
201, 831
201, 830
201, 829
201, 828
202, 827
202, 826
202, 825
203, 825
204, 825
205, 824
205, 823
205, 822
205, 821
205, 820
205, 819
206, 818
206, 817
206, 816
207, 815
207, 814
207, 813
207, 812
207, 811
208, 810
208, 809
209, 808
209, 807
209, 806
210, 806
211, 805
211, 804
212, 803
212, 802
212, 801
213, 800
214, 799
214, 798
215, 797
215, 796
216, 795
217, 794
217, 793
218, 792
219, 791
219, 790
220, 789
221, 788
222, 787
223, 786
224, 785
225, 784
226, 783
227, 782
228, 782
229, 781
230, 781
231, 780
232, 780
233, 779
234, 779
235, 778
236, 778
237, 778
238, 778
239, 777
240, 777
241, 777
242, 776
243, 776
244, 776
245, 776
246, 776
247, 776
248, 776
249, 776
250, 776
251, 776
252, 777
253, 777
254, 777
255, 777
256, 777
257, 777
258, 778
259, 778
260, 778
261, 779
262, 779
263, 779
264, 780
265, 780
266, 780
267, 779
267, 778
267, 777
266, 776
267, 777
268, 777
269, 778
270, 778
271, 779
272, 779
273, 780
274, 781
275, 782
274, 782
273, 783
273, 784
273, 785
274, 786
275, 786
276, 786
277, 785
277, 784
278, 784
279, 785
280, 785
281, 785
282, 786
283, 786
284, 786
284, 787
284, 788
285, 789
285, 790
285, 791
285, 792
286, 793
285, 793
284, 794
284, 795
284, 796
285, 797
285, 798
286, 799
287, 800
288, 800
289, 800
288, 801
288, 802
288, 803
289, 804
290, 804
290, 805
290, 806
291, 807
291, 808
291, 809
292, 810
293, 811
294, 811
295, 811
295, 812
295, 813
295, 814
295, 815
295, 816
295, 817
296, 818
296, 819
297, 820
297, 821
298, 822
298, 823
298, 824
299, 825
299, 826
299, 827
299, 828
300, 829
300, 830
300, 831
301, 832
302, 832
303, 832
304, 831
304, 830
304, 829
303, 828
303, 827
303, 826
303, 825
303, 824
303, 823
302, 822
301, 821
302, 822
303, 822
303, 823
304, 824
305, 824
306, 824
307, 823
308, 822
308, 821
309, 821
310, 821
311, 820
312, 819
312, 818
313, 818
314, 817
314, 816
314, 815
315, 815
316, 814
317, 813
318, 812
318, 811
318, 810
317, 809
318, 808
318, 807
318, 806
319, 806
320, 805
321, 804
321, 803
321, 802
321, 801
320, 800
320, 799
319, 798
318, 798
319, 798
320, 798
321, 797
321, 796
321, 795
320, 794
320, 793
319, 792
320, 791
320, 790
320, 789
319, 788
320, 787
320, 786
320, 785
319, 784
318, 784
319, 784
320, 783
320, 782
320, 781
320, 780
319, 779
318, 779
318, 778
318, 777
318, 776
317, 775
316, 775
316, 774
316, 773
316, 772
316, 771
316, 770
316, 769
316, 768
316, 767
317, 766
317, 765
317, 764
317, 763
316, 762
315, 762
314, 762
314, 761
314, 760
313, 759
312, 758
313, 757
313, 756
313, 755
314, 754
315, 753
315, 752
315, 751
314, 750
313, 750
312, 750
312, 749
311, 748
310, 748
309, 747
308, 747
307, 747
306, 747
307, 747
308, 746
308, 745
308, 744
308, 743
307, 742
306, 742
305, 742
306, 741
306, 740
306, 739
306, 738
306, 737
305, 736
304, 735
303, 734
302, 734
301, 734
300, 734
300, 733
299, 732
298, 731
297, 731
296, 731
295, 730
294, 730
293, 730
292, 730
292, 729
291, 728
290, 727
289, 726
288, 726
288, 725
287, 724
286, 724
285, 724
284, 724
283, 724
283, 723
283, 722
282, 721
282, 720
282, 719
281, 718
280, 718
279, 718
279, 717
279, 716
279, 715
278, 714
278, 713
278, 712
278, 711
278, 710
278, 709
278, 708
278, 707
278, 706
277, 705
276, 705
275, 705
274, 706
274, 707
274, 708
274, 709
274, 710
274, 711
274, 712
274, 713
274, 714
274, 715
274, 716
274, 717
274, 718
274, 719
274, 720
275, 721
276, 721
275, 721
274, 721
273, 722
273, 723
273, 724
273, 725
273, 726
273, 727
273, 728
273, 729
273, 730
273, 731
273, 732
273, 733
273, 734
273, 735
273, 736
273, 737
273, 738
273, 739
273, 740
273, 741
273, 742
273, 743
273, 744
273, 745
273, 746
274, 747
274, 748
274, 749
274, 750
274, 751
274, 752
275, 753
276, 753
277, 754
276, 755
276, 756
276, 757
275, 758
275, 759
275, 760
275, 761
275, 762
276, 763
277, 764
277, 765
277, 766
277, 767
277, 768
277, 769
277, 770
277, 771
277, 772
278, 773
278, 774
279, 775
279, 776
279, 777
279, 778
280, 779
280, 780
279, 779
278, 779
277, 778
276, 777
275, 776
274, 776
273, 775
272, 775
271, 774
270, 774
269, 773
268, 773
267, 772
266, 772
265, 771
264, 771
263, 770
262, 770
261, 770
260, 769
259, 769
258, 768
257, 768
256, 768
255, 768
254, 768
253, 768
252, 768
251, 768
250, 768
249, 768
248, 768
247, 768
246, 768
245, 768
244, 768
243, 768
242, 768
241, 768
240, 768
239, 768
238, 768
237, 768
236, 768
235, 769
234, 769
233, 769
232, 769
231, 769
230, 769
229, 769
228, 770
227, 770
226, 770
225, 771
224, 771
225, 770
225, 769
225, 768
225, 767
226, 766
226, 765
227, 764
228, 763
228, 762
228, 761
228, 760
229, 759
230, 758
230, 757
230, 756
230, 755
230, 754
231, 753
232, 752
232, 751
232, 750
232, 749
233, 748
234, 747
234, 746
234, 745
234, 744
235, 743
235, 742
236, 741
237, 740
238, 739
238, 738
238, 737
238, 736
238, 735
239, 734
239, 733
240, 732
240, 731
240, 730
240, 729
241, 728
241, 727
241, 726
241, 725
241, 724
241, 723
242, 722
243, 721
243, 720
243, 719
243, 718
244, 717
244, 716
244, 715
244, 714
244, 713
244, 712
245, 711
245, 710
245, 709
246, 708
246, 707
246, 706
246, 705
246, 704
246, 703
246, 702
247, 701
247, 700
247, 699
247, 698
248, 697
248, 696
248, 695
248, 694
249, 693
249, 692
249, 691
249, 690
249, 689
249, 688
249, 687
249, 686
249, 685
250, 684
250, 683
250, 682
250, 681
250, 680
250, 679
250, 678
250, 677
250, 676
250, 675
250, 674
250, 673
251, 672
251, 671
251, 670
251, 669
250, 668
249, 668
248, 668
249, 668
250, 668
251, 667
251, 666
251, 665
251, 664
250, 663
249, 662
249, 661
249, 660
250, 659
250, 658
250, 657
250, 656
249, 655
249, 654
249, 653
249, 652
249, 651
249, 650
249, 649
250, 648
251, 647
251, 646
251, 645
251, 644
252, 643
253, 643
254, 642
254, 641
254, 640
253, 639
252, 638
251, 638
250, 637
250, 636
249, 635
248, 635
247, 635
247, 634
247, 633
247, 632
246, 631
246, 630
247, 629
248, 628
248, 627
248, 626
248, 625
248, 624
248, 623
248, 622
248, 621
248, 620
247, 619
246, 619
246, 618
246, 617
245, 616
245, 615
246, 614
246, 613
246, 612
245, 611
245, 610
246, 610
247, 610
248, 609
248, 608
248, 607
247, 606
246, 606
245, 606
244, 607
244, 608
244, 607
244, 606
244, 605
244, 604
244, 603
244, 602
244, 601
244, 600
244, 599
244, 598
244, 597
243, 596
244, 596
245, 595
245, 594
245, 593
244, 592
244, 591
244, 590
244, 589
244, 588
243, 587
243, 586
243, 585
243, 584
243, 583
243, 582
243, 581
243, 580
242, 579
242, 578
242, 577
242, 576
242, 575
241, 574
241, 573
241, 572
241, 571
241, 570
241, 569
241, 568
241, 567
240, 566
240, 565
240, 564
240, 563
240, 562
240, 561
239, 560
239, 559
239, 558
239, 557
239, 556
239, 555
239, 554
238, 553
238, 552
238, 551
238, 550
238, 549
238, 548
237, 547
237, 546
237, 545
237, 544
237, 543
237, 542
237, 541
236, 540
236, 539
236, 538
236, 537
236, 536
236, 535
236, 534
236, 533
236, 532
235, 531
235, 530
235, 529
235, 528
235, 527
235, 526
234, 525
234, 524
234, 523
234, 522
234, 521
234, 520
234, 519
234, 518
234, 517
233, 516
233, 515
233, 514
233, 513
233, 512
233, 511
232, 510
232, 509
232, 508
232, 507
232, 506
232, 505
232, 504
232, 503
232, 502
232, 501
231, 500
231, 499
231, 498
231, 497
230, 496
230, 495
230, 494
230, 493
230, 492
230, 491
230, 490
230, 489
229, 488
229, 487
229, 486
229, 485
229, 484
229, 483
228, 482
228, 481
228, 480
228, 479
228, 478
228, 477
228, 476
228, 475
227, 474
227, 473
227, 472
227, 471
227, 470
227, 469
226, 468
226, 467
226, 466
226, 465
226, 464
226, 463
226, 462
226, 461
226, 460
226, 459
225, 458
224, 458
224, 457
224, 456
224, 455
224, 454
224, 453
224, 452
224, 451
224, 450
224, 449
224, 448
223, 447
223, 446
223, 445
223, 444
223, 443
223, 442
223, 441
222, 440
222, 439
222, 438
222, 437
222, 436
222, 435
222, 434
222, 433
222, 432
222, 431
221, 430
220, 430
221, 429
221, 428
221, 427
220, 426
220, 425
220, 424
220, 423
220, 422
220, 421
220, 420
220, 419
220, 418
220, 417
219, 416
219, 415
219, 414
219, 413
218, 412
218, 411
218, 410
218, 409
218, 408
218, 407
218, 406
218, 405
218, 404
218, 403
217, 402
217, 401
217, 400
217, 399
217, 398
216, 397
216, 396
216, 395
216, 394
216, 393
216, 392
216, 391
216, 390
216, 389
216, 388
216, 387
217, 386
217, 385
218, 384
219, 383
220, 383
221, 383
222, 383
223, 383
224, 383
225, 384
226, 384
227, 385
227, 386
228, 387
229, 388
229, 389
229, 390
229, 391
230, 392
231, 393
232, 393
231, 394
231, 395
231, 396
231, 397
231, 398
232, 399
233, 400
234, 400
233, 401
233, 402
233, 403
233, 404
233, 405
234, 406
235, 407
236, 407
237, 407
236, 407
235, 408
235, 409
235, 410
235, 411
235, 412
236, 413
237, 414
238, 414
239, 414
239, 415
238, 415
237, 416
237, 417
237, 418
237, 419
238, 420
239, 421
239, 422
239, 423
239, 424
239, 425
239, 426
240, 427
241, 428
241, 429
241, 430
241, 431
241, 432
241, 433
242, 434
243, 435
243, 436
243, 437
243, 438
243, 439
244, 440
244, 441
245, 442
245, 443
245, 444
245, 445
245, 446
245, 447
246, 448
247, 449
247, 450
247, 451
247, 452
247, 453
248, 454
248, 455
249, 456
249, 457
249, 458
249, 459
249, 460
249, 461
250, 462
251, 463
251, 464
251, 465
251, 466
251, 467
252, 468
252, 469
253, 470
253, 471
253, 472
253, 473
253, 474
254, 475
254, 476
255, 477
255, 478
255, 479
255, 480
255, 481
255, 482
256, 483
257, 484
258, 484
259, 484
258, 484
257, 485
257, 486
257, 487
257, 488
258, 489
258, 490
259, 491
260, 491
261, 491
262, 490
262, 491
262, 492
261, 492
260, 492
259, 493
259, 494
259, 495
260, 496
260, 497
261, 498
261, 499
261, 500
261, 501
261, 502
261, 503
262, 504
263, 505
263, 506
263, 507
263, 508
264, 509
264, 510
264, 511
265, 512
266, 512
267, 512
268, 511
268, 512
267, 512
266, 512
265, 513
265, 514
265, 515
265, 516
265, 517
266, 518
267, 519
268, 519
269, 519
270, 518
270, 517
270, 516
271, 516
270, 517
270, 518
270, 519
269, 519
268, 519
267, 520
267, 521
267, 522
267, 523
268, 524
268, 525
269, 526
270, 526
271, 526
272, 525
273, 526
273, 527
273, 528
272, 527
271, 527
270, 527
269, 528
269, 529
269, 530
269, 531
269, 532
270, 533
271, 534
271, 535
271, 536
271, 537
272, 538
272, 539
272, 540
273, 541
274, 541
275, 541
274, 541
273, 542
273, 543
273, 544
273, 545
274, 546
274, 547
275, 548
275, 549
275, 550
275, 551
275, 552
275, 553
276, 554
277, 555
278, 555
279, 555
280, 554
280, 553
281, 553
280, 554
279, 555
278, 555
277, 556
277, 557
277, 558
277, 559
277, 560
278, 561
279, 562
279, 563
279, 564
279, 565
279, 566
279, 567
280, 568
280, 569
281, 570
281, 571
281, 572
282, 573
283, 574
283, 575
283, 576
283, 577
283, 578
284, 579
284, 580
285, 581
285, 582
285, 583
285, 584
285, 585
286, 586
286, 587
286, 588
286, 589
285, 590
285, 591
285, 592
285, 593
285, 594
285, 595
285, 596
285, 597
285, 598
286, 599
286, 600
287, 601
287, 602
288, 603
289, 603
290, 603
290, 604
291, 605
291, 606
292, 607
293, 608
293, 609
293, 610
293, 611
294, 612
294, 613
295, 614
295, 615
295, 616
295, 617
296, 618
296, 619
297, 620
297, 621
297, 622
297, 623
298, 624
298, 625
299, 626
299, 627
299, 628
299, 629
299, 630
300, 631
300, 632
301, 633
301, 634
301, 635
301, 636
301, 637
301, 638
300, 638
299, 639
299, 640
299, 641
300, 642
301, 642
302, 642
303, 641
303, 640
304, 640
305, 640
306, 639
307, 639
308, 640
308, 641
309, 642
309, 643
310, 644
310, 645
311, 646
311, 647
311, 648
312, 649
313, 650
313, 651
313, 652
313, 653
314, 654
314, 655
315, 656
315, 657
315, 658
316, 659
317, 660
317, 661
317, 662
317, 663
318, 664
318, 665
319, 666
320, 667
320, 668
320, 669
321, 670
321, 671
322, 672
323, 673
323, 674
324, 675
324, 676
325, 677
325, 678
325, 679
326, 680
327, 681
327, 682
328, 683
329, 684
329, 685
330, 686
331, 687
331, 688
332, 689
332, 690
333, 691
333, 692
334, 693
334, 694
335, 695
336, 696
336, 697
337, 698
338, 699
338, 700
339, 701
340, 702
340, 703
341, 704
342, 705
343, 706
343, 707
344, 708
345, 709
345, 710
346, 711
347, 712
347, 713
348, 714
348, 715
349, 716
350, 717
351, 718
352, 719
353, 720
353, 721
354, 722
355, 723
355, 724
356, 725
357, 726
358, 727
359, 728
359, 729
360, 730
361, 731
362, 732
363, 733
364, 734
365, 735
366, 736
367, 737
367, 738
368, 739
369, 740
370, 741
371, 742
372, 743
373, 744
373, 745
374, 746
375, 747
376, 748
377, 749
378, 750
379, 751
380, 752
381, 753
382, 754
383, 755
384, 756
385, 757
386, 758
387, 759
388, 760
389, 761
390, 762
391, 763
392, 764
393, 765
394, 766
395, 767
396, 768
397, 769
398, 770
399, 771
400, 772
401, 773
402, 774
403, 774
403, 775
404, 776
405, 777
406, 778
407, 779
408, 780
409, 781
409, 782
410, 783
411, 784
412, 784
412, 785
413, 786
414, 787
415, 788
416, 788
416, 789
416, 790
417, 791
417, 792
418, 793
419, 794
419, 795
420, 796
420, 797
421, 798
422, 799
422, 800
423, 801
423, 802
424, 803
425, 804
425, 805
426, 806
426, 807
427, 808
427, 809
428, 810
429, 810
429, 811
430, 812
430, 813
430, 814
430, 815
431, 816
431, 817
431, 818
432, 819
432, 820
433, 821
433, 822
433, 823
433, 824
434, 825
435, 825
436, 826
435, 827
435, 828
435, 829
435, 830
435, 831
436, 832
436, 833
436, 834
436, 835
437, 836
438, 836
438, 837
438, 838
437, 839
437, 840
437, 841
437, 842
437, 843
438, 844
438, 845
438, 846
438, 847
438, 848
438, 849
438, 850
438, 851
439, 852
440, 852
440, 853
439, 853
438, 854
438, 855
438, 856
439, 857
440, 857
440, 858
439, 858
438, 858
437, 859
437, 860
437, 861
437, 862
437, 863
438, 864
439, 864
440, 865
439, 866
438, 866
437, 866
436, 867
435, 868
435, 869
435, 870
435, 871
436, 872
437, 872
438, 873
437, 874
437, 875
436, 875
435, 875
434, 875
433, 876
433, 877
433, 878
434, 879
435, 879
434, 880
434, 881
433, 882
433, 883
433, 884
433, 885
432, 886
431, 887
430, 888
430, 889
430, 890
431, 891
430, 891
429, 891
428, 892
427, 893
426, 894
426, 895
425, 895
424, 895
423, 896
422, 897
422, 898
422, 899
423, 900
422, 901
422, 902
421, 901
420, 901
419, 901
418, 901
417, 902
417, 903
417, 904
417, 905
417, 906
416, 906
415, 906
414, 907
413, 907
412, 908
412, 909
411, 909
410, 910
409, 910
408, 910
407, 910
406, 910
405, 911
404, 912
403, 912
402, 913
401, 913
400, 913
399, 913
398, 913
397, 913
396, 913
395, 914
394, 914
393, 914
392, 914
391, 913
390, 913
389, 913
388, 913
387, 913
386, 913
385, 913
384, 912
383, 912
382, 912
381, 912
380, 912
379, 911
378, 911
377, 911
376, 911
375, 910
374, 910
373, 909
372, 909
371, 908
370, 908
369, 908
368, 908
367, 908
367, 907
366, 906
365, 906
364, 906
364, 905
363, 904
362, 904
361, 903
360, 902
359, 901
358, 901
357, 901
356, 901
355, 900
354, 900
354, 899
354, 898
354, 897
354, 896
353, 895
352, 895
352, 894
351, 893
350, 893
349, 893
348, 893
347, 893
346, 893
345, 893
344, 893
344, 892
344, 891
344, 890
343, 889
342, 889
341, 889
340, 889
340, 888
340, 887
340, 886
339, 885
338, 885
337, 885
336, 885
335, 885
334, 885
334, 884
333, 883
332, 883
331, 883
330, 883
329, 882
328, 882
327, 881
326, 881
325, 881
324, 881
324, 880
323, 879
322, 879
321, 879
320, 879
319, 879
318, 880
318, 881
317, 880
316, 879
315, 879
314, 879
313, 880
312, 880
311, 880
310, 880
309, 880
308, 880
307, 880
306, 880
305, 880
304, 880
303, 880
302, 881
302, 882
301, 882
300, 882
299, 883
299, 884
299, 885
298, 886
297, 887
297, 888
297, 889
297, 890
297, 891
297, 892
296, 892
295, 893
295, 894
294, 895
294, 896
294, 897
293, 897
292, 898
291, 899
291, 900
290, 901
289, 901
288, 902
287, 903
287, 904
287, 905
286, 905
285, 906
284, 907
284, 908
284, 909
283, 909
282, 909
281, 910
280, 911
280, 912
280, 913
280, 914
279, 914
278, 915
277, 915
276, 915
275, 916
274, 917
274, 918
274, 919
274, 920
273, 920
272, 921
271, 922
270, 922
269, 923
268, 924
267, 924
266, 924
265, 924
264, 925
263, 925
262, 925
261, 926
260, 926
259, 927
258, 927
257, 927
256, 927
255, 927
254, 928
253, 928
252, 928
251, 928
250, 928
249, 928
248, 928
247, 928
246, 928
245, 928
244, 928
243, 927
242, 927
241, 927
240, 927
239, 927
238, 927
237, 926
236, 926
235, 926
234, 926
233, 925
232, 925
231, 924
230, 924
229, 923
228, 923
227, 922
226, 922
226, 921
226, 920
225, 919
224, 919
223, 919
222, 919
221, 920
220, 920
220, 919
219, 918
218, 918
217, 918
216, 918
216, 917
216, 916
216, 915
215, 914
214, 914
214, 913
213, 912
212, 911
212, 910
212, 909
212, 908
211, 907
210, 907
209, 907
208, 907
208, 906
207, 905
206, 905
205, 905
204, 905
205, 905
206, 904
206, 903
207, 902
207, 901
207, 900
206, 899
205, 898
204, 898
203, 898
202, 898
201, 898
201, 897
201, 896
200, 895
200, 894
199, 893
199, 892
199, 891
198, 890
197, 889
196, 889
195, 889
194, 890
194, 889
194, 888
194, 887
193, 886
192, 886
193, 886
194, 886
195, 886
196, 885
196, 884
196, 883
196, 882
195, 881
195, 880
195, 879
194, 878
193, 878
192, 878
191, 878
192, 877
192, 876
192, 875
192, 874
192, 873
192, 872
192, 871
192, 870
191, 869
190, 869
189, 868
190, 868
191, 867
191, 866
191, 865
190, 864
189, 864
189, 863
189, 862
189, 861
188, 860
188, 859
187, 858
187, 857
188, 856
188, 855
188, 854
187, 853
186, 853
