82, 810
82, 809
82, 808
82, 807
82, 806
82, 805
82, 804
82, 803
82, 802
82, 801
83, 800
83, 799
83, 798
83, 797
83, 796
84, 795
84, 794
84, 793
84, 792
85, 791
85, 790
85, 789
85, 788
86, 787
86, 786
86, 785
87, 784
87, 783
87, 782
87, 781
88, 780
88, 779
88, 778
89, 777
89, 776
89, 775
90, 774
90, 773
90, 772
91, 771
91, 770
91, 769
92, 768
92, 767
92, 766
93, 765
93, 764
93, 763
94, 762
94, 761
94, 760
95, 759
95, 758
95, 757
96, 756
96, 755
97, 754
97, 753
97, 752
98, 751
98, 750
99, 749
99, 748
99, 747
100, 746
100, 745
100, 744
101, 743
101, 742
102, 741
102, 740
102, 739
103, 738
103, 737
103, 736
104, 735
104, 734
105, 733
105, 732
105, 731
106, 730
106, 729
107, 728
107, 727
107, 726
108, 725
108, 724
109, 723
109, 722
110, 721
110, 720
110, 719
111, 718
111, 717
112, 716
112, 715
112, 714
113, 713
113, 712
114, 711
114, 710
115, 709
115, 708
115, 707
116, 706
116, 705
117, 704
117, 703
117, 702
118, 701
118, 700
119, 699
119, 698
119, 697
120, 696
120, 695
121, 694
121, 693
121, 692
122, 691
122, 690
123, 689
123, 688
123, 687
124, 686
124, 685
125, 684
125, 683
125, 682
126, 681
126, 680
126, 679
127, 678
127, 677
127, 676
128, 675
128, 674
129, 673
129, 672
129, 671
130, 670
130, 669
131, 668
131, 667
131, 666
132, 665
132, 664
133, 663
133, 662
133, 661
134, 660
134, 659
134, 658
135, 657
135, 656
135, 655
136, 654
136, 653
137, 652
137, 651
137, 650
138, 649
138, 648
139, 647
139, 646
139, 645
140, 644
140, 643
141, 642
141, 641
141, 640
142, 639
142, 638
143, 637
143, 636
143, 635
144, 634
144, 633
145, 632
145, 631
145, 630
146, 629
146, 628
146, 627
147, 626
147, 625
148, 624
148, 623
149, 622
149, 621
149, 620
150, 619
150, 618
151, 617
151, 616
151, 615
152, 614
152, 613
152, 612
153, 611
153, 610
154, 609
154, 608
155, 607
156, 606
157, 605
158, 604
159, 603
160, 602
161, 601
162, 600
163, 599
163, 598
164, 597
165, 596
166, 596
167, 595
168, 595
169, 595
170, 594
171, 593
171, 592
171, 591
171, 590
171, 589
171, 588
172, 587
172, 586
172, 585
172, 584
172, 583
172, 582
172, 581
172, 580
173, 579
173, 578
173, 577
173, 576
173, 575
173, 574
174, 573
174, 572
174, 571
174, 570
174, 569
174, 568
174, 567
174, 566
174, 565
174, 564
175, 563
175, 562
175, 561
175, 560
175, 559
175, 558
176, 557
176, 556
176, 555
176, 554
176, 553
176, 552
176, 551
176, 550
177, 549
177, 548
177, 547
178, 546
178, 545
178, 544
178, 543
177, 542
178, 541
178, 540
178, 539
179, 539
180, 538
180, 537
180, 536
180, 535
180, 534
179, 533
180, 532
180, 531
180, 530
180, 529
181, 529
182, 528
182, 527
182, 526
181, 525
181, 524
181, 523
181, 522
181, 521
181, 520
181, 519
182, 518
182, 517
182, 516
183, 516
184, 515
184, 514
184, 513
184, 512
184, 511
183, 510
183, 509
184, 508
184, 507
184, 506
184, 505
183, 504
184, 503
184, 502
184, 501
184, 500
184, 499
184, 498
185, 497
185, 496
185, 495
185, 494
185, 493
185, 492
184, 491
185, 490
185, 489
185, 488
186, 487
186, 486
186, 485
186, 484
186, 483
186, 482
187, 481
187, 480
187, 479
187, 478
186, 477
187, 476
187, 475
187, 474
187, 473
187, 472
187, 471
187, 470
187, 469
187, 468
187, 467
187, 466
188, 465
188, 464
188, 463
188, 462
189, 461
189, 460
189, 459
189, 458
189, 457
189, 456
189, 455
189, 454
189, 453
190, 452
190, 451
190, 450
190, 449
190, 448
190, 447
191, 446
192, 446
193, 445
193, 444
193, 443
193, 442
193, 441
193, 440
193, 439
193, 438
194, 437
194, 436
194, 435
194, 434
195, 433
195, 432
196, 431
196, 430
196, 429
196, 428
197, 427
197, 426
197, 425
198, 424
198, 423
199, 422
199, 421
199, 420
199, 419
200, 418
201, 417
201, 416
202, 415
203, 414
203, 413
204, 412
204, 411
205, 410
205, 409
206, 409
207, 408
207, 407
207, 406
207, 405
208, 404
209, 403
209, 402
210, 401
211, 400
211, 399
212, 398
213, 397
213, 396
213, 395
213, 394
214, 393
215, 392
215, 391
215, 390
216, 389
216, 388
217, 387
217, 386
218, 386
219, 385
219, 384
219, 383
219, 382
220, 381
221, 380
221, 379
222, 378
223, 377
223, 376
223, 375
224, 374
225, 373
225, 372
226, 371
226, 370
227, 369
227, 368
228, 367
229, 366
229, 365
229, 364
230, 363
231, 362
231, 361
231, 360
232, 359
233, 358
233, 357
233, 356
234, 355
235, 354
235, 353
236, 352
237, 351
237, 350
237, 349
238, 348
238, 347
239, 346
239, 345
240, 344
241, 343
241, 342
242, 341
242, 340
243, 339
243, 338
244, 337
244, 336
245, 335
245, 334
246, 333
247, 332
247, 331
248, 330
248, 329
249, 328
249, 327
250, 326
250, 325
251, 324
251, 323
252, 322
252, 321
253, 320
253, 319
254, 318
255, 317
255, 316
256, 315
256, 314
257, 313
257, 312
258, 311
259, 310
259, 309
259, 308
260, 307
261, 306
261, 305
261, 304
262, 303
263, 302
263, 301
264, 300
264, 299
265, 298
265, 297
266, 296
267, 295
267, 294
267, 293
268, 292
269, 291
269, 290
269, 289
270, 288
271, 287
271, 286
272, 285
273, 284
273, 283
273, 282
274, 281
275, 280
275, 279
275, 278
276, 277
277, 276
277, 275
278, 274
279, 273
279, 272
280, 271
281, 270
281, 269
282, 268
283, 267
283, 266
284, 265
285, 264
286, 263
287, 262
288, 261
289, 260
290, 259
291, 258
292, 258
293, 257
294, 256
295, 256
296, 255
297, 254
298, 254
299, 253
300, 252
301, 252
302, 251
303, 251
304, 250
305, 250
306, 249
307, 249
308, 249
309, 248
310, 248
311, 248
312, 247
313, 247
314, 247
315, 246
316, 246
317, 246
318, 246
319, 246
320, 246
321, 246
322, 246
323, 246
324, 246
325, 245
326, 245
327, 245
328, 245
329, 246
330, 247
330, 248
331, 249
332, 249
333, 249
334, 249
335, 250
336, 251
336, 252
337, 253
338, 254
338, 255
339, 256
340, 257
341, 258
342, 259
342, 260
343, 261
343, 262
344, 263
344, 264
344, 265
345, 266
345, 267
346, 268
346, 269
347, 270
347, 271
348, 272
348, 273
348, 274
349, 275
349, 276
350, 277
350, 278
350, 279
350, 280
350, 281
350, 282
351, 283
351, 284
351, 285
351, 286
351, 287
351, 288
351, 289
352, 290
352, 291
352, 292
352, 293
352, 294
352, 295
351, 296
351, 297
351, 298
351, 299
351, 300
351, 301
351, 302
351, 303
351, 304
350, 305
350, 306
350, 307
350, 308
350, 309
350, 310
350, 311
349, 312
348, 313
348, 314
348, 315
348, 316
348, 317
347, 317
346, 318
346, 319
346, 320
346, 321
346, 322
345, 323
344, 324
343, 324
342, 325
342, 326
342, 327
342, 328
341, 329
340, 330
340, 331
339, 332
338, 333
337, 334
337, 335
336, 336
335, 337
335, 338
334, 339
333, 340
332, 341
332, 342
331, 343
330, 344
329, 345
328, 346
328, 347
327, 348
326, 349
326, 350
325, 351
325, 352
324, 353
323, 354
322, 355
322, 356
321, 357
321, 358
320, 359
319, 360
318, 361
318, 362
317, 363
316, 364
316, 365
315, 366
314, 367
313, 368
313, 369
312, 370
312, 371
311, 372
310, 373
309, 374
308, 375
307, 376
306, 377
306, 378
305, 379
304, 380
304, 381
303, 382
302, 383
301, 384
301, 385
300, 386
299, 387
299, 388
298, 389
297, 390
296, 391
296, 392
295, 393
294, 394
294, 395
293, 396
292, 397
291, 398
290, 399
290, 400
289, 401
289, 402
288, 403
287, 404
286, 405
285, 406
284, 407
284, 408
283, 409
282, 410
282, 411
281, 412
280, 413
280, 414
279, 415
278, 416
277, 417
277, 418
276, 419
275, 420
274, 421
274, 422
273, 423
272, 424
272, 425
271, 426
270, 427
269, 428
268, 429
268, 430
267, 431
266, 432
266, 433
265, 434
264, 435
263, 436
262, 437
262, 438
262, 439
261, 439
260, 440
260, 441
260, 442
259, 443
259, 444
258, 445
258, 446
257, 447
257, 448
256, 449
256, 450
255, 450
254, 451
254, 452
254, 453
254, 454
253, 454
252, 455
252, 456
252, 457
252, 458
252, 459
252, 460
252, 461
252, 462
252, 463
252, 464
252, 465
252, 466
252, 467
252, 468
252, 469
252, 470
252, 471
252, 472
252, 473
252, 474
252, 475
252, 476
252, 477
252, 478
253, 479
253, 480
253, 481
254, 482
254, 483
254, 484
254, 485
254, 486
254, 487
254, 488
254, 489
255, 490
255, 491
255, 492
255, 493
256, 494
256, 495
256, 496
256, 497
257, 498
257, 499
257, 500
257, 501
258, 502
258, 503
258, 504
258, 505
258, 506
259, 507
259, 508
260, 509
260, 510
260, 511
260, 512
260, 513
261, 514
262, 515
262, 516
262, 517
262, 518
262, 519
262, 520
263, 521
264, 522
264, 523
264, 524
264, 525
265, 526
265, 527
266, 528
266, 529
266, 530
266, 531
266, 532
267, 533
267, 534
268, 535
268, 536
268, 537
268, 538
269, 539
270, 540
270, 541
270, 542
270, 543
270, 544
270, 545
271, 546
272, 547
272, 548
272, 549
272, 550
272, 551
272, 552
273, 553
274, 554
274, 555
274, 556
274, 557
275, 558
275, 559
276, 560
276, 561
276, 562
276, 563
276, 564
277, 565
277, 566
278, 567
278, 568
278, 569
278, 570
278, 571
279, 572
280, 573
280, 574
280, 575
280, 576
280, 577
280, 578
281, 579
282, 579
282, 580
282, 581
282, 582
282, 583
283, 584
284, 585
285, 585
286, 586
287, 586
288, 587
289, 587
290, 588
291, 589
292, 590
293, 591
293, 592
294, 593
295, 594
295, 595
296, 596
296, 597
297, 598
297, 599
298, 600
298, 601
299, 602
299, 603
300, 604
300, 605
301, 606
301, 607
302, 608
302, 609
303, 610
304, 611
304, 612
305, 613
305, 614
306, 615
306, 616
306, 617
307, 618
308, 619
308, 620
308, 621
309, 622
310, 623
310, 624
310, 625
311, 626
312, 627
312, 628
312, 629
313, 630
314, 631
314, 632
315, 633
315, 634
316, 635
316, 636
316, 637
317, 638
318, 639
318, 640
319, 641
319, 642
319, 643
320, 644
320, 645
321, 646
322, 647
322, 648
322, 649
323, 650
323, 651
324, 652
324, 653
325, 654
325, 655
326, 656
326, 657
327, 658
327, 659
328, 660
328, 661
329, 662
330, 663
330, 664
330, 665
331, 666
332, 667
332, 668
332, 669
333, 670
334, 671
334, 672
334, 673
335, 674
335, 675
336, 676
336, 677
337, 678
337, 679
338, 680
338, 681
339, 682
339, 683
340, 684
340, 685
341, 686
341, 687
342, 688
342, 689
343, 690
343, 691
344, 692
344, 693
345, 694
345, 695
346, 696
346, 697
347, 698
347, 699
348, 700
348, 701
349, 702
349, 703
350, 704
350, 705
351, 706
351, 707
352, 708
352, 709
353, 710
353, 711
354, 712
354, 713
355, 714
355, 715
356, 716
356, 717
357, 718
357, 719
358, 720
358, 721
359, 722
359, 723
360, 724
360, 725
361, 726
361, 727
362, 728
362, 729
362, 730
363, 731
364, 732
364, 733
365, 734
365, 735
366, 736
366, 737
366, 738
367, 739
367, 740
368, 741
368, 742
369, 743
369, 744
370, 745
370, 746
371, 747
371, 748
371, 749
372, 750
372, 751
373, 752
373, 753
374, 754
374, 755
374, 756
375, 757
375, 758
376, 759
376, 760
376, 761
377, 762
377, 763
378, 764
378, 765
379, 766
379, 767
379, 768
380, 769
380, 770
381, 771
381, 772
382, 773
382, 774
382, 775
383, 776
383, 777
383, 778
384, 779
384, 780
384, 781
385, 782
385, 783
385, 784
386, 785
386, 786
386, 787
387, 788
387, 789
388, 790
388, 791
388, 792
388, 793
389, 794
389, 795
389, 796
390, 797
390, 798
390, 799
391, 800
391, 801
391, 802
391, 803
391, 804
392, 805
392, 806
392, 807
392, 808
393, 809
393, 810
393, 811
393, 812
393, 813
393, 814
394, 815
394, 816
394, 817
394, 818
394, 819
394, 820
395, 821
395, 822
395, 823
395, 824
395, 825
395, 826
395, 827
395, 828
395, 829
395, 830
395, 831
395, 832
396, 833
396, 834
396, 835
396, 836
396, 837
395, 838
395, 839
395, 840
395, 841
395, 842
395, 843
395, 844
395, 845
395, 846
395, 847
395, 848
395, 849
394, 850
394, 851
394, 852
394, 853
394, 854
394, 855
394, 856
393, 857
393, 858
393, 859
393, 860
392, 861
392, 862
392, 863
392, 864
391, 865
391, 866
391, 867
390, 868
390, 869
390, 870
390, 871
389, 872
389, 873
388, 874
388, 875
388, 876
387, 877
387, 878
386, 879
386, 880
385, 881
385, 882
384, 883
384, 884
383, 885
383, 886
382, 887
381, 888
381, 889
380, 890
379, 891
379, 892
378, 893
377, 894
377, 895
376, 896
375, 897
374, 898
374, 899
373, 900
372, 901
371, 902
370, 903
369, 904
368, 905
368, 906
367, 907
366, 908
365, 909
364, 910
363, 911
362, 912
361, 913
360, 914
359, 915
358, 916
357, 917
357, 918
356, 918
355, 918
354, 919
353, 920
352, 920
351, 921
350, 922
349, 923
348, 924
347, 925
346, 926
346, 927
345, 927
344, 928
343, 929
342, 930
342, 931
341, 932
340, 933
339, 934
338, 934
337, 934
336, 935
335, 935
334, 935
333, 935
332, 936
332, 937
332, 938
332, 939
331, 940
330, 940
329, 940
328, 940
327, 941
326, 942
325, 943
324, 943
323, 944
322, 945
321, 945
320, 945
319, 946
318, 946
317, 947
316, 947
315, 947
314, 948
313, 948
312, 949
311, 949
310, 949
309, 950
308, 950
307, 950
306, 951
305, 952
304, 952
303, 952
302, 952
301, 952
300, 953
299, 954
298, 954
297, 954
296, 954
295, 954
294, 954
293, 954
292, 954
291, 954
290, 954
289, 954
288, 954
287, 954
286, 954
285, 954
284, 953
283, 953
282, 953
281, 953
280, 952
279, 952
278, 952
277, 951
276, 950
275, 950
274, 950
273, 950
272, 950
271, 950
270, 950
269, 950
268, 950
267, 950
266, 950
265, 950
264, 951
263, 952
262, 952
261, 953
260, 953
259, 954
258, 954
257, 954
256, 954
255, 955
254, 955
253, 955
252, 955
251, 955
250, 955
249, 955
249, 954
248, 953
247, 953
246, 953
245, 953
245, 952
245, 951
244, 950
243, 949
242, 948
241, 947
241, 946
241, 945
241, 944
240, 943
239, 943
238, 943
237, 943
236, 943
235, 943
234, 944
233, 945
232, 946
231, 947
230, 947
229, 948
228, 949
227, 949
226, 950
225, 950
224, 951
223, 951
222, 951
221, 952
220, 952
219, 953
218, 954
217, 954
216, 954
215, 954
214, 955
214, 956
213, 957
212, 957
211, 958
211, 959
210, 959
209, 959
208, 959
207, 959
206, 959
205, 960
204, 960
203, 960
202, 961
201, 961
200, 961
199, 961
198, 961
197, 961
196, 961
195, 961
194, 960
193, 960
192, 960
191, 960
190, 960
190, 959
189, 958
188, 958
187, 958
186, 958
185, 958
184, 958
183, 958
182, 957
181, 957
180, 957
179, 957
178, 956
177, 956
176, 955
175, 955
174, 955
173, 954
172, 954
171, 954
170, 953
169, 952
168, 952
167, 952
166, 951
165, 951
164, 950
163, 950
162, 949
162, 948
161, 947
160, 947
159, 947
158, 947
157, 946
156, 945
155, 944
154, 944
153, 943
153, 942
152, 941
151, 940
150, 940
149, 940
148, 939
147, 938
147, 937
147, 936
146, 935
145, 934
144, 934
143, 934
142, 934
142, 933
142, 932
141, 931
140, 930
139, 930
138, 930
137, 930
137, 929
137, 928
137, 927
136, 926
135, 926
134, 925
134, 924
133, 923
132, 923
131, 922
131, 921
130, 920
129, 920
128, 919
128, 918
128, 917
127, 916
126, 915
125, 914
124, 913
123, 913
123, 912
122, 911
121, 910
120, 909
119, 908
118, 908
118, 907
117, 906
116, 905
115, 904
114, 903
114, 902
113, 901
112, 900
111, 899
111, 898
110, 897
109, 897
109, 896
108, 895
107, 894
107, 893
106, 892
105, 891
104, 890
104, 889
103, 888
103, 887
102, 886
101, 885
101, 884
100, 883
100, 882
99, 881
98, 880
98, 879
97, 878
97, 877
96, 876
96, 875
95, 874
95, 873
94, 872
94, 871
93, 870
93, 869
92, 868
92, 867
92, 866
91, 865
91, 864
90, 863
90, 862
90, 861
89, 860
89, 859
89, 858
88, 857
88, 856
88, 855
87, 854
87, 853
87, 852
86, 851
86, 850
86, 849
85, 848
85, 847
85, 846
85, 845
85, 844
84, 843
84, 842
84, 841
84, 840
83, 839
83, 838
83, 837
83, 836
83, 835
82, 834
82, 833
82, 832
82, 831
82, 830
82, 829
82, 828
82, 827
82, 826
81, 825
81, 824
81, 823
81, 822
81, 821
81, 820
81, 819
81, 818
81, 817
81, 816
81, 815
81, 814
81, 813
81, 812
81, 811
