68, 619
68, 618
68, 617
68, 616
68, 615
68, 614
68, 613
68, 612
69, 611
69, 610
69, 609
69, 608
70, 607
70, 606
70, 605
70, 604
70, 603
70, 602
71, 601
71, 600
71, 599
72, 598
72, 597
72, 596
72, 595
72, 594
73, 593
74, 592
74, 591
74, 590
74, 589
74, 588
75, 587
76, 586
76, 585
76, 584
76, 583
77, 582
77, 581
78, 580
78, 579
79, 578
79, 577
80, 576
80, 575
81, 574
82, 573
82, 572
83, 571
84, 570
84, 569
85, 568
86, 567
87, 566
88, 565
89, 565
90, 564
90, 563
91, 563
92, 562
93, 561
94, 561
95, 560
96, 559
97, 559
98, 558
99, 558
100, 557
101, 557
102, 557
103, 557
104, 556
105, 556
106, 555
107, 555
108, 555
109, 555
110, 555
111, 554
112, 554
113, 554
114, 554
115, 554
116, 554
117, 553
118, 553
119, 553
120, 553
121, 553
122, 553
123, 552
123, 551
123, 550
124, 550
125, 550
126, 549
127, 549
128, 548
129, 548
130, 548
131, 547
131, 546
132, 545
133, 544
134, 543
135, 543
136, 543
137, 543
138, 543
139, 543
140, 542
141, 542
142, 541
142, 540
142, 539
142, 538
143, 537
144, 537
145, 537
146, 536
146, 535
146, 534
146, 533
146, 532
146, 531
145, 530
146, 530
147, 529
147, 528
148, 527
149, 526
149, 525
149, 524
149, 523
150, 523
151, 523
152, 522
153, 521
153, 520
153, 519
152, 518
151, 518
150, 518
149, 518
150, 518
151, 517
151, 516
151, 515
152, 514
152, 513
152, 512
152, 511
153, 510
153, 509
153, 508
153, 507
154, 507
155, 506
155, 505
156, 504
157, 503
157, 502
157, 501
156, 500
156, 499
157, 498
157, 497
157, 496
158, 495
158, 494
158, 493
159, 492
159, 491
159, 490
160, 490
161, 490
162, 489
163, 489
164, 488
164, 487
164, 486
164, 485
164, 484
165, 483
165, 482
165, 481
166, 480
166, 479
166, 478
166, 477
166, 476
166, 475
167, 474
167, 473
167, 472
168, 471
168, 470
168, 469
169, 468
170, 467
170, 466
171, 465
171, 464
171, 463
170, 462
170, 461
170, 460
170, 459
170, 458
171, 457
171, 456
171, 455
171, 454
172, 453
172, 452
172, 451
172, 450
172, 449
172, 448
172, 447
172, 446
173, 445
173, 444
173, 443
173, 442
173, 441
173, 440
174, 439
174, 438
174, 437
174, 436
174, 435
174, 434
174, 433
174, 432
174, 431
174, 430
175, 429
175, 428
175, 427
175, 426
176, 425
176, 424
176, 423
175, 422
174, 422
173, 422
172, 423
172, 422
172, 421
172, 420
172, 419
173, 418
174, 417
174, 416
174, 415
174, 414
174, 413
174, 412
175, 413
176, 413
177, 413
178, 412
178, 411
178, 410
177, 409
176, 408
176, 407
176, 406
177, 405
178, 405
179, 404
180, 403
180, 402
180, 401
180, 400
180, 399
180, 398
180, 397
181, 396
181, 395
181, 394
181, 393
181, 392
182, 391
182, 390
182, 389
182, 388
182, 387
182, 386
182, 385
183, 384
183, 383
184, 382
184, 381
184, 380
184, 379
184, 378
184, 377
184, 376
185, 375
186, 374
186, 373
186, 372
186, 371
186, 370
186, 369
186, 368
186, 367
186, 366
186, 365
187, 365
188, 364
188, 363
188, 362
188, 361
188, 360
189, 360
190, 359
190, 358
190, 357
190, 356
191, 355
192, 354
192, 353
192, 352
192, 351
193, 351
194, 350
194, 349
194, 348
194, 347
195, 346
196, 345
196, 344
196, 343
196, 342
196, 341
197, 341
198, 340
198, 339
198, 338
198, 337
198, 336
198, 335
198, 334
199, 334
200, 333
200, 332
200, 331
200, 330
200, 329
200, 328
200, 327
201, 327
202, 326
202, 325
202, 324
202, 323
202, 322
202, 321
202, 320
202, 319
202, 318
202, 317
203, 317
204, 317
205, 317
205, 318
205, 319
205, 320
205, 321
205, 322
205, 323
205, 324
205, 325
205, 326
205, 327
205, 328
205, 329
205, 330
205, 331
206, 332
206, 333
206, 334
206, 335
206, 336
206, 337
206, 338
206, 339
206, 340
206, 341
206, 342
207, 343
208, 343
208, 344
208, 345
208, 346
208, 347
208, 348
209, 349
209, 350
209, 351
209, 352
209, 353
209, 354
210, 355
211, 355
211, 356
211, 357
211, 358
212, 359
212, 360
213, 361
213, 362
213, 363
213, 364
213, 365
213, 366
213, 367
213, 368
213, 369
213, 370
213, 371
213, 372
213, 373
213, 374
213, 375
213, 376
213, 377
213, 378
213, 379
213, 380
213, 381
213, 382
212, 383
212, 384
212, 385
212, 386
212, 387
212, 388
211, 389
211, 390
211, 391
211, 392
211, 393
211, 394
211, 395
211, 396
211, 397
211, 398
211, 399
210, 399
209, 400
209, 401
209, 402
208, 403
208, 404
208, 405
208, 406
207, 407
207, 408
207, 409
207, 410
207, 411
207, 412
207, 413
206, 412
205, 412
204, 412
203, 413
203, 414
203, 415
204, 416
204, 417
204, 418
203, 419
203, 420
202, 421
202, 422
202, 423
202, 424
202, 425
203, 426
203, 427
203, 428
202, 429
202, 430
202, 431
203, 432
203, 433
203, 434
202, 435
202, 436
201, 437
201, 438
201, 439
201, 440
202, 441
202, 442
201, 443
201, 444
200, 445
200, 446
200, 447
201, 448
201, 449
201, 450
201, 451
201, 452
201, 453
201, 454
201, 455
201, 456
201, 457
201, 458
200, 459
199, 460
199, 461
198, 462
198, 463
198, 464
198, 465
197, 465
196, 466
196, 467
196, 468
196, 469
196, 470
196, 471
196, 472
196, 473
195, 474
195, 475
195, 476
195, 477
195, 478
195, 479
194, 480
194, 481
194, 482
194, 483
194, 484
194, 485
194, 486
194, 487
194, 488
194, 489
194, 490
194, 491
194, 492
193, 493
193, 494
192, 495
192, 496
192, 497
193, 498
192, 499
192, 500
192, 501
192, 502
192, 503
192, 504
192, 505
191, 506
191, 507
191, 508
191, 509
191, 510
191, 511
191, 512
191, 513
190, 514
190, 515
190, 516
190, 517
190, 518
189, 519
189, 520
189, 521
189, 522
189, 523
189, 524
189, 525
188, 526
188, 527
188, 528
188, 529
188, 530
188, 531
188, 532
188, 533
188, 534
188, 535
188, 536
188, 537
188, 538
188, 539
188, 540
188, 541
188, 542
188, 543
188, 544
189, 545
189, 546
189, 547
189, 548
190, 549
191, 549
192, 549
193, 549
194, 548
194, 547
194, 546
194, 545
195, 545
196, 545
197, 545
198, 545
199, 545
199, 546
199, 547
199, 548
199, 549
200, 550
201, 550
202, 550
203, 551
203, 552
204, 553
205, 554
206, 555
207, 555
208, 556
209, 556
210, 556
211, 557
212, 558
213, 558
214, 558
215, 559
216, 559
217, 559
218, 559
219, 559
220, 560
221, 560
222, 560
223, 560
224, 561
225, 562
226, 562
227, 563
228, 563
229, 564
230, 565
230, 566
230, 567
231, 568
232, 569
233, 570
234, 571
235, 572
236, 573
237, 574
237, 575
238, 576
239, 577
239, 578
240, 579
240, 580
240, 581
241, 582
241, 583
241, 584
242, 585
242, 586
242, 587
243, 588
243, 589
243, 590
243, 591
243, 592
243, 593
243, 594
243, 595
243, 596
243, 597
243, 598
243, 599
243, 600
243, 601
243, 602
243, 603
244, 604
244, 605
244, 606
244, 607
243, 608
243, 609
243, 610
243, 611
243, 612
243, 613
243, 614
243, 615
243, 616
243, 617
243, 618
244, 619
244, 620
243, 621
242, 622
242, 623
242, 624
242, 625
241, 626
241, 627
241, 628
241, 629
241, 630
240, 631
240, 632
240, 633
239, 634
239, 635
239, 636
239, 637
239, 638
238, 639
238, 640
238, 641
237, 642
237, 643
237, 644
236, 645
236, 646
235, 647
235, 648
235, 649
234, 650
233, 651
233, 652
233, 653
232, 654
232, 655
232, 656
231, 656
230, 657
230, 658
230, 659
229, 659
228, 660
228, 661
228, 662
227, 662
226, 663
225, 664
224, 665
223, 666
222, 667
222, 668
221, 668
220, 669
220, 670
219, 670
218, 671
217, 672
216, 672
215, 672
214, 673
213, 674
212, 674
211, 674
210, 675
210, 676
209, 676
208, 676
207, 676
206, 677
205, 677
204, 678
203, 678
202, 678
201, 678
200, 678
199, 678
198, 678
197, 679
196, 679
195, 679
194, 679
193, 679
192, 679
191, 680
190, 679
189, 679
188, 679
187, 679
186, 679
185, 679
184, 679
183, 679
182, 678
181, 678
180, 678
179, 678
178, 677
177, 677
176, 677
175, 677
174, 676
173, 675
172, 675
171, 674
170, 674
169, 673
168, 672
167, 672
166, 671
165, 670
164, 669
163, 668
162, 667
161, 666
161, 665
160, 664
159, 663
159, 662
158, 661
158, 660
157, 659
157, 658
156, 657
155, 656
155, 655
154, 654
153, 654
152, 654
151, 654
150, 654
149, 655
148, 655
147, 655
146, 655
145, 655
144, 656
143, 657
142, 658
141, 658
140, 659
140, 660
139, 661
138, 661
137, 661
136, 661
135, 662
134, 663
133, 664
132, 665
131, 666
130, 666
129, 666
128, 667
127, 668
127, 669
127, 670
128, 671
127, 672
126, 672
125, 672
124, 673
124, 672
123, 671
122, 671
121, 671
120, 672
120, 673
120, 674
121, 675
122, 675
121, 675
120, 675
119, 676
118, 676
117, 677
116, 677
115, 677
114, 677
113, 677
112, 677
113, 677
114, 677
115, 677
116, 677
117, 677
118, 676
118, 675
118, 674
118, 673
117, 672
116, 672
115, 672
114, 673
113, 673
112, 673
111, 673
110, 673
109, 673
108, 673
107, 673
106, 673
105, 673
104, 673
103, 673
102, 673
101, 673
100, 672
99, 672
98, 672
97, 672
96, 672
95, 672
94, 671
93, 671
92, 670
91, 670
90, 670
89, 669
88, 669
87, 668
86, 668
85, 667
84, 667
83, 666
82, 665
81, 665
80, 664
79, 663
78, 662
77, 661
76, 660
75, 659
74, 658
73, 657
73, 656
72, 655
72, 654
71, 653
70, 652
70, 651
70, 650
69, 649
69, 648
69, 647
68, 646
68, 645
68, 644
68, 643
68, 642
68, 641
68, 640
67, 639
67, 638
67, 637
67, 636
67, 635
67, 634
67, 633
67, 632
67, 631
67, 630
67, 629
67, 628
67, 627
67, 626
67, 625
67, 624
67, 623
67, 622
67, 621
67, 620
