98, 484
98, 483
98, 482
98, 481
99, 480
99, 479
99, 478
99, 477
99, 476
99, 475
99, 474
99, 473
100, 472
100, 471
101, 470
101, 469
101, 468
102, 468
103, 467
103, 466
103, 465
103, 464
103, 463
103, 462
104, 461
105, 460
105, 459
105, 458
106, 457
106, 456
107, 455
107, 454
108, 453
108, 452
109, 451
109, 450
110, 449
111, 448
111, 447
112, 446
113, 445
113, 444
114, 443
115, 442
116, 441
117, 440
118, 439
119, 438
120, 437
121, 437
122, 436
123, 435
124, 435
125, 434
126, 434
127, 433
128, 432
129, 432
130, 431
131, 431
132, 431
133, 430
134, 430
135, 430
136, 429
137, 429
138, 429
139, 428
140, 428
141, 428
142, 428
143, 427
144, 427
145, 427
146, 426
147, 426
148, 426
149, 426
150, 426
151, 425
152, 425
153, 424
154, 424
155, 424
156, 423
157, 423
158, 422
159, 422
160, 422
161, 421
162, 420
163, 420
164, 419
165, 418
166, 418
167, 417
168, 416
169, 415
170, 414
171, 413
172, 412
173, 411
174, 410
175, 409
176, 408
176, 407
177, 406
178, 405
178, 404
178, 403
178, 402
178, 401
178, 400
179, 399
179, 398
179, 397
178, 396
178, 395
178, 394
178, 393
178, 392
177, 391
177, 390
177, 389
177, 388
177, 387
177, 386
176, 385
176, 384
176, 383
176, 382
176, 381
176, 380
175, 379
175, 378
175, 377
175, 376
175, 375
175, 374
175, 373
175, 372
174, 371
174, 370
174, 369
174, 368
173, 367
173, 366
173, 365
173, 364
173, 363
173, 362
173, 361
173, 360
172, 359
172, 358
172, 357
172, 356
172, 355
172, 354
171, 353
171, 352
171, 351
171, 350
171, 349
171, 348
171, 347
171, 346
171, 345
170, 344
171, 343
171, 342
171, 341
171, 340
170, 339
170, 338
170, 337
170, 336
170, 335
170, 334
170, 333
170, 332
170, 331
169, 330
169, 329
169, 328
169, 327
169, 326
169, 325
169, 324
169, 323
169, 322
169, 321
169, 320
168, 319
169, 318
169, 317
169, 316
168, 315
168, 314
168, 313
168, 312
168, 311
168, 310
168, 309
168, 308
168, 307
168, 306
168, 305
168, 304
168, 303
168, 302
167, 301
167, 300
167, 299
167, 298
167, 297
167, 296
167, 295
167, 294
167, 293
167, 292
167, 291
167, 290
167, 289
167, 288
167, 287
167, 286
167, 285
167, 284
167, 283
168, 282
168, 281
168, 280
168, 279
168, 278
168, 277
168, 276
168, 275
168, 274
168, 273
168, 272
168, 271
167, 270
167, 269
167, 268
167, 267
167, 266
168, 265
168, 264
168, 263
168, 262
167, 261
167, 260
167, 259
167, 258
167, 257
167, 256
167, 255
167, 254
167, 253
167, 252
167, 251
167, 250
167, 249
167, 248
167, 247
167, 246
167, 245
167, 244
167, 243
167, 242
167, 241
167, 240
167, 239
167, 238
167, 237
167, 236
167, 235
167, 234
167, 233
167, 232
167, 231
167, 230
167, 229
167, 228
167, 227
167, 226
167, 225
167, 224
167, 223
167, 222
167, 221
167, 220
167, 219
167, 218
167, 217
168, 216
168, 215
168, 214
168, 213
168, 212
168, 211
168, 210
168, 209
168, 208
168, 207
168, 206
168, 205
168, 204
168, 203
168, 202
168, 201
169, 200
169, 199
169, 198
169, 197
169, 196
169, 195
169, 194
170, 193
170, 192
170, 191
170, 190
170, 189
170, 188
170, 187
170, 186
170, 185
171, 184
171, 183
171, 182
171, 181
171, 180
171, 179
171, 178
171, 177
172, 176
172, 175
172, 174
172, 173
172, 172
172, 171
172, 170
173, 169
173, 168
173, 167
173, 166
174, 165
174, 164
174, 163
175, 162
175, 161
175, 160
175, 159
176, 158
176, 157
176, 156
177, 155
177, 154
177, 153
177, 152
177, 151
177, 150
177, 149
177, 148
177, 147
177, 146
177, 145
177, 144
178, 143
178, 142
178, 141
179, 140
179, 139
179, 138
180, 137
181, 136
181, 135
182, 134
183, 134
184, 133
185, 133
186, 133
187, 133
188, 134
188, 135
189, 136
189, 137
189, 138
190, 139
190, 140
190, 141
190, 142
191, 143
192, 143
193, 143
194, 144
195, 144
196, 145
197, 146
198, 147
199, 148
199, 149
200, 150
200, 151
200, 152
201, 153
201, 154
201, 155
201, 156
201, 157
201, 158
201, 159
200, 160
200, 161
200, 162
200, 163
201, 164
201, 165
202, 166
202, 167
203, 168
203, 169
203, 170
204, 171
204, 172
204, 173
205, 174
205, 175
206, 176
206, 177
206, 178
207, 179
208, 180
208, 181
208, 182
209, 183
209, 184
210, 185
210, 186
210, 187
210, 188
211, 189
211, 190
211, 191
212, 192
212, 193
212, 194
213, 195
213, 196
213, 197
214, 198
214, 199
214, 200
214, 201
215, 202
215, 203
215, 204
216, 205
216, 206
216, 207
216, 208
217, 209
217, 210
217, 211
218, 212
218, 213
218, 214
218, 215
218, 216
219, 217
219, 218
219, 219
220, 220
220, 221
220, 222
220, 223
221, 224
221, 225
221, 226
221, 227
222, 228
222, 229
222, 230
222, 231
222, 232
223, 233
223, 234
223, 235
223, 236
223, 237
224, 238
224, 239
224, 240
224, 241
224, 242
224, 243
225, 244
225, 245
225, 246
225, 247
225, 248
226, 249
226, 250
226, 251
226, 252
226, 253
226, 254
226, 255
226, 256
227, 257
227, 258
227, 259
227, 260
228, 261
228, 262
228, 263
228, 264
228, 265
228, 266
228, 267
228, 268
228, 269
229, 270
229, 271
229, 272
229, 273
230, 274
231, 275
231, 276
232, 277
233, 278
233, 279
233, 280
233, 281
233, 282
234, 283
234, 284
234, 285
234, 286
234, 287
235, 288
235, 289
235, 290
235, 291
235, 292
235, 293
235, 294
235, 295
236, 296
236, 297
236, 298
237, 299
237, 300
237, 301
237, 302
237, 303
237, 304
237, 305
237, 306
237, 307
237, 308
237, 309
237, 310
237, 311
237, 312
237, 313
238, 314
238, 315
238, 316
238, 317
238, 318
238, 319
238, 320
238, 321
238, 322
238, 323
238, 324
238, 325
239, 326
239, 327
239, 328
239, 329
239, 330
239, 331
239, 332
239, 333
239, 334
239, 335
239, 336
239, 337
239, 338
239, 339
239, 340
239, 341
239, 342
240, 343
240, 344
240, 345
240, 346
240, 347
240, 348
240, 349
240, 350
240, 351
240, 352
240, 353
240, 354
240, 355
240, 356
240, 357
240, 358
240, 359
241, 360
241, 361
241, 362
240, 363
240, 364
240, 365
240, 366
240, 367
240, 368
240, 369
240, 370
240, 371
241, 372
240, 373
240, 374
240, 375
240, 376
240, 377
240, 378
240, 379
241, 380
240, 381
240, 382
240, 383
240, 384
240, 385
240, 386
240, 387
240, 388
240, 389
240, 390
240, 391
240, 392
240, 393
240, 394
240, 395
241, 396
241, 397
242, 398
243, 399
243, 400
243, 401
244, 402
244, 403
244, 404
245, 405
246, 405
246, 406
246, 407
247, 408
248, 409
249, 409
249, 410
250, 411
251, 412
252, 413
253, 413
253, 414
254, 415
255, 415
256, 416
257, 416
258, 417
259, 417
260, 418
261, 419
262, 419
263, 420
264, 420
265, 421
266, 421
267, 422
268, 422
269, 422
270, 423
271, 423
272, 424
273, 424
274, 425
275, 425
276, 425
277, 425
278, 426
279, 426
280, 426
281, 426
282, 426
283, 427
284, 427
285, 427
286, 428
287, 428
288, 428
289, 429
290, 429
291, 429
292, 429
293, 430
294, 430
295, 430
296, 430
297, 431
298, 432
299, 432
300, 433
301, 433
302, 434
303, 434
304, 435
305, 435
306, 436
307, 437
308, 438
309, 438
310, 439
311, 440
312, 440
312, 441
313, 442
314, 442
314, 443
314, 444
315, 445
316, 446
317, 447
318, 448
319, 449
319, 450
320, 451
321, 452
322, 453
323, 454
324, 455
324, 456
324, 457
325, 458
326, 459
326, 460
327, 461
328, 462
328, 463
328, 464
329, 465
330, 466
330, 467
331, 468
331, 469
331, 470
332, 471
332, 472
333, 473
333, 474
334, 475
334, 476
334, 477
334, 478
335, 479
335, 480
335, 481
335, 482
336, 483
336, 484
336, 485
337, 486
337, 487
337, 488
337, 489
337, 490
337, 491
338, 492
338, 493
338, 494
338, 495
338, 496
338, 497
338, 498
338, 499
338, 500
338, 501
338, 502
338, 503
338, 504
338, 505
338, 506
338, 507
338, 508
338, 509
338, 510
338, 511
338, 512
338, 513
338, 514
338, 515
338, 516
337, 517
337, 518
337, 519
337, 520
336, 521
336, 522
336, 523
336, 524
336, 525
335, 526
335, 527
335, 528
335, 529
334, 530
334, 531
334, 532
333, 533
332, 534
332, 535
332, 536
331, 537
331, 538
330, 539
330, 540
330, 541
329, 542
329, 543
328, 544
327, 545
326, 546
326, 547
325, 548
324, 549
323, 550
323, 551
322, 552
321, 553
321, 554
320, 554
319, 555
318, 556
317, 557
316, 558
315, 559
315, 560
315, 561
314, 561
313, 562
312, 563
311, 564
311, 565
310, 565
309, 566
308, 567
307, 568
306, 568
305, 569
304, 569
303, 570
302, 570
301, 571
300, 572
299, 572
298, 572
297, 573
296, 573
295, 573
294, 574
293, 574
292, 574
291, 574
290, 574
289, 574
288, 574
287, 574
286, 574
285, 574
284, 574
283, 574
282, 574
281, 574
280, 574
279, 574
278, 574
277, 574
276, 574
275, 573
274, 573
273, 573
272, 572
271, 572
270, 571
269, 571
268, 571
267, 570
266, 569
265, 569
264, 568
263, 567
262, 567
261, 566
260, 566
259, 565
259, 564
259, 563
258, 562
257, 562
256, 561
255, 560
254, 559
253, 559
253, 558
252, 557
251, 556
250, 555
250, 554
250, 553
249, 552
248, 551
247, 550
247, 549
246, 548
246, 547
245, 546
244, 545
244, 544
243, 543
243, 542
243, 541
242, 540
242, 539
241, 538
241, 537
241, 536
240, 535
240, 534
240, 533
239, 532
239, 531
239, 530
238, 529
238, 528
238, 527
237, 526
237, 525
237, 524
237, 523
236, 522
236, 521
235, 520
235, 519
235, 518
235, 517
234, 516
234, 515
233, 514
233, 513
233, 512
233, 511
232, 510
231, 509
230, 509
229, 509
228, 509
227, 509
226, 510
226, 511
226, 512
227, 513
227, 514
226, 515
226, 516
226, 517
225, 518
225, 519
225, 520
225, 521
225, 522
225, 523
224, 524
223, 525
223, 526
223, 527
223, 528
222, 528
221, 528
220, 528
219, 527
218, 527
217, 527
216, 527
215, 526
215, 525
215, 524
214, 523
213, 523
213, 522
212, 521
212, 520
212, 519
211, 518
210, 517
210, 516
209, 515
209, 514
209, 513
208, 512
208, 511
208, 510
207, 509
206, 509
205, 509
204, 510
204, 511
204, 512
204, 513
204, 514
204, 515
203, 516
203, 517
203, 518
203, 519
202, 520
202, 521
202, 522
202, 523
202, 524
202, 525
202, 526
202, 527
202, 528
201, 529
201, 530
201, 531
201, 532
201, 533
200, 534
200, 535
200, 536
200, 537
200, 538
199, 539
199, 540
198, 541
198, 542
198, 543
198, 544
197, 545
196, 546
196, 547
195, 548
195, 549
194, 550
193, 551
192, 552
192, 553
191, 554
190, 555
189, 556
188, 557
187, 558
187, 559
186, 559
185, 560
185, 561
184, 562
183, 563
183, 564
182, 565
181, 565
180, 566
179, 567
178, 567
177, 568
177, 569
176, 569
175, 570
174, 571
173, 571
172, 572
171, 572
170, 572
169, 572
168, 573
167, 573
166, 573
165, 573
164, 574
163, 574
162, 574
161, 574
160, 574
159, 574
158, 575
157, 575
156, 574
155, 574
154, 574
153, 574
152, 574
151, 574
150, 573
149, 573
148, 573
147, 573
146, 572
145, 572
144, 572
143, 572
142, 571
141, 571
140, 570
139, 570
138, 569
137, 569
136, 569
135, 568
134, 567
133, 567
133, 566
132, 565
131, 565
130, 564
129, 564
128, 563
128, 562
127, 561
126, 560
125, 559
124, 558
123, 557
122, 556
121, 555
120, 554
120, 553
119, 552
118, 551
117, 550
116, 549
116, 548
115, 547
114, 546
114, 545
113, 544
112, 543
112, 542
111, 541
111, 540
110, 539
109, 538
109, 537
108, 536
108, 535
107, 534
107, 533
107, 532
106, 531
105, 530
105, 529
104, 528
104, 527
103, 526
103, 525
103, 524
103, 523
102, 522
102, 521
101, 520
101, 519
101, 518
100, 517
100, 516
100, 515
99, 514
99, 513
99, 512
99, 511
99, 510
99, 509
98, 508
98, 507
98, 506
98, 505
98, 504
97, 503
97, 502
97, 501
97, 500
97, 499
97, 498
97, 497
97, 496
97, 495
97, 494
97, 493
97, 492
97, 491
97, 490
97, 489
97, 488
97, 487
97, 486
97, 485
