64, 543
64, 542
64, 541
64, 540
64, 539
64, 538
64, 537
65, 536
65, 535
65, 534
65, 533
65, 532
66, 531
66, 530
66, 529
66, 528
66, 527
66, 526
66, 525
67, 524
67, 523
67, 522
68, 521
68, 520
68, 519
68, 518
68, 517
69, 517
70, 516
70, 515
70, 514
70, 513
70, 512
70, 511
71, 510
72, 509
72, 508
72, 507
72, 506
72, 505
72, 504
73, 503
74, 502
74, 501
74, 500
75, 500
76, 499
77, 498
77, 497
77, 496
78, 495
78, 494
79, 493
79, 492
79, 491
80, 490
80, 489
81, 488
81, 487
82, 486
82, 485
82, 484
83, 483
84, 482
84, 481
85, 480
86, 479
86, 478
86, 477
87, 476
87, 475
88, 474
89, 473
89, 472
90, 471
90, 470
91, 469
91, 468
92, 467
93, 466
94, 465
95, 464
96, 463
96, 462
97, 461
98, 460
99, 459
99, 458
100, 457
101, 456
102, 455
103, 454
104, 453
105, 452
106, 451
107, 450
108, 449
108, 448
109, 448
110, 447
110, 446
111, 445
112, 445
113, 444
114, 443
115, 442
116, 441
117, 440
118, 439
119, 439
120, 438
121, 437
122, 436
123, 435
124, 435
125, 434
126, 433
127, 432
128, 431
129, 431
130, 430
131, 429
132, 429
133, 428
134, 427
135, 427
136, 426
137, 425
138, 425
139, 424
140, 423
141, 423
142, 422
143, 422
144, 421
145, 421
146, 420
147, 419
147, 418
147, 417
147, 416
147, 415
147, 414
147, 413
147, 412
147, 411
147, 410
147, 409
146, 408
146, 407
146, 406
146, 405
146, 404
146, 403
146, 402
146, 401
146, 400
146, 399
146, 398
146, 397
145, 396
145, 395
145, 394
145, 393
145, 392
145, 391
145, 390
145, 389
144, 388
144, 387
144, 386
144, 385
144, 384
144, 383
144, 382
144, 381
144, 380
144, 379
144, 378
143, 377
143, 376
143, 375
144, 374
144, 373
144, 372
144, 371
144, 370
144, 369
144, 368
144, 367
144, 366
144, 365
144, 364
144, 363
143, 362
143, 361
143, 360
143, 359
143, 358
143, 357
143, 356
143, 355
142, 354
142, 353
142, 352
143, 351
143, 350
143, 349
143, 348
144, 347
144, 346
144, 345
143, 344
142, 343
142, 342
143, 341
143, 340
143, 339
143, 338
143, 337
143, 336
144, 335
144, 334
145, 333
145, 332
145, 331
145, 330
146, 329
146, 328
146, 327
146, 326
147, 325
147, 324
147, 323
147, 322
148, 321
148, 320
148, 319
148, 318
148, 317
148, 316
148, 315
148, 314
148, 313
149, 312
149, 311
149, 310
148, 309
148, 308
148, 307
148, 306
148, 305
148, 304
148, 303
148, 302
148, 301
148, 300
148, 299
148, 298
148, 297
148, 296
148, 295
148, 294
148, 293
148, 292
148, 291
148, 290
148, 289
149, 288
149, 287
149, 286
149, 285
148, 284
148, 283
148, 282
147, 281
148, 280
148, 279
148, 278
148, 277
149, 276
149, 275
149, 274
149, 273
150, 272
150, 271
150, 270
150, 269
150, 268
150, 267
150, 266
149, 265
148, 265
148, 264
147, 263
146, 263
147, 263
148, 262
149, 261
149, 260
150, 259
150, 258
150, 257
150, 256
150, 255
150, 254
150, 253
150, 252
150, 251
150, 250
150, 249
150, 248
150, 247
151, 246
151, 245
151, 244
151, 243
151, 242
150, 241
150, 240
151, 239
151, 238
151, 237
152, 236
152, 235
152, 234
152, 233
152, 232
152, 231
152, 230
152, 229
152, 228
152, 227
152, 226
152, 225
152, 224
152, 223
152, 222
153, 221
153, 220
153, 219
154, 218
154, 217
154, 216
154, 215
154, 214
154, 213
154, 212
154, 211
154, 210
154, 209
154, 208
154, 207
154, 206
155, 205
155, 204
155, 203
155, 202
155, 201
155, 200
156, 199
156, 198
156, 197
156, 196
156, 195
157, 194
157, 193
158, 192
158, 191
158, 190
158, 189
159, 188
159, 187
159, 186
159, 185
159, 184
160, 183
160, 182
160, 181
160, 180
160, 179
160, 178
161, 177
161, 176
161, 175
161, 174
161, 173
162, 172
162, 171
162, 170
162, 169
162, 168
163, 167
163, 166
163, 165
163, 164
164, 163
164, 162
165, 161
166, 160
167, 159
168, 158
169, 158
170, 157
171, 157
172, 156
173, 156
174, 157
175, 158
176, 159
176, 160
176, 161
177, 162
177, 163
177, 164
177, 165
178, 166
179, 166
180, 167
181, 167
182, 168
183, 168
184, 169
185, 169
186, 170
186, 171
187, 172
187, 173
187, 174
187, 175
187, 176
186, 177
186, 178
185, 179
185, 180
185, 181
185, 182
185, 183
184, 184
184, 185
184, 186
184, 187
184, 188
185, 189
185, 190
185, 191
186, 192
187, 193
187, 194
187, 195
187, 196
187, 197
188, 198
188, 199
189, 200
189, 201
189, 202
189, 203
190, 204
191, 205
191, 206
191, 207
192, 208
192, 209
192, 210
193, 211
193, 212
193, 213
194, 214
194, 215
194, 216
194, 217
194, 218
195, 219
195, 220
195, 221
195, 222
195, 223
196, 224
196, 225
196, 226
196, 227
197, 228
197, 229
197, 230
197, 231
197, 232
197, 233
198, 234
198, 235
198, 236
198, 237
198, 238
199, 239
199, 240
199, 241
199, 242
199, 243
199, 244
200, 245
200, 246
200, 247
200, 248
200, 249
200, 250
201, 251
201, 252
201, 253
201, 254
201, 255
201, 256
201, 257
202, 258
202, 259
202, 260
202, 261
202, 262
202, 263
203, 264
203, 265
203, 266
203, 267
203, 268
203, 269
203, 270
203, 271
203, 272
204, 273
204, 274
204, 275
204, 276
204, 277
204, 278
204, 279
204, 280
204, 281
205, 282
205, 283
205, 284
205, 285
205, 286
205, 287
205, 288
205, 289
205, 290
205, 291
205, 292
206, 293
206, 294
206, 295
206, 296
206, 297
206, 298
206, 299
206, 300
206, 301
206, 302
206, 303
207, 304
207, 305
207, 306
207, 307
207, 308
207, 309
207, 310
207, 311
207, 312
208, 313
208, 314
209, 315
210, 316
211, 316
211, 317
212, 318
213, 319
213, 320
214, 321
214, 322
214, 323
214, 324
214, 325
215, 326
215, 327
215, 328
215, 329
215, 330
215, 331
215, 332
215, 333
215, 334
215, 335
215, 336
215, 337
216, 338
216, 339
216, 340
216, 341
216, 342
216, 343
216, 344
216, 345
216, 346
216, 347
216, 348
216, 349
216, 350
216, 351
216, 352
216, 353
216, 354
216, 355
216, 356
216, 357
216, 358
216, 359
216, 360
216, 361
217, 362
217, 363
217, 364
217, 365
217, 366
217, 367
217, 368
217, 369
217, 370
217, 371
217, 372
217, 373
217, 374
217, 375
217, 376
217, 377
217, 378
217, 379
217, 380
217, 381
217, 382
217, 383
217, 384
217, 385
217, 386
217, 387
217, 388
217, 389
217, 390
217, 391
217, 392
216, 393
216, 394
216, 395
216, 396
216, 397
216, 398
216, 399
216, 400
216, 401
216, 402
216, 403
216, 404
216, 405
216, 406
216, 407
215, 408
215, 409
215, 410
215, 411
215, 412
215, 413
215, 414
215, 415
215, 416
215, 417
216, 418
217, 419
217, 420
218, 421
219, 422
220, 422
221, 423
222, 424
223, 424
224, 425
224, 426
225, 427
226, 427
227, 428
228, 429
229, 430
230, 430
231, 431
232, 432
233, 433
234, 434
235, 434
236, 435
236, 436
237, 437
238, 438
239, 438
240, 439
241, 440
242, 441
243, 442
244, 443
245, 443
246, 444
247, 445
248, 446
249, 447
249, 448
250, 449
251, 449
252, 450
253, 451
254, 452
255, 453
256, 454
257, 455
258, 456
259, 457
260, 458
261, 459
261, 460
262, 461
263, 462
264, 463
265, 464
266, 465
267, 466
267, 467
268, 468
269, 469
270, 470
271, 471
271, 472
272, 473
273, 474
274, 475
275, 476
275, 477
276, 478
277, 479
277, 480
278, 481
279, 482
279, 483
280, 484
281, 485
281, 486
282, 487
283, 488
284, 489
284, 490
285, 491
285, 492
286, 493
287, 494
287, 495
288, 496
288, 497
289, 498
289, 499
290, 500
291, 501
291, 502
291, 503
292, 504
293, 505
293, 506
293, 507
294, 508
294, 509
295, 510
295, 511
296, 512
296, 513
297, 514
297, 515
298, 516
298, 517
298, 518
299, 519
299, 520
300, 521
300, 522
300, 523
301, 524
301, 525
302, 526
302, 527
302, 528
303, 529
303, 530
303, 531
304, 532
304, 533
305, 534
305, 535
305, 536
305, 537
305, 538
305, 539
306, 540
306, 541
306, 542
307, 543
307, 544
307, 545
307, 546
308, 547
308, 548
308, 549
308, 550
309, 551
309, 552
309, 553
309, 554
309, 555
310, 556
310, 557
310, 558
310, 559
310, 560
310, 561
310, 562
310, 563
310, 564
310, 565
310, 566
309, 567
309, 568
308, 569
307, 570
307, 571
307, 572
306, 573
305, 574
304, 575
303, 576
302, 577
301, 578
300, 579
299, 579
298, 580
297, 581
296, 581
295, 582
294, 583
294, 584
294, 585
293, 585
292, 586
292, 587
291, 588
291, 589
290, 590
289, 590
288, 591
287, 592
286, 592
285, 593
284, 593
283, 593
282, 594
281, 594
280, 594
279, 595
278, 595
277, 595
276, 595
275, 596
275, 597
274, 598
273, 598
272, 598
271, 598
270, 599
269, 599
268, 600
267, 600
266, 600
265, 600
264, 601
263, 601
262, 601
261, 602
260, 602
259, 603
258, 603
257, 603
256, 604
255, 604
254, 604
253, 604
252, 605
251, 605
250, 605
249, 605
248, 606
247, 606
246, 606
245, 606
244, 607
243, 607
242, 607
241, 607
240, 608
239, 608
238, 608
237, 608
236, 608
235, 608
234, 608
233, 609
232, 609
231, 609
230, 609
229, 609
228, 609
227, 609
226, 609
225, 609
224, 609
223, 609
222, 609
221, 609
220, 609
219, 608
218, 608
217, 608
216, 608
215, 607
214, 607
213, 606
212, 606
211, 605
210, 604
209, 603
208, 602
208, 601
208, 600
207, 599
207, 598
206, 597
205, 596
204, 595
203, 594
203, 593
202, 592
202, 591
201, 590
200, 589
199, 589
198, 589
197, 589
196, 589
195, 590
195, 591
195, 592
196, 593
196, 594
196, 595
197, 596
197, 597
196, 597
195, 597
194, 598
193, 598
192, 598
191, 597
190, 597
189, 597
188, 596
187, 596
186, 596
185, 595
184, 594
183, 594
183, 593
182, 592
182, 591
182, 590
181, 589
181, 588
180, 587
180, 586
180, 585
180, 584
180, 583
180, 582
181, 581
181, 580
181, 579
180, 578
179, 578
178, 578
177, 578
176, 578
175, 579
175, 580
175, 581
175, 582
174, 583
173, 584
173, 585
172, 586
171, 587
170, 588
169, 589
169, 590
168, 590
167, 591
166, 592
165, 593
164, 594
163, 595
162, 596
161, 596
160, 597
160, 598
159, 599
159, 600
158, 600
157, 601
156, 601
155, 602
154, 602
153, 602
152, 602
151, 602
150, 602
149, 602
148, 602
147, 602
146, 602
145, 602
144, 602
143, 602
142, 602
141, 601
140, 601
139, 601
138, 601
137, 600
136, 600
135, 599
134, 599
133, 599
132, 598
131, 598
130, 598
129, 598
128, 597
127, 597
126, 596
125, 596
124, 595
123, 595
122, 595
121, 594
120, 594
119, 593
118, 593
117, 593
116, 592
115, 592
114, 592
113, 592
112, 591
111, 590
110, 589
109, 589
108, 588
107, 588
106, 587
105, 587
104, 586
103, 586
102, 586
101, 586
100, 585
99, 584
98, 583
97, 583
96, 582
95, 582
95, 581
94, 580
93, 579
92, 579
91, 579
90, 579
89, 578
88, 578
88, 577
87, 576
86, 576
86, 575
85, 574
84, 574
84, 573
83, 572
82, 572
81, 572
80, 572
79, 571
78, 571
78, 570
78, 569
78, 568
78, 567
77, 566
76, 565
75, 564
74, 563
73, 562
72, 561
71, 560
70, 559
69, 558
68, 557
68, 556
67, 555
66, 554
66, 553
65, 552
64, 551
64, 550
64, 549
64, 548
64, 547
64, 546
64, 545
63, 544
