78, 504
78, 503
78, 502
78, 501
79, 500
79, 499
79, 498
80, 497
80, 496
81, 495
81, 494
82, 493
82, 492
83, 491
83, 490
84, 490
85, 489
85, 488
85, 487
86, 486
87, 485
87, 484
88, 483
89, 482
90, 481
91, 480
92, 479
93, 478
94, 478
95, 477
96, 476
97, 476
98, 475
99, 475
100, 474
101, 474
102, 474
103, 474
104, 473
104, 472
105, 473
106, 473
107, 473
108, 472
109, 472
110, 472
111, 471
111, 470
111, 469
112, 469
113, 469
114, 468
114, 469
115, 470
116, 470
117, 470
118, 470
119, 469
120, 469
121, 469
122, 468
123, 468
124, 468
125, 468
126, 467
127, 467
128, 467
129, 466
130, 465
131, 464
132, 463
133, 462
134, 461
135, 460
136, 459
137, 458
138, 457
139, 456
139, 455
140, 454
141, 453
141, 452
142, 451
142, 450
143, 449
143, 448
143, 447
144, 446
144, 445
144, 444
145, 443
145, 442
145, 441
145, 440
145, 439
145, 438
145, 437
145, 436
145, 435
145, 434
145, 433
145, 432
145, 431
146, 430
146, 429
146, 428
146, 427
146, 426
146, 425
146, 424
146, 423
147, 422
147, 421
147, 420
147, 419
147, 418
147, 417
147, 416
147, 415
147, 414
147, 413
147, 412
147, 411
147, 410
147, 409
148, 408
148, 407
148, 406
148, 405
148, 404
148, 403
149, 402
149, 401
149, 400
149, 399
149, 398
149, 397
149, 396
149, 395
149, 394
149, 393
149, 392
149, 391
149, 390
149, 389
149, 388
150, 387
150, 386
150, 385
150, 384
150, 383
150, 382
150, 381
150, 380
151, 379
151, 378
151, 377
151, 376
151, 375
151, 374
151, 373
151, 372
151, 371
151, 370
151, 369
152, 368
152, 367
152, 366
152, 365
152, 364
152, 363
152, 362
153, 362
154, 362
155, 361
155, 360
155, 359
155, 358
155, 357
154, 356
153, 355
153, 354
152, 353
152, 352
152, 351
152, 350
152, 349
152, 348
153, 347
153, 346
153, 345
153, 344
153, 343
154, 342
154, 341
154, 340
154, 339
154, 338
155, 337
155, 336
155, 335
155, 334
155, 333
155, 332
155, 331
155, 330
155, 329
156, 328
156, 327
156, 326
157, 325
158, 325
159, 324
159, 323
160, 323
161, 322
161, 321
162, 320
162, 319
163, 318
163, 317
163, 316
163, 315
163, 314
164, 313
164, 312
164, 311
165, 310
165, 309
165, 308
165, 307
165, 306
165, 305
166, 304
166, 303
167, 302
167, 301
167, 300
167, 299
167, 298
166, 297
166, 296
166, 295
166, 294
167, 293
167, 292
167, 291
167, 290
167, 289
167, 288
168, 287
168, 286
168, 285
168, 284
168, 283
169, 282
169, 281
169, 280
169, 279
169, 278
170, 277
170, 276
170, 275
170, 274
170, 273
171, 272
172, 271
173, 271
173, 272
173, 273
173, 274
173, 275
173, 276
174, 277
174, 278
174, 279
174, 280
173, 281
173, 282
173, 283
173, 284
173, 285
173, 286
173, 287
173, 288
172, 289
172, 290
172, 291
172, 292
172, 293
172, 294
172, 295
172, 296
173, 297
174, 297
174, 298
173, 299
173, 300
173, 301
174, 302
174, 303
174, 304
173, 305
173, 306
173, 307
173, 308
173, 309
173, 310
173, 311
173, 312
173, 313
173, 314
173, 315
173, 316
173, 317
173, 318
173, 319
173, 320
173, 321
172, 322
172, 323
172, 324
173, 325
174, 325
174, 326
174, 327
174, 328
174, 329
174, 330
174, 331
174, 332
174, 333
174, 334
173, 335
173, 336
173, 337
172, 338
172, 339
171, 340
171, 341
171, 342
171, 343
171, 344
170, 345
170, 346
170, 347
170, 348
170, 349
170, 350
170, 351
170, 352
169, 353
169, 354
169, 355
169, 356
168, 357
168, 358
168, 359
168, 360
168, 361
167, 362
167, 363
167, 364
167, 365
167, 366
166, 367
166, 368
166, 369
166, 370
166, 371
166, 372
166, 373
166, 374
165, 375
165, 376
165, 377
164, 378
164, 379
164, 380
164, 381
164, 382
164, 383
164, 384
163, 385
163, 386
163, 387
163, 388
163, 389
162, 390
162, 391
162, 392
162, 393
162, 394
162, 395
162, 396
161, 397
161, 398
161, 399
161, 400
161, 401
161, 402
161, 403
160, 404
160, 405
160, 406
160, 407
160, 408
160, 409
160, 410
160, 411
159, 412
159, 413
159, 414
159, 415
159, 416
158, 417
158, 418
158, 419
158, 420
158, 421
158, 422
158, 423
157, 424
157, 425
157, 426
157, 427
157, 428
156, 429
156, 430
156, 431
156, 432
156, 433
156, 434
156, 435
156, 436
156, 437
156, 438
156, 439
156, 440
156, 441
156, 442
156, 443
156, 444
157, 445
157, 446
158, 447
158, 448
158, 449
159, 450
160, 451
160, 452
161, 453
162, 454
163, 455
164, 456
164, 457
165, 458
166, 458
167, 459
168, 459
169, 460
170, 461
171, 462
172, 462
173, 462
174, 463
175, 463
176, 463
177, 464
178, 465
179, 465
180, 466
181, 466
182, 466
183, 466
184, 467
185, 467
186, 468
187, 468
188, 468
189, 469
190, 470
191, 470
192, 471
193, 472
194, 472
195, 473
196, 473
197, 474
198, 475
199, 476
199, 477
200, 478
201, 479
202, 480
202, 481
203, 482
204, 483
204, 484
205, 485
205, 486
206, 487
206, 488
206, 489
207, 490
207, 491
207, 492
208, 493
208, 494
208, 495
208, 496
208, 497
208, 498
208, 499
207, 500
207, 501
207, 502
207, 503
208, 504
208, 505
208, 506
208, 507
207, 508
207, 509
206, 510
206, 511
206, 512
206, 513
205, 514
204, 515
204, 516
203, 517
202, 518
202, 519
201, 520
200, 521
199, 522
199, 523
198, 524
197, 525
196, 526
196, 527
195, 528
194, 529
193, 530
192, 530
191, 531
190, 532
189, 532
188, 533
187, 534
186, 534
185, 534
184, 535
183, 535
182, 535
181, 535
180, 535
179, 535
178, 535
177, 535
176, 536
175, 536
174, 537
173, 537
172, 537
171, 537
170, 537
169, 537
168, 537
167, 537
166, 537
165, 537
164, 537
163, 537
162, 537
161, 537
160, 537
159, 536
158, 536
157, 536
156, 535
155, 535
154, 534
153, 534
152, 533
151, 533
150, 532
149, 532
148, 531
147, 530
146, 529
145, 529
144, 529
143, 530
142, 531
142, 532
141, 533
140, 534
139, 535
138, 534
137, 534
136, 534
135, 535
135, 536
135, 537
136, 538
137, 538
138, 538
137, 538
136, 538
135, 538
134, 539
134, 540
133, 540
132, 541
131, 541
130, 542
129, 542
128, 542
127, 542
126, 542
125, 542
124, 542
123, 543
122, 544
122, 545
121, 545
120, 545
119, 546
119, 547
119, 548
118, 548
117, 549
116, 549
115, 549
114, 549
113, 549
112, 549
111, 549
110, 549
109, 549
108, 548
107, 548
106, 548
105, 548
105, 547
104, 546
103, 545
102, 544
101, 544
100, 543
99, 542
98, 542
97, 542
96, 541
95, 541
94, 540
93, 540
92, 539
91, 539
90, 538
89, 537
88, 536
87, 535
86, 534
86, 533
85, 532
85, 531
84, 530
83, 530
83, 529
83, 528
82, 527
81, 526
81, 525
81, 524
80, 523
79, 522
79, 521
79, 520
79, 519
79, 518
78, 517
78, 516
78, 515
77, 514
77, 513
77, 512
77, 511
77, 510
77, 509
77, 508
77, 507
77, 506
77, 505
