181, 334
181, 333
181, 332
181, 331
181, 330
181, 329
181, 328
181, 327
181, 326
182, 325
182, 324
182, 323
182, 322
182, 321
182, 320
182, 319
182, 318
183, 317
183, 316
183, 315
183, 314
183, 313
183, 312
183, 311
183, 310
183, 309
183, 308
184, 307
184, 306
184, 305
185, 304
185, 303
185, 302
185, 301
185, 300
185, 299
186, 298
186, 297
186, 296
186, 295
186, 294
186, 293
187, 292
187, 291
187, 290
187, 289
187, 288
187, 287
187, 286
188, 285
188, 284
188, 283
188, 282
188, 281
189, 280
189, 279
189, 278
190, 277
190, 276
190, 275
190, 274
191, 273
191, 272
191, 271
191, 270
192, 269
192, 268
192, 267
192, 266
192, 265
193, 264
193, 263
193, 262
193, 261
194, 260
194, 259
194, 258
195, 257
195, 256
196, 255
196, 254
196, 253
197, 252
197, 251
198, 250
198, 249
198, 248
199, 247
199, 246
199, 245
200, 244
201, 243
201, 242
202, 241
203, 240
203, 239
203, 238
204, 237
204, 236
205, 235
205, 234
206, 233
206, 232
207, 231
207, 230
208, 229
208, 228
209, 227
210, 226
210, 225
211, 224
212, 223
212, 222
213, 221
213, 220
214, 219
215, 218
215, 217
216, 216
217, 216
218, 215
218, 214
219, 213
219, 212
220, 211
221, 210
221, 209
221, 208
222, 208
223, 207
224, 206
225, 205
226, 204
227, 203
228, 203
229, 202
230, 201
231, 200
231, 199
232, 199
233, 198
233, 197
234, 196
235, 195
236, 195
237, 194
238, 193
239, 192
239, 191
240, 191
241, 190
242, 189
243, 188
244, 187
245, 186
246, 186
247, 185
248, 184
249, 184
250, 183
250, 182
251, 182
252, 182
253, 181
253, 180
254, 180
255, 180
256, 180
257, 179
258, 179
259, 178
260, 177
261, 177
262, 176
263, 175
263, 174
264, 174
265, 174
266, 174
267, 173
268, 173
269, 173
270, 172
271, 172
272, 172
273, 171
274, 171
275, 170
276, 170
277, 169
278, 169
279, 169
280, 169
281, 168
282, 168
283, 167
283, 166
284, 166
285, 166
286, 166
287, 166
288, 166
289, 165
290, 164
291, 165
292, 165
293, 165
294, 165
295, 164
296, 164
297, 164
298, 164
299, 163
300, 163
301, 163
302, 163
303, 163
304, 163
305, 163
306, 163
307, 163
308, 162
309, 162
310, 162
311, 162
312, 162
313, 161
314, 161
315, 161
316, 161
317, 161
318, 161
319, 161
320, 161
321, 161
322, 161
323, 162
324, 162
325, 162
326, 162
327, 162
328, 162
329, 162
330, 162
331, 162
332, 162
333, 162
334, 162
335, 162
336, 162
337, 163
338, 163
339, 163
340, 163
341, 163
342, 163
343, 163
344, 163
345, 163
346, 163
347, 162
348, 162
348, 163
349, 164
350, 164
351, 164
352, 164
353, 165
354, 165
355, 165
356, 165
357, 166
358, 166
359, 166
360, 167
361, 167
362, 167
363, 166
363, 167
364, 168
365, 168
366, 169
367, 169
368, 169
369, 169
370, 168
371, 168
372, 169
373, 170
374, 171
375, 171
376, 171
377, 171
378, 172
379, 173
380, 173
381, 173
382, 173
383, 173
384, 172
385, 173
386, 173
387, 174
388, 174
389, 174
390, 174
390, 175
391, 176
392, 176
393, 176
394, 177
395, 178
396, 178
397, 179
398, 180
399, 181
400, 182
401, 182
402, 183
403, 184
404, 184
405, 184
406, 185
407, 185
407, 186
408, 187
409, 188
410, 189
411, 190
412, 190
412, 191
413, 192
414, 193
415, 194
416, 195
417, 196
417, 197
418, 198
419, 198
420, 199
421, 200
422, 201
422, 202
423, 203
424, 204
425, 205
426, 206
427, 207
428, 208
429, 209
429, 210
430, 211
431, 212
432, 213
433, 214
433, 215
434, 216
434, 217
435, 218
435, 219
436, 220
437, 221
438, 222
438, 223
439, 224
439, 225
440, 226
440, 227
441, 228
441, 229
442, 230
443, 230
443, 231
443, 232
443, 233
444, 234
444, 235
444, 236
445, 237
445, 238
445, 239
445, 240
446, 241
447, 242
448, 243
448, 244
448, 245
448, 246
449, 247
449, 248
449, 249
449, 250
449, 251
449, 252
449, 253
450, 254
450, 255
450, 256
450, 257
451, 258
451, 259
452, 260
452, 261
452, 262
452, 263
452, 264
453, 265
453, 266
453, 267
453, 268
453, 269
454, 270
454, 271
454, 272
454, 273
454, 274
455, 275
455, 276
455, 277
455, 278
455, 279
455, 280
455, 281
455, 282
455, 283
455, 284
456, 285
456, 286
456, 287
456, 288
456, 289
456, 290
456, 291
456, 292
456, 293
456, 294
456, 295
457, 296
457, 297
457, 298
457, 299
456, 300
456, 301
456, 302
457, 303
457, 304
457, 305
457, 306
457, 307
457, 308
457, 309
457, 310
457, 311
457, 312
457, 313
457, 314
457, 315
457, 316
457, 317
457, 318
457, 319
457, 320
457, 321
457, 322
457, 323
457, 324
457, 325
457, 326
457, 327
457, 328
457, 329
457, 330
457, 331
457, 332
457, 333
457, 334
457, 335
457, 336
457, 337
457, 338
457, 339
457, 340
457, 341
457, 342
457, 343
457, 344
457, 345
457, 346
457, 347
457, 348
457, 349
457, 350
457, 351
457, 352
457, 353
457, 354
457, 355
457, 356
457, 357
457, 358
456, 359
456, 360
456, 361
457, 362
457, 363
457, 364
457, 365
457, 366
457, 367
457, 368
457, 369
457, 370
457, 371
457, 372
457, 373
457, 374
457, 375
456, 376
456, 377
456, 378
456, 379
456, 380
457, 381
457, 382
457, 383
457, 384
457, 385
457, 386
456, 387
456, 388
456, 389
456, 390
456, 391
456, 392
456, 393
456, 394
456, 395
456, 396
456, 397
456, 398
456, 399
456, 400
456, 401
456, 402
456, 403
456, 404
456, 405
456, 406
456, 407
456, 408
456, 409
455, 410
455, 411
455, 412
455, 413
455, 414
455, 415
455, 416
455, 417
456, 418
456, 419
455, 420
455, 421
455, 422
455, 423
455, 424
455, 425
455, 426
455, 427
455, 428
455, 429
455, 430
455, 431
455, 432
455, 433
455, 434
455, 435
455, 436
455, 437
455, 438
455, 439
455, 440
455, 441
455, 442
455, 443
455, 444
455, 445
455, 446
455, 447
454, 448
454, 449
454, 450
454, 451
454, 452
454, 453
454, 454
454, 455
454, 456
454, 457
454, 458
454, 459
454, 460
454, 461
454, 462
454, 463
454, 464
454, 465
454, 466
454, 467
454, 468
454, 469
454, 470
453, 471
453, 472
453, 473
453, 474
453, 475
453, 476
453, 477
453, 478
453, 479
453, 480
453, 481
453, 482
453, 483
453, 484
453, 485
453, 486
453, 487
453, 488
453, 489
453, 490
453, 491
453, 492
453, 493
453, 494
453, 495
453, 496
453, 497
453, 498
453, 499
453, 500
453, 501
453, 502
453, 503
453, 504
453, 505
453, 506
453, 507
453, 508
452, 509
452, 510
452, 511
452, 512
452, 513
452, 514
452, 515
452, 516
452, 517
452, 518
452, 519
452, 520
452, 521
452, 522
452, 523
452, 524
452, 525
452, 526
452, 527
452, 528
452, 529
452, 530
452, 531
452, 532
451, 533
451, 534
451, 535
451, 536
451, 537
451, 538
451, 539
451, 540
451, 541
451, 542
451, 543
451, 544
451, 545
451, 546
451, 547
451, 548
451, 549
451, 550
451, 551
451, 552
451, 553
451, 554
450, 555
450, 556
450, 557
451, 558
451, 559
451, 560
450, 561
450, 562
450, 563
450, 564
450, 565
450, 566
450, 567
450, 568
450, 569
450, 570
450, 571
450, 572
450, 573
450, 574
450, 575
450, 576
450, 577
450, 578
450, 579
449, 580
449, 581
449, 582
450, 583
450, 584
450, 585
449, 586
449, 587
449, 588
449, 589
449, 590
449, 591
449, 592
449, 593
449, 594
449, 595
449, 596
449, 597
449, 598
449, 599
449, 600
449, 601
449, 602
449, 603
449, 604
449, 605
449, 606
449, 607
449, 608
448, 609
448, 610
448, 611
448, 612
448, 613
448, 614
448, 615
448, 616
448, 617
448, 618
448, 619
448, 620
448, 621
448, 622
448, 623
448, 624
448, 625
448, 626
448, 627
448, 628
448, 629
448, 630
448, 631
448, 632
447, 633
447, 634
447, 635
447, 636
447, 637
447, 638
447, 639
447, 640
447, 641
447, 642
447, 643
447, 644
447, 645
447, 646
447, 647
447, 648
447, 649
447, 650
447, 651
447, 652
447, 653
447, 654
447, 655
447, 656
447, 657
446, 658
446, 659
446, 660
446, 661
446, 662
446, 663
446, 664
446, 665
446, 666
446, 667
446, 668
446, 669
446, 670
446, 671
446, 672
446, 673
446, 674
446, 675
446, 676
446, 677
446, 678
446, 679
446, 680
446, 681
446, 682
446, 683
445, 684
445, 685
445, 686
445, 687
445, 688
445, 689
445, 690
445, 691
445, 692
445, 693
445, 694
445, 695
445, 696
445, 697
445, 698
445, 699
445, 700
445, 701
445, 702
445, 703
445, 704
445, 705
445, 706
445, 707
445, 708
445, 709
445, 710
444, 711
444, 712
444, 713
445, 714
444, 715
444, 716
444, 717
444, 718
444, 719
444, 720
444, 721
444, 722
444, 723
444, 724
444, 725
444, 726
444, 727
444, 728
443, 729
443, 730
443, 731
443, 732
443, 733
443, 734
443, 735
443, 736
443, 737
443, 738
443, 739
443, 740
443, 741
443, 742
443, 743
443, 744
443, 745
443, 746
443, 747
443, 748
442, 749
442, 750
442, 751
442, 752
442, 753
442, 754
442, 755
442, 756
442, 757
442, 758
442, 759
442, 760
442, 761
442, 762
442, 763
442, 764
442, 765
442, 766
442, 767
442, 768
442, 769
442, 770
442, 771
442, 772
441, 773
441, 774
441, 775
441, 776
441, 777
441, 778
441, 779
441, 780
441, 781
441, 782
441, 783
441, 784
441, 785
441, 786
441, 787
441, 788
441, 789
441, 790
441, 791
440, 792
440, 793
440, 794
440, 795
441, 796
441, 797
441, 798
441, 799
440, 800
440, 801
440, 802
440, 803
440, 804
440, 805
440, 806
440, 807
440, 808
440, 809
440, 810
440, 811
440, 812
440, 813
440, 814
440, 815
440, 816
440, 817
440, 818
440, 819
440, 820
439, 821
439, 822
439, 823
439, 824
439, 825
439, 826
439, 827
439, 828
439, 829
439, 830
439, 831
439, 832
439, 833
439, 834
439, 835
439, 836
439, 837
439, 838
439, 839
439, 840
438, 841
438, 842
438, 843
438, 844
438, 845
438, 846
438, 847
438, 848
438, 849
438, 850
438, 851
438, 852
438, 853
438, 854
438, 855
438, 856
438, 857
438, 858
438, 859
438, 860
438, 861
438, 862
438, 863
438, 864
437, 865
437, 866
437, 867
437, 868
437, 869
437, 870
437, 871
437, 872
437, 873
437, 874
437, 875
437, 876
437, 877
437, 878
437, 879
437, 880
437, 881
437, 882
437, 883
436, 884
436, 885
436, 886
436, 887
436, 888
436, 889
436, 890
436, 891
436, 892
436, 893
436, 894
436, 895
436, 896
435, 897
435, 898
435, 899
435, 900
435, 901
435, 902
435, 903
435, 904
435, 905
435, 906
435, 907
435, 908
435, 909
435, 910
435, 911
435, 912
435, 913
435, 914
435, 915
435, 916
435, 917
435, 918
435, 919
435, 920
435, 921
435, 922
435, 923
435, 924
435, 925
435, 926
435, 927
435, 928
436, 929
436, 930
436, 931
437, 932
438, 932
438, 933
439, 934
439, 935
440, 936
440, 937
441, 938
441, 939
442, 940
442, 941
442, 942
443, 943
444, 944
444, 945
445, 946
446, 947
447, 948
448, 948
449, 949
450, 949
451, 949
452, 948
453, 947
454, 946
455, 945
456, 944
457, 943
458, 943
459, 942
460, 942
461, 941
461, 940
462, 939
462, 938
462, 937
462, 936
462, 935
462, 934
463, 933
463, 932
463, 931
463, 930
463, 929
463, 928
463, 927
463, 926
463, 925
463, 924
463, 923
463, 922
463, 921
463, 920
463, 919
463, 918
463, 917
463, 916
463, 915
463, 914
463, 913
463, 912
464, 911
464, 910
464, 909
464, 908
464, 907
463, 906
463, 905
463, 904
463, 903
464, 902
464, 901
464, 900
463, 899
463, 898
463, 897
463, 896
463, 895
463, 894
463, 893
463, 892
463, 891
463, 890
463, 889
463, 888
463, 887
463, 886
463, 885
463, 884
463, 883
463, 882
463, 881
463, 880
463, 879
463, 878
463, 877
463, 876
463, 875
463, 874
463, 873
463, 872
463, 871
463, 870
463, 869
463, 868
463, 867
463, 866
463, 865
463, 864
463, 863
463, 862
463, 861
463, 860
463, 859
463, 858
463, 857
463, 856
463, 855
463, 854
463, 853
463, 852
463, 851
463, 850
463, 849
463, 848
463, 847
463, 846
463, 845
463, 844
463, 843
463, 842
463, 841
463, 840
463, 839
463, 838
463, 837
463, 836
463, 835
463, 834
463, 833
463, 832
463, 831
463, 830
463, 829
463, 828
463, 827
463, 826
463, 825
463, 824
463, 823
463, 822
463, 821
463, 820
463, 819
463, 818
463, 817
463, 816
463, 815
463, 814
463, 813
463, 812
463, 811
462, 810
462, 809
463, 808
463, 807
463, 806
463, 805
463, 804
463, 803
463, 802
463, 801
463, 800
462, 799
463, 798
463, 797
463, 796
463, 795
463, 794
463, 793
463, 792
462, 791
462, 790
462, 789
462, 788
462, 787
462, 786
462, 785
463, 784
463, 783
463, 782
463, 781
463, 780
462, 779
462, 778
462, 777
462, 776
462, 775
462, 774
462, 773
462, 772
462, 771
463, 770
463, 769
463, 768
463, 767
462, 766
462, 765
462, 764
462, 763
462, 762
462, 761
462, 760
462, 759
462, 758
463, 757
463, 756
463, 755
462, 754
462, 753
462, 752
462, 751
462, 750
462, 749
463, 748
463, 747
463, 746
463, 745
463, 744
463, 743
463, 742
462, 741
462, 740
462, 739
462, 738
462, 737
462, 736
462, 735
462, 734
463, 733
463, 732
463, 731
463, 730
463, 729
463, 728
463, 727
462, 726
463, 725
463, 724
463, 723
463, 722
463, 721
463, 720
463, 719
463, 718
463, 717
462, 716
462, 715
463, 714
463, 713
463, 712
462, 711
463, 710
463, 709
463, 708
462, 707
462, 706
463, 705
463, 704
463, 703
462, 702
463, 701
463, 700
463, 699
463, 698
463, 697
463, 696
463, 695
463, 694
463, 693
463, 692
462, 691
462, 690
463, 689
463, 688
463, 687
463, 686
463, 685
463, 684
463, 683
463, 682
463, 681
463, 680
463, 679
463, 678
463, 677
463, 676
463, 675
463, 674
463, 673
463, 672
463, 671
463, 670
463, 669
463, 668
463, 667
463, 666
463, 665
463, 664
463, 663
463, 662
463, 661
463, 660
463, 659
463, 658
462, 657
462, 656
463, 655
463, 654
463, 653
463, 652
463, 651
463, 650
463, 649
463, 648
463, 647
463, 646
463, 645
463, 644
463, 643
463, 642
463, 641
463, 640
463, 639
463, 638
463, 637
463, 636
463, 635
463, 634
463, 633
463, 632
463, 631
463, 630
463, 629
463, 628
463, 627
463, 626
463, 625
463, 624
463, 623
463, 622
463, 621
463, 620
463, 619
463, 618
463, 617
463, 616
463, 615
463, 614
463, 613
463, 612
463, 611
463, 610
463, 609
463, 608
463, 607
463, 606
463, 605
463, 604
463, 603
463, 602
463, 601
463, 600
463, 599
463, 598
463, 597
463, 596
463, 595
463, 594
463, 593
463, 592
463, 591
463, 590
463, 589
463, 588
463, 587
463, 586
463, 585
463, 584
463, 583
463, 582
463, 581
463, 580
463, 579
463, 578
463, 577
463, 576
463, 575
463, 574
463, 573
463, 572
463, 571
463, 570
463, 569
463, 568
463, 567
463, 566
463, 565
463, 564
463, 563
463, 562
463, 561
463, 560
463, 559
463, 558
463, 557
463, 556
463, 555
463, 554
463, 553
463, 552
463, 551
463, 550
463, 549
463, 548
463, 547
463, 546
463, 545
463, 544
463, 543
463, 542
463, 541
463, 540
463, 539
463, 538
463, 537
463, 536
463, 535
463, 534
463, 533
463, 532
463, 531
463, 530
463, 529
463, 528
463, 527
463, 526
464, 525
464, 524
464, 523
463, 522
463, 521
463, 520
463, 519
464, 518
464, 517
464, 516
464, 515
464, 514
463, 513
463, 512
463, 511
464, 510
464, 509
464, 508
464, 507
464, 506
464, 505
463, 504
463, 503
464, 502
464, 501
464, 500
463, 499
464, 498
464, 497
464, 496
463, 495
464, 494
464, 493
464, 492
464, 491
464, 490
464, 489
464, 488
463, 487
463, 486
463, 485
463, 484
463, 483
463, 482
463, 481
464, 480
464, 479
464, 478
464, 477
464, 476
464, 475
464, 474
464, 473
464, 472
464, 471
464, 470
464, 469
464, 468
464, 467
464, 466
464, 465
464, 464
464, 463
464, 462
464, 461
463, 460
464, 459
464, 458
464, 457
464, 456
464, 455
464, 454
464, 453
464, 452
464, 451
464, 450
464, 449
464, 448
463, 447
463, 446
464, 445
464, 444
464, 443
464, 442
464, 441
464, 440
464, 439
464, 438
464, 437
464, 436
464, 435
464, 434
464, 433
464, 432
464, 431
465, 430
465, 429
465, 428
464, 427
464, 426
464, 425
464, 424
464, 423
464, 422
465, 421
465, 420
465, 419
465, 418
464, 417
464, 416
464, 415
464, 414
464, 413
464, 412
464, 411
464, 410
465, 409
465, 408
465, 407
465, 406
465, 405
464, 404
464, 403
464, 402
464, 401
465, 400
465, 399
465, 398
465, 397
465, 396
464, 395
464, 394
464, 393
464, 392
465, 391
465, 390
465, 389
465, 388
465, 387
465, 386
465, 385
465, 384
465, 383
465, 382
465, 381
465, 380
465, 379
465, 378
465, 377
465, 376
465, 375
465, 374
465, 373
465, 372
465, 371
465, 370
465, 369
465, 368
465, 367
465, 366
465, 365
465, 364
465, 363
465, 362
465, 361
465, 360
465, 359
465, 358
466, 357
466, 356
466, 355
466, 354
466, 353
466, 352
466, 351
466, 350
466, 349
466, 348
466, 347
466, 346
466, 345
466, 344
466, 343
466, 342
466, 341
466, 340
466, 339
466, 338
466, 337
466, 336
466, 335
466, 334
466, 333
466, 332
466, 331
466, 330
466, 329
466, 328
466, 327
466, 326
466, 325
466, 324
466, 323
467, 322
467, 321
467, 320
467, 319
467, 318
467, 317
467, 316
467, 315
467, 314
467, 313
467, 312
467, 311
468, 310
468, 309
468, 308
468, 307
468, 306
468, 305
468, 304
468, 303
468, 302
468, 301
468, 300
468, 299
468, 298
468, 297
469, 296
469, 295
469, 294
469, 293
469, 292
469, 291
469, 290
469, 289
469, 288
470, 287
470, 286
470, 285
470, 284
471, 283
471, 282
471, 281
471, 280
471, 279
471, 278
472, 277
472, 276
472, 275
472, 274
473, 273
473, 272
473, 271
473, 270
474, 269
474, 268
474, 267
475, 266
475, 265
475, 264
475, 263
476, 262
476, 261
476, 260
476, 259
477, 258
477, 257
478, 256
478, 255
478, 254
478, 253
479, 252
479, 251
479, 250
480, 249
480, 248
480, 247
480, 246
481, 245
481, 244
482, 243
483, 242
483, 241
484, 240
484, 239
484, 238
485, 237
486, 236
487, 235
487, 234
487, 233
488, 232
489, 231
489, 230
490, 229
490, 228
491, 227
491, 226
491, 225
492, 225
493, 224
494, 223
494, 222
495, 221
496, 220
497, 219
497, 218
498, 217
499, 216
500, 215
501, 214
501, 213
501, 212
502, 212
503, 211
504, 210
504, 209
505, 208
505, 207
506, 207
507, 206
508, 206
509, 205
510, 204
511, 203
512, 202
513, 201
514, 200
515, 199
516, 198
517, 197
518, 196
518, 195
519, 194
520, 194
521, 193
521, 192
522, 191
523, 191
524, 190
525, 190
526, 189
527, 189
528, 188
529, 188
530, 187
531, 186
532, 186
533, 186
534, 186
535, 185
536, 185
537, 185
538, 184
539, 183
540, 183
541, 183
542, 182
543, 181
544, 180
545, 180
546, 179
547, 178
548, 178
549, 177
550, 177
551, 177
552, 177
553, 176
554, 176
555, 175
556, 175
557, 175
558, 175
559, 174
560, 173
561, 173
562, 173
563, 173
564, 172
565, 172
566, 171
567, 170
568, 170
569, 170
570, 170
571, 169
572, 169
573, 168
574, 168
575, 168
576, 168
577, 168
578, 168
579, 168
580, 168
581, 168
582, 168
583, 167
584, 167
585, 167
586, 167
587, 167
588, 166
589, 166
590, 166
591, 166
592, 166
593, 167
594, 167
595, 167
596, 167
597, 167
598, 167
599, 167
600, 167
601, 167
602, 167
603, 168
604, 168
605, 168
606, 167
607, 168
608, 168
609, 168
610, 168
611, 168
612, 168
613, 169
614, 169
615, 169
616, 169
617, 169
618, 169
619, 169
620, 169
621, 169
622, 169
623, 169
624, 168
625, 169
626, 170
627, 170
628, 170
629, 170
630, 170
631, 170
632, 171
633, 171
634, 171
635, 171
636, 171
637, 170
637, 171
638, 172
639, 173
640, 173
641, 173
642, 173
643, 173
644, 174
645, 174
646, 174
647, 174
648, 175
649, 175
650, 175
651, 175
652, 175
653, 176
654, 176
655, 177
656, 177
657, 177
658, 177
659, 178
660, 178
661, 178
662, 179
663, 179
664, 179
665, 180
666, 180
667, 180
668, 181
669, 182
670, 182
671, 183
671, 184
672, 185
673, 185
674, 186
675, 186
676, 187
677, 187
678, 188
679, 189
680, 189
681, 190
682, 191
683, 192
684, 193
685, 193
686, 194
687, 195
688, 195
689, 196
690, 197
691, 198
692, 199
693, 200
694, 201
695, 202
696, 203
697, 203
697, 204
697, 205
698, 206
699, 207
700, 208
701, 209
702, 209
702, 210
703, 211
703, 212
704, 213
705, 214
706, 214
707, 215
708, 216
709, 217
710, 217
711, 218
711, 219
712, 220
712, 221
713, 222
713, 223
714, 224
715, 225
716, 226
717, 227
717, 228
718, 229
719, 230
719, 231
720, 232
721, 233
722, 234
722, 235
723, 236
723, 237
724, 238
725, 239
725, 240
726, 241
727, 242
727, 243
727, 244
728, 245
728, 246
728, 247
729, 248
730, 249
730, 250
731, 251
731, 252
731, 253
732, 254
732, 255
733, 256
733, 257
733, 258
734, 259
734, 260
735, 261
735, 262
735, 263
735, 264
736, 265
736, 266
737, 267
737, 268
738, 269
738, 270
738, 271
739, 272
739, 273
739, 274
740, 275
740, 276
740, 277
740, 278
741, 279
741, 280
742, 281
742, 282
742, 283
743, 284
743, 285
743, 286
743, 287
744, 288
744, 289
744, 290
745, 291
745, 292
745, 293
745, 294
746, 295
746, 296
746, 297
747, 298
747, 299
747, 300
747, 301
748, 302
748, 303
748, 304
748, 305
748, 306
749, 307
749, 308
749, 309
749, 310
749, 311
750, 312
750, 313
750, 314
750, 315
750, 316
750, 317
751, 318
751, 319
751, 320
751, 321
751, 322
751, 323
751, 324
751, 325
751, 326
752, 327
752, 328
752, 329
753, 330
754, 330
754, 331
754, 332
754, 333
755, 334
755, 335
755, 336
755, 337
755, 338
755, 339
755, 340
755, 341
755, 342
755, 343
755, 344
755, 345
755, 346
755, 347
756, 348
756, 349
756, 350
755, 351
755, 352
755, 353
755, 354
755, 355
754, 356
753, 357
753, 358
752, 359
752, 360
752, 361
752, 362
751, 363
751, 364
751, 365
751, 366
751, 367
751, 368
751, 369
751, 370
751, 371
751, 372
751, 373
751, 374
750, 375
750, 376
750, 377
750, 378
749, 379
749, 380
749, 381
749, 382
749, 383
748, 384
748, 385
747, 386
747, 387
747, 388
747, 389
747, 390
747, 391
747, 392
747, 393
747, 394
746, 395
746, 396
746, 397
746, 398
745, 399
745, 400
744, 401
744, 402
744, 403
743, 404
743, 405
743, 406
742, 407
742, 408
742, 409
741, 410
740, 411
740, 412
740, 413
740, 414
739, 415
739, 416
738, 417
738, 418
738, 419
737, 420
737, 421
736, 422
736, 423
735, 424
735, 425
734, 426
734, 427
733, 428
732, 429
732, 430
731, 431
730, 432
730, 433
730, 434
729, 435
729, 436
729, 437
728, 438
728, 439
727, 440
726, 441
726, 442
725, 443
724, 444
723, 445
723, 446
723, 447
722, 448
721, 449
720, 450
719, 451
718, 452
717, 453
717, 454
716, 455
715, 456
715, 457
714, 458
713, 459
712, 459
711, 460
711, 461
710, 462
709, 462
708, 463
707, 464
706, 465
705, 466
704, 467
703, 468
703, 469
702, 470
701, 471
700, 471
699, 472
698, 473
697, 474
696, 475
695, 476
694, 477
693, 477
692, 478
691, 479
690, 479
689, 480
688, 481
687, 481
686, 482
685, 482
684, 483
683, 484
682, 484
681, 485
680, 486
679, 487
678, 488
677, 488
676, 488
675, 489
674, 490
673, 491
672, 492
671, 492
670, 493
669, 493
668, 494
667, 494
666, 494
665, 494
664, 495
663, 496
662, 496
661, 497
660, 497
659, 497
658, 498
657, 498
656, 499
655, 499
654, 499
653, 500
652, 500
651, 500
650, 501
649, 501
648, 501
647, 501
646, 502
645, 502
644, 502
643, 502
642, 502
641, 502
640, 502
639, 502
638, 503
637, 503
636, 503
635, 503
634, 503
633, 504
632, 504
631, 504
630, 504
629, 504
628, 504
627, 504
626, 504
625, 504
624, 504
623, 504
622, 504
621, 504
620, 504
619, 504
618, 504
617, 504
616, 504
615, 505
614, 505
613, 506
612, 506
611, 507
610, 507
609, 507
608, 507
607, 507
606, 507
605, 507
604, 508
603, 507
602, 507
601, 507
600, 507
599, 507
598, 507
597, 508
596, 508
595, 507
594, 507
593, 507
592, 507
591, 507
590, 507
589, 507
588, 506
587, 506
586, 506
585, 505
584, 505
583, 505
582, 506
581, 506
580, 506
579, 506
578, 506
577, 506
576, 506
575, 506
574, 506
573, 506
572, 506
571, 506
570, 506
569, 506
568, 506
567, 507
567, 508
566, 507
565, 507
564, 507
563, 506
562, 506
561, 506
560, 506
559, 506
558, 506
557, 506
556, 506
555, 506
554, 507
553, 507
552, 507
551, 507
550, 507
549, 508
548, 508
547, 507
546, 507
545, 507
544, 507
543, 507
542, 507
541, 507
540, 507
539, 508
539, 509
539, 510
539, 511
538, 511
537, 511
536, 511
535, 511
534, 511
533, 511
532, 511
531, 511
530, 510
529, 510
528, 510
527, 510
526, 510
525, 510
524, 510
523, 510
522, 510
521, 509
520, 509
519, 509
518, 509
517, 508
516, 507
515, 506
514, 505
513, 505
512, 505
511, 505
510, 506
509, 507
509, 508
508, 509
508, 510
508, 511
508, 512
508, 513
508, 514
508, 515
508, 516
508, 517
508, 518
508, 519
508, 520
508, 521
508, 522
508, 523
508, 524
508, 525
508, 526
507, 527
507, 528
507, 529
507, 530
507, 531
508, 532
508, 533
508, 534
508, 535
508, 536
508, 537
508, 538
508, 539
509, 540
509, 541
509, 542
509, 543
509, 544
508, 545
508, 546
507, 547
506, 548
506, 549
506, 550
506, 551
506, 552
506, 553
506, 554
505, 555
505, 556
505, 557
505, 558
505, 559
505, 560
506, 561
506, 562
506, 563
506, 564
506, 565
506, 566
506, 567
506, 568
506, 569
506, 570
506, 571
506, 572
506, 573
505, 574
505, 575
505, 576
505, 577
505, 578
505, 579
505, 580
505, 581
505, 582
505, 583
505, 584
505, 585
505, 586
505, 587
505, 588
505, 589
505, 590
505, 591
505, 592
505, 593
505, 594
505, 595
505, 596
505, 597
505, 598
505, 599
505, 600
505, 601
505, 602
505, 603
505, 604
505, 605
505, 606
505, 607
505, 608
505, 609
505, 610
505, 611
505, 612
505, 613
505, 614
505, 615
505, 616
505, 617
505, 618
505, 619
505, 620
505, 621
505, 622
505, 623
505, 624
505, 625
505, 626
505, 627
505, 628
505, 629
505, 630
505, 631
505, 632
505, 633
505, 634
505, 635
505, 636
505, 637
505, 638
505, 639
505, 640
505, 641
505, 642
505, 643
505, 644
505, 645
505, 646
505, 647
505, 648
505, 649
505, 650
505, 651
505, 652
505, 653
505, 654
505, 655
505, 656
505, 657
505, 658
505, 659
505, 660
505, 661
505, 662
505, 663
505, 664
505, 665
505, 666
505, 667
505, 668
505, 669
505, 670
505, 671
505, 672
505, 673
505, 674
505, 675
505, 676
505, 677
505, 678
505, 679
505, 680
505, 681
505, 682
505, 683
505, 684
505, 685
505, 686
505, 687
505, 688
505, 689
505, 690
505, 691
505, 692
505, 693
505, 694
505, 695
505, 696
505, 697
505, 698
505, 699
505, 700
505, 701
505, 702
505, 703
505, 704
505, 705
505, 706
505, 707
505, 708
505, 709
505, 710
505, 711
505, 712
505, 713
505, 714
505, 715
505, 716
505, 717
505, 718
505, 719
505, 720
506, 721
506, 722
506, 723
506, 724
506, 725
506, 726
506, 727
505, 728
505, 729
505, 730
505, 731
505, 732
505, 733
505, 734
505, 735
505, 736
505, 737
505, 738
505, 739
505, 740
505, 741
505, 742
505, 743
505, 744
505, 745
505, 746
505, 747
506, 748
505, 749
505, 750
505, 751
505, 752
505, 753
505, 754
505, 755
505, 756
505, 757
505, 758
505, 759
505, 760
505, 761
505, 762
505, 763
505, 764
505, 765
505, 766
505, 767
505, 768
505, 769
505, 770
505, 771
505, 772
505, 773
505, 774
505, 775
505, 776
505, 777
505, 778
505, 779
505, 780
505, 781
505, 782
505, 783
505, 784
505, 785
505, 786
505, 787
505, 788
505, 789
505, 790
505, 791
505, 792
505, 793
505, 794
505, 795
505, 796
505, 797
505, 798
505, 799
505, 800
505, 801
505, 802
505, 803
505, 804
505, 805
505, 806
505, 807
505, 808
505, 809
505, 810
505, 811
505, 812
505, 813
505, 814
505, 815
505, 816
505, 817
505, 818
505, 819
505, 820
505, 821
505, 822
505, 823
505, 824
505, 825
505, 826
505, 827
505, 828
505, 829
505, 830
505, 831
505, 832
505, 833
505, 834
505, 835
505, 836
505, 837
505, 838
505, 839
505, 840
505, 841
505, 842
505, 843
505, 844
505, 845
505, 846
505, 847
505, 848
505, 849
505, 850
505, 851
505, 852
505, 853
505, 854
505, 855
505, 856
505, 857
505, 858
505, 859
505, 860
505, 861
505, 862
505, 863
505, 864
505, 865
505, 866
505, 867
505, 868
505, 869
505, 870
505, 871
505, 872
505, 873
505, 874
505, 875
505, 876
505, 877
506, 878
506, 879
505, 880
505, 881
505, 882
505, 883
505, 884
505, 885
505, 886
505, 887
505, 888
505, 889
505, 890
505, 891
505, 892
505, 893
505, 894
505, 895
505, 896
505, 897
505, 898
505, 899
505, 900
505, 901
505, 902
505, 903
505, 904
505, 905
505, 906
505, 907
506, 908
506, 909
506, 910
506, 911
506, 912
506, 913
506, 914
506, 915
505, 916
505, 917
505, 918
506, 919
506, 920
505, 921
505, 922
505, 923
506, 924
506, 925
506, 926
506, 927
505, 928
505, 929
505, 930
505, 931
505, 932
505, 933
505, 934
505, 935
504, 936
504, 937
504, 938
504, 939
503, 940
503, 941
503, 942
503, 943
503, 944
503, 945
503, 946
503, 947
503, 948
503, 949
504, 950
503, 951
503, 952
503, 953
503, 954
503, 955
503, 956
503, 957
503, 958
503, 959
503, 960
503, 961
502, 962
502, 963
502, 964
502, 965
502, 966
502, 967
501, 968
501, 969
501, 970
501, 971
501, 972
501, 973
501, 974
501, 975
501, 976
501, 977
501, 978
501, 979
501, 980
501, 981
501, 982
501, 983
501, 984
501, 985
501, 986
501, 987
501, 988
501, 989
501, 990
501, 991
501, 992
501, 993
501, 994
501, 995
501, 996
501, 997
501, 998
501, 999
501, 1000
500, 1001
500, 1002
500, 1003
500, 1004
500, 1005
500, 1006
499, 1007
499, 1008
499, 1009
498, 1010
498, 1011
498, 1012
497, 1013
497, 1014
497, 1015
497, 1016
497, 1017
496, 1018
496, 1019
496, 1020
496, 1021
496, 1022
495, 1023
495, 1024
495, 1025
495, 1026
495, 1027
494, 1028
494, 1029
494, 1030
494, 1031
494, 1032
494, 1033
493, 1034
493, 1035
493, 1036
493, 1037
493, 1038
493, 1039
493, 1040
493, 1041
493, 1042
493, 1043
492, 1044
492, 1045
492, 1046
492, 1047
492, 1048
492, 1049
492, 1050
492, 1051
492, 1052
492, 1053
492, 1054
492, 1055
492, 1056
493, 1057
493, 1058
493, 1059
493, 1060
493, 1061
493, 1062
493, 1063
493, 1064
493, 1065
494, 1066
494, 1067
494, 1068
494, 1069
494, 1070
494, 1071
494, 1072
494, 1073
494, 1074
494, 1075
494, 1076
494, 1077
494, 1078
494, 1079
495, 1080
495, 1081
495, 1082
495, 1083
495, 1084
495, 1085
495, 1086
495, 1087
495, 1088
495, 1089
495, 1090
495, 1091
495, 1092
495, 1093
495, 1094
495, 1095
495, 1096
495, 1097
495, 1098
495, 1099
495, 1100
495, 1101
495, 1102
495, 1103
495, 1104
495, 1105
495, 1106
495, 1107
494, 1108
494, 1109
494, 1110
494, 1111
494, 1112
494, 1113
494, 1114
494, 1115
494, 1116
494, 1117
494, 1118
494, 1119
493, 1120
493, 1121
493, 1122
493, 1123
493, 1124
493, 1125
493, 1126
493, 1127
493, 1128
493, 1129
493, 1130
492, 1131
492, 1132
492, 1133
492, 1134
492, 1135
492, 1136
492, 1137
491, 1138
491, 1139
491, 1140
491, 1141
491, 1142
491, 1143
491, 1144
490, 1145
490, 1146
490, 1147
489, 1148
489, 1149
489, 1150
489, 1151
488, 1152
488, 1153
488, 1154
488, 1155
487, 1156
487, 1157
487, 1158
487, 1159
486, 1160
486, 1161
485, 1162
485, 1163
484, 1164
484, 1165
483, 1166
482, 1167
482, 1168
481, 1169
481, 1170
480, 1171
480, 1172
480, 1173
480, 1174
480, 1175
480, 1176
479, 1176
478, 1177
477, 1178
476, 1179
476, 1180
475, 1181
475, 1182
474, 1183
474, 1184
474, 1185
474, 1186
473, 1187
472, 1187
471, 1188
470, 1189
470, 1190
470, 1191
469, 1191
468, 1192
468, 1193
468, 1194
468, 1195
467, 1196
467, 1197
466, 1198
466, 1199
465, 1200
464, 1201
464, 1202
464, 1203
463, 1203
462, 1204
461, 1205
461, 1206
460, 1207
460, 1208
459, 1209
459, 1210
458, 1211
458, 1212
458, 1213
458, 1214
457, 1215
456, 1216
456, 1217
455, 1218
455, 1219
455, 1220
455, 1221
454, 1222
454, 1223
454, 1224
453, 1225
452, 1226
452, 1227
451, 1228
451, 1229
450, 1230
450, 1231
450, 1232
450, 1233
450, 1234
449, 1235
448, 1235
447, 1236
447, 1237
447, 1238
447, 1239
446, 1240
446, 1241
446, 1242
446, 1243
445, 1244
445, 1245
444, 1246
444, 1247
444, 1248
443, 1248
442, 1249
441, 1250
441, 1251
441, 1252
440, 1253
439, 1254
438, 1255
438, 1256
438, 1257
438, 1258
438, 1259
437, 1260
437, 1261
437, 1262
436, 1263
435, 1264
435, 1265
435, 1266
434, 1267
434, 1268
433, 1268
432, 1269
432, 1270
431, 1271
431, 1272
431, 1273
432, 1274
431, 1275
430, 1275
429, 1276
429, 1277
429, 1278
428, 1279
427, 1280
427, 1281
427, 1282
428, 1283
427, 1284
427, 1285
426, 1286
425, 1287
424, 1287
423, 1288
423, 1289
423, 1290
424, 1291
423, 1291
422, 1292
422, 1293
422, 1294
422, 1295
421, 1296
421, 1297
421, 1298
420, 1299
419, 1300
419, 1301
418, 1301
417, 1302
417, 1303
416, 1304
416, 1305
415, 1306
415, 1307
415, 1308
415, 1309
414, 1310
413, 1311
412, 1312
412, 1313
412, 1314
413, 1315
412, 1315
411, 1315
410, 1316
410, 1317
410, 1318
410, 1319
410, 1320
410, 1321
410, 1322
409, 1323
408, 1324
408, 1325
407, 1326
407, 1327
407, 1328
406, 1329
405, 1330
405, 1331
404, 1332
404, 1333
404, 1334
404, 1335
403, 1336
402, 1337
402, 1338
402, 1339
402, 1340
401, 1340
400, 1341
400, 1342
400, 1343
400, 1344
399, 1345
398, 1346
398, 1347
397, 1348
397, 1349
396, 1350
396, 1351
395, 1352
395, 1353
394, 1354
394, 1355
393, 1356
393, 1357
393, 1358
392, 1358
391, 1359
391, 1360
391, 1361
391, 1362
391, 1363
390, 1364
389, 1364
388, 1365
388, 1366
388, 1367
388, 1368
388, 1369
388, 1370
387, 1371
386, 1371
385, 1372
385, 1373
385, 1374
385, 1375
385, 1376
384, 1377
384, 1378
383, 1379
382, 1380
381, 1381
381, 1382
381, 1383
381, 1384
380, 1385
379, 1386
378, 1387
378, 1388
377, 1389
377, 1390
377, 1391
377, 1392
377, 1393
377, 1394
376, 1395
375, 1396
375, 1397
374, 1398
373, 1399
373, 1400
373, 1401
372, 1401
371, 1402
371, 1403
370, 1404
370, 1405
369, 1406
369, 1407
369, 1408
368, 1409
368, 1410
368, 1411
368, 1412
368, 1413
368, 1414
368, 1415
367, 1416
366, 1417
366, 1418
365, 1419
365, 1420
364, 1421
364, 1422
363, 1423
363, 1424
363, 1425
362, 1425
361, 1425
360, 1426
360, 1427
359, 1428
359, 1429
359, 1430
359, 1431
359, 1432
359, 1433
358, 1434
358, 1435
357, 1436
357, 1437
356, 1437
355, 1438
355, 1439
355, 1440
355, 1441
355, 1442
354, 1443
354, 1444
354, 1445
353, 1446
352, 1447
351, 1448
351, 1449
351, 1450
350, 1450
349, 1451
349, 1452
349, 1453
350, 1454
349, 1455
348, 1456
348, 1457
347, 1458
347, 1459
346, 1460
346, 1461
346, 1462
345, 1463
345, 1464
344, 1465
343, 1465
342, 1466
342, 1467
342, 1468
342, 1469
342, 1470
341, 1471
341, 1472
341, 1473
341, 1474
340, 1475
340, 1476
339, 1476
338, 1476
337, 1477
337, 1478
337, 1479
337, 1480
336, 1480
335, 1481
335, 1482
335, 1483
334, 1484
334, 1485
333, 1486
333, 1487
332, 1488
331, 1489
331, 1490
330, 1491
330, 1492
329, 1493
329, 1494
328, 1495
328, 1496
328, 1497
327, 1498
327, 1499
327, 1500
328, 1501
327, 1501
326, 1501
325, 1502
325, 1503
324, 1504
324, 1505
323, 1506
323, 1507
322, 1508
321, 1509
321, 1510
321, 1511
320, 1512
320, 1513
320, 1514
319, 1515
318, 1516
318, 1517
317, 1518
317, 1519
317, 1520
316, 1521
316, 1522
316, 1523
315, 1524
315, 1525
314, 1526
314, 1527
314, 1528
313, 1529
313, 1530
312, 1531
312, 1532
312, 1533
313, 1534
312, 1534
311, 1534
310, 1535
310, 1536
310, 1537
310, 1538
310, 1539
310, 1540
310, 1541
309, 1542
309, 1543
308, 1544
308, 1545
307, 1545
306, 1546
306, 1547
306, 1548
306, 1549
306, 1550
305, 1551
304, 1552
303, 1552
302, 1553
302, 1554
302, 1555
301, 1555
300, 1556
300, 1557
299, 1558
299, 1559
299, 1560
300, 1561
299, 1561
298, 1561
297, 1562
296, 1563
296, 1564
295, 1565
294, 1566
294, 1567
294, 1568
295, 1569
294, 1570
293, 1571
292, 1571
291, 1571
290, 1572
290, 1573
290, 1574
290, 1575
289, 1574
288, 1574
287, 1574
286, 1575
285, 1575
284, 1576
283, 1576
282, 1576
281, 1577
281, 1578
281, 1579
279, 1577
278, 1577
277, 1577
276, 1577
275, 1577
274, 1577
273, 1577
272, 1577
271, 1577
270, 1577
269, 1577
268, 1577
267, 1577
266, 1577
265, 1578
264, 1577
263, 1576
262, 1576
262, 1575
262, 1574
262, 1573
261, 1572
260, 1572
260, 1571
260, 1570
259, 1569
259, 1568
258, 1567
258, 1566
258, 1565
258, 1564
257, 1563
257, 1562
257, 1561
257, 1560
257, 1559
257, 1558
257, 1557
257, 1556
257, 1555
257, 1554
257, 1553
257, 1552
258, 1551
258, 1550
258, 1549
258, 1548
258, 1547
259, 1546
259, 1545
259, 1544
260, 1543
260, 1542
261, 1541
261, 1540
262, 1539
262, 1538
262, 1537
263, 1536
263, 1535
263, 1534
264, 1533
264, 1532
264, 1531
265, 1530
265, 1529
265, 1528
266, 1527
266, 1526
266, 1525
266, 1524
266, 1523
267, 1522
267, 1521
268, 1520
268, 1519
268, 1518
269, 1517
269, 1516
270, 1515
270, 1514
270, 1513
270, 1512
271, 1511
271, 1510
271, 1509
272, 1508
272, 1507
272, 1506
273, 1505
273, 1504
273, 1503
274, 1502
274, 1501
274, 1500
273, 1499
273, 1498
272, 1497
272, 1496
271, 1495
270, 1494
269, 1493
268, 1492
267, 1491
267, 1490
267, 1489
266, 1488
266, 1487
266, 1486
265, 1485
265, 1484
264, 1483
264, 1482
264, 1481
263, 1480
263, 1479
263, 1478
262, 1477
262, 1476
261, 1475
261, 1474
261, 1473
260, 1472
260, 1471
260, 1470
260, 1469
260, 1468
259, 1467
259, 1466
259, 1465
259, 1464
259, 1463
259, 1462
259, 1461
258, 1460
258, 1459
258, 1458
258, 1457
258, 1456
258, 1455
258, 1454
258, 1453
258, 1452
258, 1451
258, 1450
258, 1449
258, 1448
258, 1447
258, 1446
258, 1445
258, 1444
258, 1443
258, 1442
259, 1441
259, 1440
259, 1439
259, 1438
259, 1437
259, 1436
259, 1435
260, 1434
260, 1433
260, 1432
260, 1431
260, 1430
260, 1429
261, 1428
261, 1427
262, 1426
262, 1425
263, 1424
263, 1423
263, 1422
264, 1421
264, 1420
264, 1419
265, 1418
265, 1417
266, 1416
266, 1415
266, 1414
267, 1413
267, 1412
268, 1411
268, 1410
269, 1409
269, 1408
270, 1407
270, 1406
271, 1405
271, 1404
272, 1403
272, 1402
273, 1401
273, 1400
274, 1399
274, 1398
275, 1397
275, 1396
276, 1395
276, 1394
277, 1393
277, 1392
278, 1391
278, 1390
279, 1389
279, 1388
280, 1387
280, 1386
281, 1385
281, 1384
282, 1383
282, 1382
283, 1381
283, 1380
284, 1379
284, 1378
285, 1377
286, 1376
286, 1375
287, 1374
288, 1373
288, 1372
289, 1371
289, 1370
290, 1369
290, 1368
291, 1367
291, 1366
292, 1365
292, 1364
292, 1363
293, 1362
293, 1361
294, 1360
295, 1359
295, 1358
295, 1357
296, 1356
296, 1355
297, 1354
297, 1353
298, 1352
298, 1351
298, 1350
299, 1350
300, 1349
300, 1348
301, 1347
301, 1346
301, 1345
302, 1344
302, 1343
303, 1342
304, 1341
304, 1340
305, 1339
305, 1338
306, 1337
306, 1336
307, 1335
307, 1334
308, 1333
308, 1332
309, 1331
309, 1330
310, 1329
310, 1328
310, 1327
311, 1326
312, 1325
312, 1324
313, 1323
313, 1322
314, 1321
314, 1320
315, 1319
315, 1318
316, 1317
316, 1316
317, 1315
317, 1314
318, 1313
318, 1312
319, 1311
319, 1310
320, 1309
320, 1308
321, 1307
322, 1306
322, 1305
323, 1304
323, 1303
324, 1302
325, 1301
325, 1300
326, 1299
326, 1298
326, 1297
327, 1296
327, 1295
328, 1294
328, 1293
329, 1292
329, 1291
330, 1290
330, 1289
331, 1288
331, 1287
331, 1286
332, 1285
333, 1284
333, 1283
334, 1282
334, 1281
335, 1280
336, 1279
336, 1278
337, 1277
337, 1276
338, 1275
338, 1274
339, 1273
339, 1272
340, 1271
340, 1270
341, 1269
341, 1268
342, 1267
342, 1266
343, 1265
343, 1264
343, 1263
344, 1262
345, 1261
345, 1260
346, 1259
347, 1258
347, 1257
348, 1256
348, 1255
349, 1254
349, 1253
349, 1252
350, 1251
351, 1250
351, 1249
351, 1248
352, 1247
352, 1246
352, 1245
353, 1244
354, 1243
354, 1242
354, 1241
355, 1240
356, 1239
357, 1238
358, 1237
359, 1236
360, 1235
360, 1234
360, 1233
361, 1232
361, 1231
362, 1230
362, 1229
363, 1228
363, 1227
364, 1226
364, 1225
364, 1224
365, 1223
365, 1222
366, 1221
366, 1220
367, 1219
368, 1218
368, 1217
369, 1216
369, 1215
369, 1214
370, 1214
371, 1214
372, 1213
373, 1212
374, 1211
374, 1210
374, 1209
374, 1208
375, 1207
375, 1206
375, 1205
376, 1204
376, 1203
377, 1202
378, 1201
378, 1200
379, 1199
380, 1198
380, 1197
381, 1196
381, 1195
381, 1194
382, 1193
382, 1192
383, 1192
384, 1191
384, 1190
384, 1189
384, 1188
385, 1187
385, 1186
386, 1185
386, 1184
386, 1183
386, 1182
386, 1181
386, 1180
386, 1179
387, 1178
387, 1177
388, 1176
388, 1175
388, 1174
388, 1173
389, 1172
389, 1171
390, 1170
390, 1169
390, 1168
390, 1167
390, 1166
391, 1165
391, 1164
391, 1163
391, 1162
392, 1161
392, 1160
393, 1159
393, 1158
393, 1157
394, 1156
394, 1155
394, 1154
394, 1153
395, 1152
395, 1151
395, 1150
396, 1149
396, 1148
396, 1147
395, 1146
395, 1145
395, 1144
395, 1143
395, 1142
395, 1141
395, 1140
395, 1139
395, 1138
395, 1137
395, 1136
395, 1135
395, 1134
395, 1133
395, 1132
394, 1131
394, 1130
394, 1129
394, 1128
394, 1127
394, 1126
394, 1125
394, 1124
394, 1123
394, 1122
395, 1121
395, 1120
396, 1119
396, 1118
396, 1117
397, 1116
398, 1115
398, 1114
399, 1113
399, 1112
400, 1111
401, 1110
402, 1109
402, 1108
402, 1107
403, 1106
403, 1105
404, 1104
404, 1103
404, 1102
405, 1101
405, 1100
405, 1099
405, 1098
405, 1097
406, 1096
406, 1095
406, 1094
406, 1093
406, 1092
405, 1091
406, 1090
406, 1089
406, 1088
406, 1087
406, 1086
406, 1085
407, 1084
407, 1083
407, 1082
407, 1081
407, 1080
407, 1079
407, 1078
407, 1077
407, 1076
407, 1075
407, 1074
407, 1073
407, 1072
407, 1071
407, 1070
407, 1069
407, 1068
407, 1067
407, 1066
407, 1065
407, 1064
407, 1063
407, 1062
407, 1061
407, 1060
407, 1059
407, 1058
406, 1057
406, 1056
406, 1055
406, 1054
406, 1053
406, 1052
406, 1051
406, 1050
406, 1049
405, 1048
405, 1047
405, 1046
405, 1045
405, 1044
404, 1043
404, 1042
404, 1041
404, 1040
403, 1039
402, 1038
402, 1037
402, 1036
402, 1035
401, 1034
401, 1033
401, 1032
401, 1031
401, 1030
401, 1029
400, 1028
400, 1027
400, 1026
400, 1025
399, 1024
399, 1023
399, 1022
399, 1021
399, 1020
398, 1019
398, 1018
397, 1017
397, 1016
397, 1015
397, 1014
397, 1013
397, 1012
397, 1011
397, 1010
397, 1009
397, 1008
397, 1007
397, 1006
397, 1005
396, 1004
396, 1003
396, 1002
396, 1001
396, 1000
396, 999
395, 998
395, 997
395, 996
395, 995
395, 994
395, 993
395, 992
395, 991
395, 990
395, 989
395, 988
395, 987
395, 986
395, 985
395, 984
395, 983
395, 982
395, 981
396, 980
396, 979
396, 978
396, 977
396, 976
396, 975
396, 974
396, 973
396, 972
396, 971
395, 970
395, 969
395, 968
395, 967
396, 966
396, 965
396, 964
395, 963
395, 962
395, 961
395, 960
395, 959
395, 958
395, 957
395, 956
395, 955
396, 954
396, 953
396, 952
396, 951
395, 950
395, 949
395, 948
395, 947
395, 946
395, 945
395, 944
395, 943
395, 942
395, 941
395, 940
394, 939
394, 938
394, 937
394, 936
394, 935
394, 934
394, 933
394, 932
394, 931
394, 930
394, 929
394, 928
394, 927
394, 926
394, 925
394, 924
394, 923
394, 922
394, 921
394, 920
394, 919
394, 918
394, 917
394, 916
393, 915
393, 914
393, 913
393, 912
394, 911
394, 910
394, 909
394, 908
395, 907
395, 906
395, 905
395, 904
395, 903
395, 902
395, 901
394, 900
394, 899
394, 898
394, 897
394, 896
394, 895
394, 894
395, 893
395, 892
395, 891
395, 890
395, 889
395, 888
395, 887
395, 886
395, 885
395, 884
395, 883
395, 882
395, 881
395, 880
395, 879
395, 878
395, 877
395, 876
395, 875
395, 874
395, 873
396, 872
396, 871
396, 870
396, 869
396, 868
396, 867
396, 866
396, 865
396, 864
396, 863
396, 862
397, 861
397, 860
397, 859
397, 858
397, 857
397, 856
397, 855
397, 854
397, 853
397, 852
397, 851
397, 850
397, 849
397, 848
397, 847
397, 846
397, 845
397, 844
397, 843
397, 842
397, 841
398, 840
398, 839
398, 838
398, 837
398, 836
398, 835
398, 834
398, 833
398, 832
398, 831
398, 830
398, 829
398, 828
398, 827
398, 826
398, 825
398, 824
398, 823
398, 822
398, 821
398, 820
398, 819
398, 818
398, 817
398, 816
398, 815
398, 814
398, 813
398, 812
398, 811
398, 810
398, 809
398, 808
399, 807
399, 806
399, 805
399, 804
398, 803
399, 802
399, 801
399, 800
399, 799
399, 798
399, 797
399, 796
399, 795
399, 794
399, 793
399, 792
399, 791
399, 790
399, 789
399, 788
399, 787
399, 786
399, 785
399, 784
399, 783
399, 782
400, 781
400, 780
400, 779
400, 778
400, 777
400, 776
400, 775
400, 774
400, 773
400, 772
400, 771
399, 770
399, 769
399, 768
399, 767
399, 766
399, 765
399, 764
400, 763
400, 762
400, 761
400, 760
400, 759
400, 758
400, 757
400, 756
400, 755
400, 754
401, 753
401, 752
401, 751
401, 750
401, 749
401, 748
401, 747
401, 746
401, 745
401, 744
401, 743
401, 742
401, 741
401, 740
401, 739
401, 738
401, 737
401, 736
401, 735
401, 734
401, 733
401, 732
402, 731
402, 730
402, 729
401, 728
401, 727
401, 726
401, 725
401, 724
401, 723
401, 722
402, 721
402, 720
402, 719
402, 718
402, 717
402, 716
402, 715
402, 714
402, 713
401, 712
400, 712
402, 710
402, 709
402, 708
402, 707
402, 706
402, 705
402, 704
402, 703
402, 702
403, 701
403, 700
403, 699
402, 698
402, 697
402, 696
402, 695
402, 694
402, 693
402, 692
402, 691
403, 690
403, 689
403, 688
403, 687
403, 686
403, 685
403, 684
403, 683
403, 682
403, 681
403, 680
403, 679
403, 678
403, 677
403, 676
403, 675
403, 674
403, 673
404, 672
404, 671
404, 670
403, 669
403, 668
403, 667
403, 666
403, 665
403, 664
404, 663
404, 662
404, 661
404, 660
404, 659
404, 658
404, 657
404, 656
405, 655
405, 654
405, 653
404, 652
404, 651
404, 650
404, 649
404, 648
404, 647
404, 646
404, 645
404, 644
405, 643
405, 642
405, 641
404, 640
405, 639
405, 638
405, 637
405, 636
405, 635
405, 634
405, 633
405, 632
405, 631
405, 630
405, 629
405, 628
406, 627
406, 626
406, 625
406, 624
406, 623
406, 622
406, 621
406, 620
405, 619
405, 618
405, 617
405, 616
405, 615
405, 614
405, 613
405, 612
406, 611
406, 610
406, 609
406, 608
406, 607
406, 606
406, 605
406, 604
405, 603
406, 602
406, 601
406, 600
406, 599
406, 598
406, 597
406, 596
406, 595
406, 594
406, 593
406, 592
406, 591
406, 590
407, 589
407, 588
407, 587
407, 586
407, 585
407, 584
407, 583
407, 582
407, 581
407, 580
407, 579
407, 578
407, 577
407, 576
407, 575
407, 574
407, 573
407, 572
407, 571
407, 570
407, 569
407, 568
407, 567
407, 566
407, 565
407, 564
407, 563
407, 562
407, 561
407, 560
407, 559
407, 558
407, 557
407, 556
407, 555
407, 554
407, 553
407, 552
407, 551
407, 550
407, 549
407, 548
407, 547
407, 546
407, 545
407, 544
407, 543
407, 542
408, 541
408, 540
408, 539
408, 538
408, 537
407, 536
407, 535
408, 534
408, 533
408, 532
408, 531
408, 530
408, 529
408, 528
408, 527
408, 526
408, 525
408, 524
408, 523
409, 522
409, 521
409, 520
408, 519
408, 518
408, 517
408, 516
408, 515
408, 514
408, 513
408, 512
408, 511
408, 510
408, 509
408, 508
407, 507
407, 506
406, 505
406, 504
406, 503
406, 502
406, 501
406, 500
407, 499
407, 498
407, 497
406, 496
407, 495
407, 494
407, 493
406, 492
406, 491
406, 490
406, 489
407, 488
407, 487
407, 486
407, 485
407, 484
407, 483
407, 482
407, 481
407, 480
407, 479
407, 478
408, 477
408, 476
408, 475
408, 474
408, 473
408, 472
408, 471
408, 470
408, 469
408, 468
408, 467
408, 466
408, 465
408, 464
409, 463
410, 462
411, 461
411, 460
411, 459
412, 458
412, 457
412, 456
412, 455
412, 454
412, 453
412, 452
412, 451
412, 450
412, 449
412, 448
412, 447
412, 446
412, 445
412, 444
412, 443
412, 442
412, 441
411, 440
411, 439
411, 438
411, 437
411, 436
411, 435
411, 434
411, 433
410, 432
410, 431
410, 430
410, 429
410, 428
410, 427
411, 426
411, 425
411, 424
411, 423
411, 422
411, 421
411, 420
411, 419
411, 418
411, 417
411, 416
411, 415
410, 414
411, 413
411, 412
411, 411
411, 410
411, 409
411, 408
411, 407
411, 406
411, 405
411, 404
411, 403
411, 402
411, 401
411, 400
411, 399
411, 398
411, 397
411, 396
411, 395
411, 394
411, 393
411, 392
411, 391
411, 390
411, 389
411, 388
411, 387
411, 386
411, 385
411, 384
411, 383
411, 382
411, 381
411, 380
411, 379
411, 378
412, 377
412, 376
412, 375
412, 374
412, 373
412, 372
412, 371
412, 370
412, 369
412, 368
412, 367
412, 366
412, 365
412, 364
412, 363
412, 362
412, 361
412, 360
412, 359
412, 358
413, 357
413, 356
413, 355
413, 354
412, 353
412, 352
412, 351
412, 350
412, 349
412, 348
412, 347
412, 346
412, 345
412, 344
412, 343
412, 342
412, 341
411, 340
412, 339
412, 338
412, 337
412, 336
411, 335
411, 334
411, 333
411, 332
411, 331
411, 330
411, 329
411, 328
411, 327
411, 326
411, 325
411, 324
411, 323
411, 322
411, 321
411, 320
411, 319
411, 318
411, 317
412, 316
412, 315
412, 314
412, 313
412, 312
412, 311
412, 310
413, 309
413, 308
413, 307
413, 306
413, 305
413, 304
413, 303
413, 302
413, 301
413, 300
413, 299
412, 298
412, 297
412, 296
412, 295
411, 294
410, 293
410, 292
410, 291
410, 290
409, 289
409, 288
409, 287
409, 286
409, 285
409, 284
409, 283
409, 282
409, 281
409, 280
410, 279
410, 278
410, 277
410, 276
410, 275
410, 274
410, 273
410, 272
409, 271
410, 270
410, 269
410, 268
410, 267
409, 266
409, 265
409, 264
408, 263
408, 262
408, 261
408, 260
407, 259
407, 258
407, 257
406, 256
405, 255
404, 255
403, 254
404, 254
405, 253
405, 252
405, 251
404, 250
403, 250
403, 249
402, 248
401, 248
400, 248
400, 247
400, 246
399, 245
398, 245
398, 244
398, 243
397, 242
396, 241
396, 240
395, 239
394, 238
394, 237
393, 236
392, 235
391, 234
391, 233
390, 232
389, 231
388, 230
387, 230
387, 229
386, 228
385, 227
384, 227
383, 226
382, 226
381, 225
380, 224
379, 223
378, 222
377, 222
376, 221
377, 220
377, 219
377, 218
376, 217
375, 217
374, 217
374, 216
373, 215
372, 215
371, 214
370, 214
369, 214
368, 215
368, 216
368, 217
369, 218
370, 218
369, 218
368, 217
367, 216
366, 216
365, 216
364, 215
363, 214
362, 214
361, 214
360, 213
359, 213
358, 212
357, 212
356, 212
355, 211
354, 211
353, 211
352, 211
351, 210
351, 209
351, 208
350, 207
349, 206
348, 206
347, 206
346, 205
345, 205
344, 205
343, 205
342, 205
341, 205
341, 204
341, 203
340, 202
339, 202
338, 202
337, 202
336, 202
335, 203
334, 203
333, 203
332, 203
331, 203
330, 203
329, 204
329, 205
329, 206
330, 207
331, 207
329, 207
328, 207
327, 207
326, 207
325, 207
324, 207
323, 207
322, 207
321, 207
320, 207
319, 207
318, 207
317, 207
317, 206
317, 205
316, 204
316, 203
315, 202
314, 201
313, 201
312, 201
311, 201
310, 201
309, 201
308, 202
308, 203
307, 204
306, 205
305, 205
304, 205
303, 205
302, 205
301, 206
301, 205
300, 204
299, 204
298, 204
297, 204
296, 204
295, 205
294, 205
293, 205
292, 205
291, 205
290, 206
289, 206
288, 207
287, 207
286, 207
285, 207
284, 208
283, 209
283, 210
282, 211
281, 212
280, 213
279, 214
278, 214
277, 215
276, 215
275, 216
274, 217
273, 218
272, 218
271, 218
270, 219
269, 220
268, 220
267, 221
267, 222
266, 222
265, 223
264, 224
263, 225
262, 225
261, 226
260, 226
259, 227
258, 227
257, 228
256, 229
255, 229
254, 229
253, 230
252, 231
252, 232
251, 233
251, 234
250, 234
249, 235
248, 236
248, 237
247, 238
246, 239
245, 240
244, 241
243, 242
243, 243
242, 244
241, 245
241, 246
240, 247
240, 248
240, 249
239, 250
238, 251
237, 252
237, 253
236, 254
236, 255
235, 256
235, 257
235, 258
235, 259
235, 260
235, 261
235, 262
234, 263
233, 264
232, 265
231, 266
231, 267
230, 268
230, 269
230, 270
230, 271
230, 272
229, 273
229, 274
229, 275
229, 276
229, 277
228, 278
228, 279
228, 280
227, 281
227, 282
227, 283
227, 284
227, 285
227, 286
228, 287
228, 288
228, 289
228, 290
228, 291
228, 292
227, 293
227, 294
227, 295
226, 296
225, 296
224, 297
224, 298
223, 299
223, 300
223, 301
223, 302
223, 303
223, 304
222, 305
222, 306
222, 307
222, 308
222, 309
221, 310
221, 311
221, 312
221, 313
221, 314
220, 315
220, 316
220, 317
220, 318
220, 319
220, 320
219, 321
219, 322
219, 323
219, 324
219, 325
219, 326
219, 327
219, 328
219, 329
219, 330
219, 331
218, 332
218, 333
218, 334
218, 335
218, 336
218, 337
218, 338
218, 339
217, 340
217, 341
217, 342
217, 343
218, 344
218, 345
218, 346
217, 347
217, 348
217, 349
217, 350
217, 351
217, 352
217, 353
218, 354
218, 355
218, 356
218, 357
218, 358
218, 359
218, 360
218, 361
218, 362
218, 363
218, 364
218, 365
218, 366
218, 367
218, 368
218, 369
218, 370
218, 371
219, 372
219, 373
219, 374
219, 375
219, 376
220, 377
220, 378
220, 379
220, 380
220, 381
221, 382
221, 383
221, 384
221, 385
221, 386
221, 387
221, 388
222, 389
222, 390
222, 391
222, 392
222, 393
222, 394
223, 395
223, 396
223, 397
224, 398
224, 399
224, 400
225, 401
225, 402
225, 403
226, 404
226, 405
227, 406
227, 407
227, 408
228, 409
228, 410
229, 411
229, 412
230, 413
230, 414
231, 415
231, 416
232, 417
232, 418
232, 419
233, 420
234, 421
234, 422
235, 423
236, 424
237, 425
238, 426
239, 427
239, 428
240, 429
241, 430
242, 431
243, 432
244, 433
245, 434
246, 435
247, 436
248, 437
249, 438
250, 438
251, 439
252, 440
253, 441
254, 441
255, 442
256, 442
257, 443
258, 443
259, 444
260, 444
260, 445
261, 446
262, 446
263, 446
264, 447
265, 448
266, 448
267, 448
268, 449
269, 449
270, 450
271, 450
272, 451
273, 451
274, 451
275, 452
276, 452
277, 452
278, 453
279, 453
280, 454
281, 454
282, 454
283, 454
284, 455
285, 455
286, 455
287, 456
288, 456
289, 456
290, 456
291, 456
292, 456
293, 457
294, 457
295, 457
296, 457
297, 458
298, 458
299, 458
300, 458
301, 458
302, 458
303, 458
304, 458
305, 458
306, 459
307, 459
308, 459
309, 459
310, 459
311, 459
312, 459
313, 460
314, 460
315, 460
316, 459
317, 459
318, 460
319, 460
320, 460
321, 460
322, 460
323, 460
324, 460
325, 460
326, 460
327, 460
328, 461
329, 461
330, 461
331, 461
332, 460
333, 460
334, 460
335, 460
336, 460
337, 460
338, 461
339, 461
340, 461
341, 461
342, 461
343, 461
344, 462
345, 462
346, 462
347, 462
348, 461
349, 461
350, 461
351, 461
352, 461
353, 461
354, 462
355, 462
356, 462
357, 462
358, 462
359, 462
360, 461
361, 461
362, 461
363, 461
364, 462
365, 462
366, 462
367, 462
368, 462
369, 462
370, 462
371, 462
372, 462
373, 462
374, 462
375, 462
376, 463
377, 463
378, 463
379, 463
380, 462
381, 463
382, 463
383, 463
384, 463
385, 463
386, 463
387, 463
388, 463
389, 463
390, 463
391, 463
392, 463
393, 463
394, 463
395, 463
396, 462
397, 462
398, 463
398, 464
398, 465
399, 466
399, 467
400, 468
400, 469
400, 470
400, 471
400, 472
400, 473
400, 474
400, 475
400, 476
400, 477
401, 478
401, 479
401, 480
401, 481
401, 482
401, 483
401, 484
400, 485
400, 486
400, 487
399, 488
399, 489
399, 490
399, 491
400, 492
400, 493
400, 494
400, 495
400, 496
400, 497
400, 498
400, 499
400, 500
400, 501
399, 502
399, 503
398, 504
398, 505
398, 506
397, 507
396, 507
395, 507
394, 506
394, 505
394, 504
393, 503
392, 503
391, 503
390, 503
389, 503
388, 504
387, 505
387, 506
387, 507
386, 507
385, 507
386, 506
386, 505
386, 504
385, 503
384, 503
383, 503
382, 503
381, 503
380, 503
379, 503
378, 503
377, 503
376, 503
375, 503
374, 503
373, 503
373, 502
372, 501
371, 501
370, 501
369, 501
368, 500
367, 500
366, 500
365, 500
364, 500
363, 500
362, 500
361, 500
360, 500
359, 501
358, 501
357, 501
356, 500
355, 500
355, 499
354, 498
353, 498
352, 498
351, 498
350, 498
349, 498
348, 498
347, 499
346, 499
345, 500
344, 501
343, 502
342, 502
341, 502
340, 503
340, 504
340, 505
341, 506
342, 506
343, 506
341, 506
340, 505
339, 505
338, 505
337, 505
336, 505
335, 505
334, 505
333, 505
332, 505
331, 505
330, 505
329, 505
328, 505
327, 505
327, 504
327, 503
327, 502
327, 501
326, 500
325, 500
324, 500
323, 500
322, 500
321, 500
320, 500
319, 500
318, 500
317, 499
316, 498
315, 498
314, 497
313, 497
312, 497
311, 497
310, 497
309, 497
308, 496
307, 496
306, 495
305, 495
304, 495
303, 494
302, 494
301, 494
300, 494
299, 494
298, 494
297, 494
296, 494
295, 494
294, 494
293, 494
292, 494
291, 494
290, 494
289, 494
288, 493
287, 493
286, 493
285, 493
284, 492
283, 492
282, 492
281, 492
280, 492
279, 492
278, 492
277, 492
276, 492
275, 492
274, 491
273, 491
272, 490
271, 490
270, 489
269, 489
268, 489
267, 488
266, 488
265, 488
264, 488
263, 488
262, 488
261, 487
260, 487
259, 487
258, 487
257, 486
256, 486
255, 486
254, 485
253, 485
252, 484
251, 484
250, 483
249, 482
248, 482
247, 481
246, 481
245, 480
244, 479
243, 479
242, 478
241, 478
240, 477
239, 477
238, 476
237, 476
236, 475
235, 475
234, 474
233, 473
232, 472
231, 472
230, 472
229, 472
229, 471
228, 470
227, 469
226, 468
225, 467
224, 466
223, 465
222, 464
221, 463
220, 462
219, 461
218, 460
217, 459
216, 458
216, 457
215, 456
214, 455
213, 454
213, 453
213, 452
212, 451
211, 451
211, 450
210, 449
209, 448
209, 447
208, 446
207, 445
207, 444
206, 443
205, 442
205, 441
204, 440
203, 439
203, 438
202, 437
202, 436
201, 435
201, 434
200, 433
199, 432
199, 431
198, 430
198, 429
198, 428
197, 427
196, 426
196, 425
196, 424
195, 423
195, 422
194, 421
194, 420
193, 419
193, 418
193, 417
192, 416
192, 415
191, 414
191, 413
191, 412
190, 411
190, 410
189, 409
189, 408
189, 407
188, 406
188, 405
187, 404
187, 403
187, 402
186, 401
186, 400
186, 399
186, 398
185, 397
185, 396
185, 395
185, 394
184, 393
184, 392
184, 391
184, 390
183, 389
183, 388
183, 387
183, 386
183, 385
183, 384
183, 383
183, 382
183, 381
183, 380
183, 379
182, 378
182, 377
182, 376
182, 375
182, 374
182, 373
182, 372
181, 371
181, 370
181, 369
181, 368
181, 367
181, 366
181, 365
181, 364
181, 363
181, 362
181, 361
181, 360
181, 359
180, 358
180, 357
181, 356
181, 355
181, 354
181, 353
181, 352
181, 351
181, 350
181, 349
181, 348
181, 347
181, 346
181, 345
181, 344
181, 343
181, 342
181, 341
181, 340
180, 339
180, 338
180, 337
180, 336
180, 335
