107, 898
107, 897
107, 896
107, 895
107, 894
107, 893
107, 892
107, 891
107, 890
107, 889
107, 888
107, 887
107, 886
107, 885
108, 884
108, 883
108, 882
108, 881
108, 880
108, 879
108, 878
108, 877
109, 876
109, 875
109, 874
109, 873
109, 872
109, 871
109, 870
109, 869
109, 868
109, 867
109, 866
109, 865
109, 864
109, 863
110, 862
110, 861
110, 860
110, 859
110, 858
110, 857
110, 856
111, 855
111, 854
111, 853
111, 852
111, 851
111, 850
111, 849
111, 848
111, 847
111, 846
111, 845
111, 844
111, 843
112, 842
112, 841
112, 840
112, 839
112, 838
112, 837
112, 836
112, 835
112, 834
112, 833
112, 832
113, 831
113, 830
113, 829
113, 828
113, 827
113, 826
113, 825
113, 824
113, 823
113, 822
113, 821
113, 820
113, 819
113, 818
113, 817
113, 816
114, 815
114, 814
114, 813
114, 812
114, 811
114, 810
114, 809
114, 808
114, 807
115, 806
115, 805
115, 804
115, 803
115, 802
115, 801
115, 800
115, 799
115, 798
115, 797
115, 796
115, 795
115, 794
115, 793
115, 792
115, 791
115, 790
115, 789
115, 788
115, 787
115, 786
115, 785
115, 784
115, 783
115, 782
115, 781
115, 780
115, 779
115, 778
115, 777
115, 776
115, 775
115, 774
115, 773
116, 772
116, 771
116, 770
116, 769
116, 768
116, 767
116, 766
116, 765
116, 764
116, 763
117, 762
117, 761
117, 760
117, 759
117, 758
117, 757
117, 756
117, 755
117, 754
117, 753
118, 752
118, 751
118, 750
119, 749
119, 748
119, 747
119, 746
120, 745
120, 744
121, 743
121, 742
121, 741
122, 740
122, 739
123, 738
123, 737
124, 736
125, 735
125, 734
126, 733
126, 732
127, 731
128, 730
129, 729
129, 728
130, 727
131, 726
132, 725
133, 724
134, 723
134, 722
135, 721
136, 720
137, 720
138, 719
138, 718
139, 718
140, 717
141, 716
141, 715
142, 714
143, 713
144, 712
145, 711
146, 711
147, 710
147, 709
148, 708
149, 708
150, 707
151, 706
152, 705
153, 704
153, 703
154, 702
155, 701
156, 700
157, 699
158, 698
159, 697
160, 696
161, 695
161, 694
162, 693
163, 692
164, 691
165, 690
166, 689
167, 688
167, 687
168, 686
169, 685
170, 684
171, 683
171, 682
172, 681
173, 680
173, 679
174, 678
175, 677
176, 676
177, 675
177, 674
178, 673
179, 672
179, 671
180, 670
181, 669
181, 668
182, 667
183, 666
184, 665
184, 664
185, 663
185, 662
186, 661
187, 660
187, 659
188, 658
189, 657
189, 656
190, 655
190, 654
191, 653
191, 652
192, 651
193, 650
193, 649
194, 648
195, 647
195, 646
195, 645
196, 644
197, 643
197, 642
197, 641
198, 640
199, 639
199, 638
199, 637
200, 636
201, 635
201, 634
201, 633
202, 632
203, 631
203, 630
203, 629
204, 628
205, 627
205, 626
205, 625
205, 624
206, 623
207, 622
207, 621
207, 620
207, 619
208, 618
208, 617
209, 616
209, 615
209, 614
210, 613
210, 612
211, 611
211, 610
211, 609
211, 608
212, 607
212, 606
212, 605
213, 604
213, 603
213, 602
213, 601
214, 600
214, 599
214, 598
215, 597
215, 596
215, 595
215, 594
215, 593
215, 592
216, 591
216, 590
216, 589
217, 588
217, 587
217, 586
217, 585
217, 584
217, 583
217, 582
218, 581
218, 580
218, 579
218, 578
219, 577
219, 576
219, 575
219, 574
219, 573
219, 572
219, 571
219, 570
219, 569
219, 568
219, 567
219, 566
220, 565
220, 564
220, 563
220, 562
220, 561
220, 560
220, 559
220, 558
220, 557
220, 556
220, 555
220, 554
220, 553
220, 552
220, 551
220, 550
220, 549
220, 548
220, 547
220, 546
220, 545
220, 544
220, 543
220, 542
220, 541
220, 540
221, 539
221, 538
222, 537
223, 537
224, 536
225, 536
226, 536
227, 535
227, 534
227, 533
227, 532
227, 531
227, 530
227, 529
227, 528
227, 527
227, 526
227, 525
227, 524
227, 523
227, 522
227, 521
227, 520
227, 519
228, 518
228, 517
228, 516
228, 515
228, 514
228, 513
228, 512
228, 511
228, 510
227, 509
227, 508
228, 507
228, 506
228, 505
228, 504
228, 503
228, 502
228, 501
228, 500
228, 499
228, 498
228, 497
228, 496
228, 495
228, 494
228, 493
228, 492
228, 491
228, 490
229, 489
229, 488
229, 487
229, 486
229, 485
229, 484
229, 483
229, 482
229, 481
229, 480
229, 479
229, 478
229, 477
229, 476
229, 475
229, 474
230, 473
230, 472
230, 471
230, 470
230, 469
230, 468
230, 467
230, 466
230, 465
230, 464
231, 463
231, 462
231, 461
231, 460
231, 459
231, 458
231, 457
231, 456
231, 455
231, 454
231, 453
231, 452
231, 451
232, 450
232, 449
232, 448
232, 447
232, 446
232, 445
232, 444
232, 443
232, 442
233, 441
233, 440
233, 439
233, 438
233, 437
233, 436
233, 435
233, 434
233, 433
233, 432
233, 431
234, 430
234, 429
234, 428
234, 427
234, 426
234, 425
234, 424
234, 423
235, 422
235, 421
235, 420
235, 419
235, 418
235, 417
235, 416
235, 415
235, 414
236, 413
236, 412
236, 411
236, 410
236, 409
236, 408
236, 407
236, 406
237, 405
237, 404
237, 403
237, 402
237, 401
237, 400
237, 399
237, 398
237, 397
238, 396
238, 395
238, 394
238, 393
238, 392
238, 391
238, 390
238, 389
239, 388
239, 387
239, 386
239, 385
239, 384
239, 383
239, 382
239, 381
240, 380
240, 379
240, 378
240, 377
240, 376
240, 375
241, 374
241, 373
241, 372
241, 371
241, 370
241, 369
241, 368
241, 367
242, 366
242, 365
242, 364
242, 363
242, 362
243, 361
243, 360
243, 359
243, 358
243, 357
243, 356
243, 355
244, 354
244, 353
244, 352
244, 351
244, 350
244, 349
245, 348
245, 347
245, 346
245, 345
245, 344
245, 343
246, 342
246, 341
246, 340
246, 339
246, 338
246, 337
247, 336
247, 335
247, 334
247, 333
247, 332
247, 331
248, 330
248, 329
248, 328
248, 327
248, 326
248, 325
249, 324
249, 323
249, 322
249, 321
249, 320
249, 319
250, 318
250, 317
250, 316
250, 315
251, 314
251, 313
251, 312
251, 311
251, 310
251, 309
252, 308
252, 307
252, 306
252, 305
252, 304
253, 303
253, 302
253, 301
253, 300
253, 299
253, 298
254, 297
254, 296
254, 295
254, 294
255, 293
255, 292
255, 291
255, 290
255, 289
256, 288
256, 287
256, 286
256, 285
257, 284
257, 283
257, 282
257, 281
257, 280
258, 279
258, 278
258, 277
258, 276
259, 275
259, 274
259, 273
259, 272
259, 271
260, 270
260, 269
260, 268
260, 267
261, 266
261, 265
261, 264
261, 263
262, 262
262, 261
262, 260
262, 259
262, 258
263, 257
263, 256
263, 255
263, 254
263, 253
264, 252
264, 251
264, 250
264, 249
265, 248
265, 247
265, 246
265, 245
266, 244
266, 243
266, 242
266, 241
267, 240
267, 239
267, 238
267, 237
268, 236
268, 235
268, 234
268, 233
269, 232
269, 231
269, 230
269, 229
269, 228
270, 227
270, 226
270, 225
270, 224
271, 223
271, 222
271, 221
271, 220
272, 219
272, 218
272, 217
272, 216
273, 215
273, 214
273, 213
274, 212
274, 211
274, 210
274, 209
275, 208
275, 207
275, 206
275, 205
276, 204
276, 203
276, 202
276, 201
277, 200
277, 199
277, 198
278, 197
278, 196
278, 195
279, 194
279, 193
279, 192
279, 191
280, 190
280, 189
280, 188
281, 187
281, 186
281, 185
281, 184
282, 183
282, 182
282, 181
282, 180
283, 179
283, 178
283, 177
284, 176
284, 175
284, 174
284, 173
285, 172
285, 171
285, 170
286, 169
286, 168
286, 167
287, 166
287, 165
287, 164
287, 163
288, 162
288, 161
288, 160
289, 159
289, 158
289, 157
290, 156
290, 155
291, 154
291, 153
291, 152
292, 151
292, 150
293, 149
294, 148
295, 147
295, 148
295, 149
296, 150
296, 151
297, 152
298, 152
299, 152
300, 152
301, 151
302, 152
303, 153
303, 154
303, 155
304, 156
304, 157
304, 158
304, 159
304, 160
305, 161
306, 162
306, 163
306, 164
306, 165
306, 166
306, 167
306, 168
306, 169
306, 170
307, 171
308, 171
308, 172
308, 173
308, 174
308, 175
308, 176
308, 177
308, 178
308, 179
308, 180
308, 181
309, 182
310, 182
310, 183
310, 184
310, 185
310, 186
310, 187
310, 188
310, 189
311, 190
310, 191
310, 192
310, 193
311, 194
312, 194
312, 195
312, 196
312, 197
312, 198
312, 199
312, 200
312, 201
312, 202
312, 203
312, 204
312, 205
312, 206
312, 207
313, 208
314, 208
314, 209
314, 210
314, 211
314, 212
314, 213
314, 214
314, 215
314, 216
314, 217
314, 218
314, 219
315, 220
316, 220
316, 221
316, 222
316, 223
316, 224
316, 225
316, 226
316, 227
316, 228
316, 229
316, 230
316, 231
316, 232
316, 233
316, 234
317, 235
318, 235
318, 236
318, 237
318, 238
318, 239
318, 240
318, 241
318, 242
318, 243
318, 244
319, 245
318, 246
318, 247
318, 248
318, 249
318, 250
319, 251
320, 251
320, 252
320, 253
320, 254
320, 255
320, 256
320, 257
320, 258
320, 259
320, 260
320, 261
320, 262
320, 263
320, 264
320, 265
320, 266
320, 267
320, 268
320, 269
321, 270
322, 270
322, 271
322, 272
322, 273
322, 274
322, 275
322, 276
322, 277
322, 278
322, 279
322, 280
323, 281
323, 282
323, 283
323, 284
324, 285
324, 286
324, 287
324, 288
324, 289
324, 290
324, 291
324, 292
324, 293
324, 294
324, 295
324, 296
324, 297
324, 298
324, 299
324, 300
324, 301
324, 302
324, 303
325, 304
325, 305
325, 306
325, 307
324, 308
324, 309
324, 310
325, 311
326, 311
326, 312
326, 313
326, 314
326, 315
326, 316
326, 317
326, 318
326, 319
326, 320
326, 321
326, 322
326, 323
326, 324
327, 325
327, 326
327, 327
327, 328
327, 329
326, 330
326, 331
326, 332
326, 333
327, 334
327, 335
327, 336
326, 337
326, 338
326, 339
326, 340
326, 341
326, 342
326, 343
326, 344
327, 345
328, 345
328, 346
328, 347
328, 348
328, 349
328, 350
328, 351
328, 352
328, 353
328, 354
328, 355
328, 356
328, 357
328, 358
328, 359
328, 360
328, 361
328, 362
328, 363
328, 364
328, 365
328, 366
328, 367
328, 368
328, 369
328, 370
328, 371
329, 372
329, 373
329, 374
329, 375
329, 376
329, 377
329, 378
329, 379
329, 380
329, 381
329, 382
329, 383
329, 384
329, 385
329, 386
329, 387
329, 388
328, 389
328, 390
328, 391
329, 392
328, 393
328, 394
328, 395
329, 396
330, 396
330, 397
330, 398
330, 399
330, 400
329, 400
328, 401
328, 402
328, 403
329, 404
330, 404
330, 405
330, 406
330, 407
330, 408
330, 409
330, 410
330, 411
330, 412
330, 413
330, 414
330, 415
330, 416
330, 417
330, 418
330, 419
330, 420
330, 421
330, 422
330, 423
330, 424
330, 425
330, 426
330, 427
330, 428
330, 429
330, 430
330, 431
330, 432
330, 433
330, 434
330, 435
330, 436
330, 437
330, 438
330, 439
330, 440
330, 441
330, 442
330, 443
330, 444
330, 445
330, 446
330, 447
330, 448
330, 449
330, 450
330, 451
330, 452
330, 453
330, 454
330, 455
330, 456
330, 457
330, 458
330, 459
330, 460
330, 461
330, 462
330, 463
330, 464
330, 465
330, 466
330, 467
330, 468
330, 469
330, 470
330, 471
330, 472
330, 473
330, 474
330, 475
330, 476
330, 477
330, 478
330, 479
330, 480
330, 481
330, 482
330, 483
330, 484
330, 485
330, 486
330, 487
330, 488
330, 489
330, 490
330, 491
330, 492
330, 493
330, 494
330, 495
330, 496
330, 497
330, 498
330, 499
330, 500
330, 501
330, 502
330, 503
331, 504
330, 505
330, 506
330, 507
330, 508
330, 509
330, 510
331, 511
331, 512
330, 513
330, 514
330, 515
330, 516
330, 517
330, 518
330, 519
330, 520
330, 521
330, 522
330, 523
330, 524
330, 525
330, 526
330, 527
330, 528
330, 529
330, 530
330, 531
329, 532
329, 533
329, 534
329, 535
329, 536
329, 537
329, 538
329, 539
330, 540
331, 541
332, 542
332, 543
332, 544
332, 545
332, 546
333, 547
333, 548
332, 549
332, 550
332, 551
332, 552
332, 553
332, 554
332, 555
332, 556
332, 557
332, 558
331, 559
331, 560
331, 561
331, 562
331, 563
331, 564
331, 565
331, 566
331, 567
331, 568
331, 569
331, 570
331, 571
331, 572
331, 573
331, 574
331, 575
331, 576
331, 577
331, 578
331, 579
331, 580
331, 581
331, 582
331, 583
331, 584
331, 585
331, 586
331, 587
331, 588
331, 589
332, 590
332, 591
332, 592
332, 593
332, 594
332, 595
332, 596
332, 597
332, 598
332, 599
332, 600
332, 601
332, 602
333, 603
333, 604
333, 605
334, 606
334, 607
334, 608
334, 609
334, 610
334, 611
334, 612
334, 613
335, 614
335, 615
335, 616
336, 617
336, 618
336, 619
336, 620
336, 621
336, 622
337, 623
337, 624
338, 625
338, 626
338, 627
338, 628
339, 629
339, 630
339, 631
340, 632
340, 633
340, 634
340, 635
341, 636
341, 637
342, 638
342, 639
342, 640
342, 641
343, 642
344, 643
344, 644
344, 645
344, 646
345, 647
345, 648
346, 649
346, 650
346, 651
347, 652
348, 653
348, 654
348, 655
349, 656
349, 657
350, 658
350, 659
351, 660
351, 661
351, 662
352, 663
352, 664
353, 665
353, 666
354, 667
354, 668
355, 669
355, 670
356, 671
356, 672
357, 673
357, 674
358, 675
358, 676
359, 677
360, 678
360, 679
360, 680
361, 681
362, 682
362, 683
363, 684
363, 685
364, 686
365, 687
365, 688
366, 689
367, 690
367, 691
368, 692
368, 693
369, 694
370, 695
370, 696
371, 697
372, 698
372, 699
373, 700
374, 701
374, 702
375, 703
376, 704
376, 705
377, 706
378, 707
379, 708
380, 709
380, 710
381, 711
382, 712
383, 713
383, 714
384, 715
385, 716
386, 717
386, 718
387, 719
388, 720
389, 721
390, 722
391, 723
392, 724
392, 725
393, 726
394, 727
395, 728
396, 729
397, 730
398, 731
398, 732
399, 733
400, 734
401, 735
402, 736
402, 737
403, 738
404, 739
404, 740
405, 741
406, 742
406, 743
407, 744
407, 745
408, 746
408, 747
409, 748
409, 749
410, 750
410, 751
411, 752
411, 753
411, 754
412, 755
412, 756
412, 757
412, 758
413, 759
413, 760
413, 761
414, 762
414, 763
414, 764
414, 765
414, 766
414, 767
414, 768
415, 769
415, 770
415, 771
415, 772
415, 773
415, 774
415, 775
415, 776
415, 777
415, 778
415, 779
415, 780
415, 781
415, 782
415, 783
415, 784
415, 785
414, 786
414, 787
414, 788
414, 789
414, 790
414, 791
414, 792
414, 793
414, 794
414, 795
414, 796
414, 797
414, 798
414, 799
414, 800
414, 801
414, 802
414, 803
414, 804
414, 805
414, 806
414, 807
414, 808
414, 809
414, 810
414, 811
413, 812
413, 813
413, 814
413, 815
413, 816
413, 817
413, 818
413, 819
413, 820
413, 821
413, 822
413, 823
413, 824
413, 825
413, 826
413, 827
413, 828
413, 829
413, 830
413, 831
413, 832
412, 833
412, 834
412, 835
412, 836
412, 837
412, 838
412, 839
412, 840
412, 841
412, 842
412, 843
412, 844
412, 845
412, 846
412, 847
412, 848
412, 849
412, 850
412, 851
412, 852
412, 853
412, 854
412, 855
412, 856
412, 857
412, 858
412, 859
412, 860
412, 861
412, 862
412, 863
412, 864
412, 865
412, 866
412, 867
412, 868
412, 869
412, 870
412, 871
412, 872
412, 873
412, 874
412, 875
412, 876
412, 877
412, 878
412, 879
412, 880
412, 881
412, 882
412, 883
412, 884
412, 885
412, 886
412, 887
412, 888
412, 889
412, 890
412, 891
412, 892
412, 893
412, 894
412, 895
412, 896
412, 897
412, 898
412, 899
412, 900
412, 901
412, 902
412, 903
412, 904
412, 905
412, 906
412, 907
412, 908
412, 909
412, 910
412, 911
412, 912
412, 913
412, 914
412, 915
412, 916
412, 917
412, 918
412, 919
412, 920
412, 921
412, 922
411, 923
411, 924
411, 925
410, 926
410, 927
410, 928
410, 929
409, 930
409, 931
408, 932
408, 933
408, 934
407, 935
407, 936
406, 937
406, 938
405, 939
404, 940
404, 941
404, 942
403, 943
402, 944
402, 945
401, 946
400, 947
400, 948
399, 949
398, 950
398, 951
397, 952
396, 953
395, 954
394, 955
393, 956
392, 957
391, 958
391, 959
390, 959
389, 960
388, 961
387, 962
387, 963
386, 963
385, 964
385, 965
384, 965
383, 965
382, 966
381, 967
381, 968
381, 969
380, 969
379, 969
378, 970
378, 971
378, 972
377, 972
376, 973
375, 974
375, 975
375, 976
374, 977
373, 977
372, 977
371, 977
370, 978
369, 979
368, 979
367, 980
366, 981
365, 982
364, 982
363, 982
362, 982
361, 982
360, 983
359, 983
358, 983
357, 983
356, 983
355, 984
354, 984
353, 984
352, 984
351, 985
350, 985
349, 985
348, 985
347, 985
346, 985
345, 985
344, 985
343, 985
342, 985
341, 985
340, 985
339, 985
338, 985
337, 985
336, 984
335, 984
334, 984
333, 984
332, 983
331, 982
330, 982
329, 982
328, 982
327, 981
326, 980
325, 980
324, 980
323, 980
322, 979
321, 979
321, 978
320, 977
319, 976
318, 976
317, 976
317, 975
317, 974
316, 973
315, 973
314, 972
313, 972
312, 971
311, 970
311, 969
311, 968
310, 967
309, 967
308, 967
308, 966
307, 965
306, 964
305, 964
304, 963
303, 962
302, 961
301, 960
300, 959
299, 958
298, 957
297, 956
296, 955
295, 954
294, 953
293, 952
292, 951
291, 950
291, 949
290, 948
289, 947
288, 946
288, 945
287, 944
286, 943
286, 942
285, 941
285, 940
284, 939
283, 938
283, 937
282, 936
282, 935
282, 934
281, 933
281, 932
281, 931
280, 930
279, 929
279, 928
279, 927
279, 926
278, 925
277, 925
276, 925
275, 926
274, 927
274, 928
274, 929
274, 930
273, 931
273, 932
273, 933
274, 934
274, 935
274, 936
274, 937
274, 938
273, 939
273, 940
273, 941
273, 942
273, 943
272, 943
271, 944
270, 945
270, 946
270, 947
270, 948
269, 949
269, 950
269, 951
268, 951
267, 951
266, 951
265, 952
264, 953
263, 953
262, 953
261, 953
260, 953
259, 953
258, 954
257, 954
256, 953
255, 953
254, 953
253, 953
252, 953
251, 953
251, 952
250, 951
249, 951
248, 951
247, 950
246, 950
246, 949
245, 948
245, 947
245, 946
245, 945
244, 944
243, 943
243, 942
243, 941
243, 940
243, 939
242, 938
243, 937
243, 936
243, 935
242, 934
243, 933
243, 932
243, 931
243, 930
243, 929
243, 928
243, 927
243, 926
243, 925
242, 924
241, 923
240, 923
239, 923
238, 924
238, 925
238, 926
237, 927
236, 928
236, 929
235, 930
235, 931
234, 932
234, 933
233, 934
233, 935
232, 936
231, 937
231, 938
230, 939
229, 940
229, 941
228, 942
227, 943
226, 944
225, 945
224, 946
223, 947
222, 948
221, 949
220, 950
219, 951
218, 952
217, 952
216, 953
215, 954
215, 955
214, 955
213, 956
212, 957
211, 957
210, 958
209, 959
208, 959
207, 960
207, 961
206, 961
205, 962
205, 963
205, 964
204, 965
204, 966
204, 967
203, 967
202, 967
201, 968
201, 969
200, 970
200, 971
199, 971
198, 972
198, 973
197, 974
196, 974
195, 974
194, 974
193, 975
192, 975
191, 975
190, 975
189, 975
188, 976
187, 976
186, 976
185, 977
184, 977
183, 977
182, 977
181, 977
180, 977
179, 977
178, 978
177, 978
176, 977
175, 977
174, 977
173, 977
172, 977
171, 977
170, 977
169, 977
168, 977
167, 977
167, 976
166, 975
165, 975
164, 975
163, 975
162, 976
161, 975
160, 975
159, 974
158, 974
157, 974
156, 973
155, 972
154, 972
153, 971
153, 970
153, 969
152, 968
151, 968
150, 968
149, 967
149, 966
148, 965
147, 965
147, 964
146, 963
145, 962
144, 961
143, 960
142, 959
141, 958
140, 958
139, 957
138, 956
137, 956
136, 955
135, 954
134, 954
133, 953
132, 952
131, 951
130, 950
129, 950
128, 949
127, 948
126, 947
125, 946
124, 945
124, 944
123, 943
122, 942
121, 941
120, 940
120, 939
119, 938
118, 937
118, 936
117, 935
116, 934
116, 933
115, 932
115, 931
114, 930
113, 929
113, 928
112, 927
112, 926
111, 925
111, 924
111, 923
110, 922
110, 921
110, 920
109, 919
109, 918
109, 917
109, 916
108, 915
108, 914
108, 913
108, 912
107, 911
107, 910
107, 909
107, 908
107, 907
107, 906
107, 905
107, 904
107, 903
107, 902
107, 901
107, 900
106, 899
