73, 770
73, 769
73, 768
73, 767
73, 766
73, 765
73, 764
74, 763
74, 762
74, 761
74, 760
74, 759
74, 758
74, 757
74, 756
74, 755
74, 754
74, 753
74, 752
75, 751
75, 750
75, 749
75, 748
76, 747
76, 746
76, 745
76, 744
76, 743
76, 742
76, 741
76, 740
76, 739
76, 738
77, 737
77, 736
77, 735
78, 734
78, 733
78, 732
78, 731
78, 730
78, 729
78, 728
79, 727
79, 726
80, 725
80, 724
80, 723
80, 722
80, 721
81, 720
81, 719
81, 718
82, 717
82, 716
82, 715
82, 714
83, 713
83, 712
84, 711
84, 710
84, 709
84, 708
85, 707
86, 706
86, 705
86, 704
86, 703
87, 702
87, 701
88, 700
88, 699
89, 698
89, 697
90, 696
90, 695
90, 694
91, 693
92, 692
92, 691
92, 690
93, 689
93, 688
94, 687
95, 686
95, 685
96, 684
96, 683
97, 682
98, 681
99, 680
99, 679
100, 678
100, 677
101, 676
102, 675
103, 674
103, 673
104, 672
105, 671
105, 670
106, 669
107, 668
108, 667
109, 666
110, 665
111, 664
111, 663
112, 662
113, 661
114, 660
115, 660
116, 659
117, 658
118, 657
119, 656
120, 655
121, 654
122, 654
123, 653
124, 652
125, 651
126, 650
127, 650
128, 649
129, 648
130, 648
131, 647
132, 646
133, 646
134, 645
135, 644
136, 643
137, 642
138, 641
139, 641
140, 641
141, 641
142, 640
142, 639
143, 638
144, 637
145, 637
146, 636
146, 635
147, 635
148, 635
149, 634
150, 633
151, 633
152, 632
153, 631
153, 630
154, 629
155, 628
156, 627
157, 626
158, 625
159, 625
160, 624
161, 624
162, 623
163, 622
164, 621
165, 620
166, 619
167, 618
168, 617
169, 616
169, 615
170, 614
171, 613
172, 612
173, 611
173, 610
174, 609
175, 608
175, 607
176, 606
177, 605
178, 604
178, 603
179, 602
179, 601
180, 600
180, 599
181, 598
182, 597
182, 596
183, 595
183, 594
184, 593
184, 592
185, 592
186, 592
187, 591
187, 590
187, 589
187, 588
186, 587
186, 586
187, 585
187, 584
188, 583
188, 582
188, 581
189, 580
189, 579
189, 578
190, 577
190, 576
190, 575
190, 574
190, 573
191, 572
191, 571
192, 570
192, 569
193, 569
194, 568
194, 567
194, 566
194, 565
194, 564
194, 563
194, 562
194, 561
194, 560
195, 559
195, 558
195, 557
196, 556
196, 555
196, 554
196, 553
197, 553
198, 552
198, 551
199, 550
199, 549
199, 548
198, 547
198, 546
199, 545
199, 544
200, 543
200, 542
200, 541
200, 540
201, 540
202, 539
202, 538
202, 537
203, 536
203, 535
203, 534
203, 533
203, 532
203, 531
204, 530
204, 529
205, 528
205, 527
205, 526
205, 525
206, 524
206, 523
206, 522
207, 521
207, 520
207, 519
207, 518
207, 517
208, 516
208, 515
208, 514
209, 513
209, 512
209, 511
209, 510
210, 509
210, 508
210, 507
210, 506
211, 505
211, 504
211, 503
211, 502
211, 501
212, 500
212, 499
212, 498
213, 497
213, 496
213, 495
213, 494
214, 493
215, 492
215, 491
216, 491
217, 490
217, 489
218, 489
219, 489
220, 488
220, 487
220, 486
220, 485
220, 484
221, 483
222, 482
222, 481
222, 480
222, 479
222, 478
222, 477
223, 476
224, 475
224, 474
224, 473
224, 472
224, 471
224, 470
225, 469
225, 468
226, 467
226, 466
226, 465
226, 464
226, 463
226, 462
227, 461
227, 460
227, 459
228, 458
228, 457
228, 456
228, 455
228, 454
229, 453
229, 452
229, 451
230, 450
230, 449
230, 448
230, 447
230, 446
230, 445
230, 444
231, 443
231, 442
232, 441
232, 440
232, 439
232, 438
232, 437
232, 436
233, 435
233, 434
234, 433
234, 432
234, 431
234, 430
234, 429
234, 428
234, 427
234, 426
235, 425
236, 424
236, 423
236, 422
236, 421
236, 420
236, 419
236, 418
236, 417
237, 416
237, 415
237, 414
238, 413
238, 412
238, 411
238, 410
238, 409
238, 408
239, 407
240, 406
240, 405
240, 404
240, 403
240, 402
240, 401
240, 400
240, 399
241, 398
241, 397
241, 396
242, 395
242, 394
242, 393
242, 392
242, 391
243, 390
243, 389
243, 388
244, 387
244, 386
244, 385
244, 384
244, 383
244, 382
244, 381
245, 380
245, 379
246, 378
246, 377
246, 376
246, 375
246, 374
246, 373
246, 372
247, 371
247, 370
248, 369
248, 368
248, 367
248, 366
248, 365
248, 364
248, 363
249, 362
250, 361
250, 360
250, 359
250, 358
250, 357
250, 356
250, 355
251, 354
252, 353
252, 352
252, 351
252, 350
252, 349
252, 348
252, 347
252, 346
253, 345
253, 344
254, 343
254, 342
254, 341
254, 340
254, 339
254, 338
255, 337
255, 336
256, 335
256, 334
256, 333
256, 332
256, 331
256, 330
257, 329
257, 328
257, 327
258, 326
258, 325
258, 324
258, 323
258, 322
258, 321
259, 320
259, 319
259, 318
260, 317
260, 316
260, 315
260, 314
260, 313
260, 312
261, 311
261, 310
262, 309
262, 308
262, 307
262, 306
262, 305
262, 304
262, 303
263, 302
263, 301
264, 300
264, 299
264, 298
264, 297
264, 296
264, 295
265, 294
266, 293
266, 292
266, 291
266, 290
266, 289
266, 288
267, 287
268, 286
268, 285
268, 284
268, 283
268, 282
269, 281
270, 280
270, 279
270, 278
271, 277
271, 276
271, 275
271, 274
272, 273
272, 272
272, 271
272, 270
273, 269
273, 268
273, 267
273, 266
274, 265
274, 264
274, 263
274, 262
275, 261
275, 260
275, 259
276, 258
276, 257
276, 256
276, 255
277, 254
277, 253
277, 252
278, 251
278, 250
278, 249
278, 248
279, 247
279, 246
279, 245
279, 244
279, 243
280, 242
280, 241
280, 240
281, 239
281, 238
281, 237
282, 236
282, 235
282, 234
283, 233
283, 232
283, 231
283, 230
284, 229
284, 228
284, 227
284, 226
285, 225
285, 224
285, 223
285, 222
286, 221
286, 220
286, 219
286, 218
287, 217
287, 216
287, 215
288, 214
288, 213
288, 212
288, 211
288, 210
289, 209
290, 208
290, 207
290, 206
290, 205
291, 204
291, 203
291, 202
292, 201
292, 200
292, 199
292, 198
293, 197
293, 196
293, 195
293, 194
294, 193
294, 192
295, 191
295, 190
295, 189
295, 188
296, 187
296, 186
297, 185
297, 184
297, 183
297, 182
298, 181
298, 180
298, 179
299, 178
299, 177
300, 176
300, 175
300, 174
300, 173
301, 172
301, 171
301, 170
302, 169
302, 168
302, 167
303, 166
303, 165
303, 164
304, 163
304, 162
305, 161
306, 160
306, 159
306, 158
306, 157
306, 156
307, 155
307, 154
307, 153
308, 152
308, 151
309, 150
309, 149
309, 148
310, 147
310, 146
311, 145
311, 144
311, 143
312, 142
312, 141
312, 140
313, 139
313, 138
313, 137
314, 136
314, 135
315, 134
315, 133
315, 132
315, 131
316, 130
316, 129
316, 128
317, 127
317, 126
318, 125
318, 124
318, 123
318, 122
319, 121
320, 120
320, 119
320, 118
321, 117
321, 116
322, 115
322, 114
322, 113
323, 112
323, 111
324, 110
324, 109
325, 108
325, 107
326, 106
326, 105
326, 104
327, 103
327, 102
328, 101
328, 100
329, 99
330, 98
330, 97
331, 96
332, 95
332, 94
333, 94
334, 95
335, 96
335, 97
335, 98
336, 99
337, 99
338, 99
339, 98
339, 97
340, 97
341, 96
342, 97
343, 97
344, 98
345, 99
345, 100
346, 101
347, 102
347, 103
347, 104
347, 105
348, 106
349, 106
349, 107
349, 108
350, 109
351, 109
351, 110
351, 111
352, 112
352, 113
352, 114
353, 115
353, 116
353, 117
353, 118
353, 119
353, 120
353, 121
353, 122
353, 123
353, 124
352, 125
352, 126
352, 127
352, 128
352, 129
352, 130
351, 131
351, 132
351, 133
351, 134
351, 135
351, 136
351, 137
351, 138
351, 139
351, 140
351, 141
351, 142
351, 143
351, 144
350, 145
350, 146
350, 147
350, 148
350, 149
350, 150
350, 151
349, 152
349, 153
349, 154
349, 155
349, 156
349, 157
349, 158
349, 159
349, 160
349, 161
349, 162
348, 163
348, 164
348, 165
348, 166
348, 167
348, 168
347, 169
347, 170
347, 171
347, 172
347, 173
347, 174
347, 175
347, 176
347, 177
347, 178
347, 179
347, 180
347, 181
346, 182
346, 183
346, 184
346, 185
345, 186
345, 187
345, 188
345, 189
345, 190
345, 191
345, 192
345, 193
344, 194
344, 195
344, 196
344, 197
344, 198
344, 199
344, 200
344, 201
343, 202
343, 203
343, 204
343, 205
343, 206
343, 207
343, 208
343, 209
343, 210
343, 211
343, 212
343, 213
343, 214
342, 215
342, 216
342, 217
342, 218
342, 219
341, 220
341, 221
341, 222
341, 223
341, 224
341, 225
341, 226
341, 227
341, 228
340, 229
340, 230
340, 231
340, 232
340, 233
340, 234
340, 235
339, 236
339, 237
339, 238
339, 239
339, 240
339, 241
339, 242
339, 243
339, 244
338, 245
338, 246
338, 247
338, 248
337, 249
337, 250
337, 251
337, 252
337, 253
337, 254
337, 255
337, 256
336, 257
336, 258
336, 259
336, 260
335, 261
335, 262
335, 263
335, 264
335, 265
335, 266
335, 267
335, 268
335, 269
334, 270
334, 271
334, 272
334, 273
334, 274
333, 275
333, 276
333, 277
333, 278
333, 279
333, 280
333, 281
333, 282
332, 283
332, 284
332, 285
332, 286
331, 287
331, 288
331, 289
331, 290
331, 291
331, 292
331, 293
331, 294
331, 295
330, 296
330, 297
330, 298
330, 299
330, 300
329, 301
329, 302
329, 303
329, 304
329, 305
329, 306
329, 307
329, 308
328, 309
328, 310
328, 311
328, 312
328, 313
327, 314
327, 315
327, 316
327, 317
327, 318
327, 319
327, 320
327, 321
327, 322
326, 323
326, 324
326, 325
326, 326
325, 327
325, 328
325, 329
325, 330
325, 331
325, 332
325, 333
324, 334
324, 335
324, 336
324, 337
324, 338
324, 339
323, 340
323, 341
323, 342
323, 343
323, 344
322, 345
322, 346
322, 347
322, 348
322, 349
321, 350
321, 351
321, 352
321, 353
321, 354
321, 355
321, 356
320, 357
320, 358
320, 359
319, 360
319, 361
319, 362
319, 363
319, 364
319, 365
319, 366
318, 367
318, 368
318, 369
318, 370
317, 371
317, 372
317, 373
317, 374
317, 375
317, 376
317, 377
317, 378
316, 379
316, 380
316, 381
315, 382
315, 383
315, 384
315, 385
315, 386
315, 387
315, 388
315, 389
314, 390
314, 391
314, 392
313, 393
313, 394
313, 395
313, 396
313, 397
313, 398
313, 399
313, 400
312, 401
312, 402
311, 403
311, 404
311, 405
311, 406
311, 407
311, 408
311, 409
311, 410
310, 411
310, 412
309, 413
309, 414
309, 415
309, 416
309, 417
309, 418
309, 419
308, 420
308, 421
308, 422
308, 423
308, 424
307, 425
307, 426
307, 427
307, 428
307, 429
307, 430
307, 431
306, 432
306, 433
305, 434
305, 435
305, 436
305, 437
304, 437
303, 438
303, 439
303, 440
304, 441
305, 441
305, 442
304, 443
304, 444
303, 445
303, 446
303, 447
303, 448
302, 448
301, 449
301, 450
301, 451
302, 452
302, 453
302, 454
301, 455
301, 456
301, 457
301, 458
300, 458
299, 459
299, 460
299, 461
299, 462
300, 463
299, 464
299, 465
299, 466
299, 467
299, 468
298, 468
297, 469
297, 470
297, 471
298, 472
298, 473
298, 474
297, 475
297, 476
297, 477
297, 478
297, 479
296, 479
295, 479
294, 480
293, 481
293, 482
293, 483
294, 484
294, 485
294, 486
294, 487
294, 488
294, 489
294, 490
294, 491
294, 492
295, 493
294, 494
294, 495
294, 496
295, 497
295, 498
295, 499
295, 500
295, 501
296, 502
297, 503
298, 504
299, 505
298, 505
297, 506
297, 507
297, 508
298, 509
299, 509
299, 510
299, 511
299, 512
299, 513
299, 514
300, 515
300, 516
300, 517
301, 518
302, 519
302, 520
302, 521
302, 522
302, 523
302, 524
301, 525
301, 526
301, 527
301, 528
302, 529
303, 529
303, 530
303, 531
303, 532
303, 533
303, 534
303, 535
303, 536
303, 537
303, 538
304, 539
304, 540
304, 541
304, 542
304, 543
304, 544
305, 545
305, 546
305, 547
305, 548
305, 549
305, 550
305, 551
305, 552
305, 553
305, 554
306, 555
307, 556
307, 557
307, 558
307, 559
307, 560
307, 561
308, 562
307, 563
307, 564
307, 565
307, 566
307, 567
308, 568
309, 568
310, 569
310, 570
310, 571
310, 572
310, 573
310, 574
310, 575
310, 576
310, 577
310, 578
310, 579
310, 580
310, 581
310, 582
311, 583
312, 584
312, 585
311, 586
311, 587
311, 588
312, 589
312, 590
312, 591
312, 592
312, 593
313, 594
313, 595
313, 596
313, 597
313, 598
313, 599
313, 600
313, 601
314, 602
314, 603
314, 604
314, 605
315, 606
315, 607
315, 608
315, 609
315, 610
315, 611
315, 612
316, 613
316, 614
316, 615
316, 616
317, 617
317, 618
317, 619
318, 620
318, 621
319, 622
319, 623
319, 624
319, 625
320, 626
321, 627
321, 628
321, 629
321, 630
322, 631
322, 632
323, 633
324, 634
324, 635
324, 636
325, 637
326, 638
326, 639
326, 640
327, 641
327, 642
328, 643
328, 644
329, 645
330, 646
330, 647
331, 648
331, 649
332, 650
333, 651
333, 652
334, 653
335, 654
335, 655
336, 656
336, 657
337, 658
338, 659
339, 660
339, 661
340, 662
341, 663
342, 664
343, 665
344, 666
345, 667
346, 668
347, 669
348, 670
349, 671
350, 672
351, 673
352, 673
353, 674
354, 675
355, 676
356, 677
357, 678
358, 678
359, 679
360, 680
361, 681
362, 682
363, 682
364, 683
365, 683
366, 684
367, 685
368, 686
369, 687
370, 687
371, 688
372, 688
373, 689
374, 690
375, 691
376, 692
377, 692
378, 693
379, 694
380, 695
381, 696
382, 696
383, 697
384, 698
385, 699
386, 700
387, 701
388, 702
389, 703
390, 704
391, 705
392, 706
393, 707
394, 708
395, 709
396, 710
397, 711
397, 712
398, 713
399, 714
400, 715
401, 716
402, 717
403, 718
404, 719
404, 720
405, 721
405, 722
406, 723
407, 723
407, 724
408, 725
409, 726
409, 727
410, 728
411, 729
411, 730
412, 731
413, 732
413, 733
414, 734
414, 735
415, 736
415, 737
416, 738
417, 739
418, 740
418, 741
419, 742
419, 743
419, 744
420, 745
421, 746
421, 747
421, 748
422, 749
423, 750
423, 751
424, 752
424, 753
425, 754
425, 755
425, 756
425, 757
426, 758
427, 759
427, 760
427, 761
428, 762
428, 763
429, 764
429, 765
429, 766
429, 767
430, 768
430, 769
430, 770
430, 771
431, 772
431, 773
431, 774
432, 775
432, 776
432, 777
432, 778
432, 779
433, 780
433, 781
433, 782
433, 783
433, 784
434, 785
434, 786
434, 787
435, 788
435, 789
435, 790
435, 791
435, 792
435, 793
435, 794
435, 795
436, 796
436, 797
436, 798
436, 799
436, 800
436, 801
436, 802
436, 803
436, 804
436, 805
436, 806
435, 807
435, 808
435, 809
435, 810
436, 811
436, 812
436, 813
436, 814
436, 815
436, 816
436, 817
436, 818
436, 819
435, 820
435, 821
435, 822
436, 823
436, 824
435, 825
434, 826
433, 827
433, 828
433, 829
433, 830
433, 831
433, 832
433, 833
432, 834
431, 835
431, 836
431, 837
431, 838
431, 839
432, 840
431, 841
430, 841
429, 842
429, 843
429, 844
429, 845
428, 846
427, 847
426, 848
426, 849
426, 850
426, 851
425, 852
425, 853
425, 854
424, 854
423, 855
423, 856
423, 857
424, 858
425, 858
425, 859
424, 858
423, 858
422, 858
421, 859
421, 860
420, 861
420, 862
420, 863
419, 863
418, 863
417, 864
417, 865
417, 866
417, 867
417, 868
417, 869
416, 870
415, 871
415, 872
415, 873
415, 874
415, 875
415, 876
415, 877
415, 878
415, 877
415, 876
414, 875
413, 875
412, 875
411, 875
410, 876
410, 877
410, 878
410, 879
410, 880
410, 881
409, 882
408, 882
407, 883
406, 883
405, 883
404, 883
403, 884
403, 885
402, 885
401, 885
400, 885
399, 885
398, 886
398, 887
398, 888
398, 889
398, 890
397, 890
396, 890
395, 890
394, 891
394, 892
394, 893
393, 893
392, 894
392, 895
392, 896
392, 897
391, 897
390, 897
389, 897
388, 898
387, 898
386, 899
386, 900
385, 900
384, 900
383, 901
382, 901
381, 901
380, 901
379, 902
378, 902
377, 903
377, 904
376, 904
375, 904
374, 904
373, 904
372, 904
371, 904
370, 905
369, 905
368, 906
367, 906
366, 906
365, 906
364, 907
363, 907
362, 907
361, 907
360, 907
359, 907
358, 907
357, 907
356, 908
355, 908
354, 908
353, 908
352, 908
351, 908
350, 908
349, 908
348, 908
347, 908
346, 908
345, 908
344, 908
343, 908
342, 908
341, 907
340, 907
339, 907
338, 907
337, 906
336, 906
335, 906
334, 906
333, 905
332, 905
331, 905
330, 905
329, 905
328, 904
327, 904
326, 904
325, 903
324, 902
323, 901
322, 901
321, 901
320, 900
319, 900
318, 899
317, 898
316, 898
315, 898
314, 897
313, 896
312, 895
311, 894
310, 893
309, 892
308, 891
307, 890
306, 889
305, 888
304, 888
303, 887
302, 886
301, 885
300, 884
299, 883
298, 882
297, 882
296, 881
295, 880
294, 879
293, 879
292, 878
291, 877
291, 876
290, 875
289, 875
289, 874
288, 873
287, 873
286, 872
286, 871
285, 870
284, 869
283, 868
282, 867
282, 866
281, 865
280, 864
279, 863
278, 862
277, 861
277, 860
276, 859
275, 858
275, 857
274, 856
273, 855
272, 854
272, 853
272, 852
271, 851
271, 850
270, 849
270, 848
269, 847
269, 846
268, 845
267, 844
266, 843
265, 842
265, 841
264, 840
264, 839
264, 838
264, 837
264, 836
263, 835
262, 835
261, 835
260, 836
259, 836
258, 837
258, 838
258, 839
258, 840
257, 841
257, 842
257, 843
257, 844
257, 845
257, 846
257, 847
257, 848
258, 849
258, 850
258, 851
257, 852
257, 853
257, 854
257, 855
258, 856
258, 857
257, 857
256, 858
256, 859
256, 860
257, 861
257, 862
257, 863
257, 864
257, 865
257, 866
256, 867
256, 868
256, 869
256, 870
256, 871
256, 872
255, 872
254, 873
254, 874
253, 875
252, 876
252, 877
252, 878
251, 879
251, 880
250, 880
249, 880
248, 881
248, 882
248, 883
248, 884
248, 885
247, 885
246, 885
245, 885
244, 885
243, 886
242, 886
241, 887
241, 888
240, 888
239, 888
238, 889
237, 889
236, 889
235, 890
235, 891
235, 892
235, 893
236, 894
236, 895
236, 896
237, 897
237, 898
237, 899
236, 899
235, 899
234, 900
234, 901
234, 902
233, 903
233, 904
233, 905
233, 906
232, 906
231, 907
231, 908
231, 909
232, 910
233, 911
234, 911
235, 911
236, 911
237, 911
238, 910
238, 909
238, 908
239, 908
240, 909
241, 909
241, 910
241, 911
240, 912
240, 913
240, 914
240, 913
239, 912
238, 912
237, 912
236, 912
235, 911
234, 911
233, 911
232, 912
231, 913
231, 914
231, 915
231, 916
230, 915
229, 915
228, 915
227, 916
227, 917
226, 917
225, 917
224, 918
224, 919
223, 920
222, 921
222, 922
222, 923
223, 924
223, 925
223, 926
224, 927
225, 927
225, 928
225, 929
226, 930
227, 931
228, 931
229, 931
230, 931
231, 930
231, 929
231, 930
231, 931
231, 932
231, 933
230, 933
230, 932
229, 931
228, 931
227, 931
226, 931
225, 932
225, 933
225, 934
224, 935
224, 936
224, 937
223, 938
223, 939
222, 940
222, 941
221, 941
220, 941
220, 940
219, 939
218, 939
217, 939
216, 939
215, 940
215, 941
214, 942
213, 942
212, 943
212, 944
211, 945
211, 946
211, 947
212, 948
211, 949
211, 950
210, 950
210, 949
210, 948
209, 947
208, 947
207, 947
206, 947
205, 948
205, 949
205, 950
206, 951
207, 951
206, 952
206, 953
206, 954
205, 954
204, 954
203, 953
202, 953
201, 953
200, 953
199, 954
199, 955
199, 956
200, 957
199, 957
198, 957
197, 957
196, 957
195, 958
194, 958
193, 959
192, 959
191, 959
190, 960
189, 960
188, 960
187, 961
186, 961
185, 961
184, 962
183, 962
182, 962
181, 962
180, 962
179, 962
178, 963
177, 963
176, 963
175, 963
174, 963
173, 963
172, 963
171, 963
170, 963
169, 963
168, 963
167, 963
166, 963
165, 962
164, 962
163, 962
162, 962
161, 962
160, 962
159, 962
158, 962
157, 961
156, 961
155, 961
154, 961
153, 961
152, 960
151, 959
150, 959
149, 959
148, 958
147, 958
146, 957
145, 957
144, 957
143, 956
142, 955
141, 954
140, 954
139, 953
138, 952
137, 951
136, 951
135, 951
135, 950
134, 949
134, 948
133, 947
132, 947
131, 947
131, 946
130, 945
129, 944
128, 944
127, 943
126, 942
125, 941
124, 940
123, 939
122, 938
121, 937
120, 936
119, 936
118, 935
117, 934
116, 933
115, 933
114, 932
113, 931
112, 930
111, 929
110, 928
109, 927
108, 926
107, 925
106, 924
105, 923
105, 922
104, 921
103, 920
103, 919
102, 918
101, 917
100, 916
99, 915
99, 914
98, 913
98, 912
97, 911
96, 910
96, 909
95, 908
94, 907
94, 906
93, 905
92, 904
92, 903
91, 902
91, 901
91, 900
90, 899
90, 898
89, 897
89, 896
88, 895
88, 894
88, 893
87, 892
87, 891
86, 890
86, 889
86, 888
86, 887
85, 886
85, 885
84, 884
84, 883
84, 882
84, 881
84, 880
83, 879
83, 878
82, 877
82, 876
82, 875
82, 874
82, 873
81, 872
81, 871
81, 870
80, 869
80, 868
80, 867
80, 866
80, 865
80, 864
79, 863
79, 862
79, 861
78, 860
78, 859
78, 858
78, 857
78, 856
77, 855
77, 854
77, 853
77, 852
77, 851
76, 850
76, 849
76, 848
76, 847
76, 846
76, 845
76, 844
75, 843
75, 842
75, 841
75, 840
75, 839
75, 838
75, 837
75, 836
74, 835
74, 834
74, 833
74, 832
74, 831
74, 830
74, 829
74, 828
74, 827
73, 826
73, 825
73, 824
73, 823
73, 822
73, 821
73, 820
73, 819
73, 818
72, 817
72, 816
72, 815
72, 814
72, 813
72, 812
72, 811
72, 810
72, 809
72, 808
72, 807
72, 806
72, 805
72, 804
72, 803
72, 802
72, 801
72, 800
72, 799
72, 798
72, 797
72, 796
72, 795
72, 794
72, 793
72, 792
72, 791
72, 790
72, 789
72, 788
72, 787
72, 786
72, 785
72, 784
72, 783
72, 782
72, 781
72, 780
72, 779
72, 778
72, 777
72, 776
72, 775
72, 774
72, 773
72, 772
72, 771
