86, 559
86, 558
86, 557
87, 556
87, 555
87, 554
87, 553
87, 552
87, 551
87, 550
87, 549
88, 548
89, 547
89, 546
89, 545
89, 544
89, 543
89, 542
90, 541
91, 540
91, 539
91, 538
91, 537
91, 536
91, 535
92, 534
93, 533
93, 532
93, 531
93, 530
94, 529
95, 528
95, 527
95, 526
95, 525
96, 524
97, 523
97, 522
97, 521
97, 520
98, 519
99, 518
99, 517
99, 516
99, 515
100, 514
101, 513
101, 512
101, 511
102, 510
103, 509
103, 508
103, 507
104, 506
105, 505
105, 504
105, 503
106, 503
107, 502
107, 501
107, 500
108, 499
109, 498
109, 497
110, 496
111, 495
111, 494
112, 493
113, 492
113, 491
114, 490
115, 489
115, 488
116, 487
117, 486
117, 485
118, 484
119, 483
119, 482
120, 482
121, 481
121, 480
122, 479
123, 478
123, 477
124, 477
125, 476
125, 475
126, 474
127, 473
128, 472
129, 471
129, 470
130, 470
131, 469
131, 468
132, 468
133, 467
133, 466
134, 466
135, 465
135, 464
136, 464
137, 463
137, 462
138, 461
139, 460
140, 460
141, 459
141, 458
142, 458
143, 457
143, 456
144, 456
145, 455
146, 454
147, 453
148, 453
149, 452
149, 451
150, 451
151, 450
152, 449
153, 448
154, 448
155, 447
156, 446
157, 445
158, 444
159, 444
160, 443
161, 442
162, 442
163, 441
163, 440
164, 440
165, 439
166, 439
167, 438
168, 437
169, 436
170, 436
171, 435
172, 435
173, 434
174, 433
175, 433
176, 432
177, 431
178, 431
179, 430
180, 430
181, 429
182, 429
183, 429
184, 429
185, 429
186, 429
187, 428
187, 427
187, 426
187, 425
187, 424
187, 423
187, 422
187, 421
187, 420
187, 419
187, 418
187, 417
187, 416
187, 415
187, 414
187, 413
187, 412
187, 411
187, 410
187, 409
187, 408
187, 407
187, 406
187, 405
187, 404
187, 403
186, 402
186, 401
186, 400
186, 399
186, 398
186, 397
186, 396
186, 395
186, 394
186, 393
186, 392
186, 391
186, 390
186, 389
186, 388
186, 387
186, 386
186, 385
186, 384
186, 383
186, 382
186, 381
186, 380
186, 379
186, 378
187, 377
187, 376
187, 375
187, 374
187, 373
187, 372
187, 371
187, 370
187, 369
187, 368
187, 367
187, 366
187, 365
187, 364
187, 363
187, 362
187, 361
187, 360
187, 359
187, 358
187, 357
188, 356
188, 355
188, 354
188, 353
188, 352
188, 351
188, 350
188, 349
188, 348
188, 347
189, 346
189, 345
189, 344
189, 343
189, 342
189, 341
189, 340
189, 339
189, 338
189, 337
189, 336
189, 335
189, 334
189, 333
190, 332
190, 331
190, 330
190, 329
190, 328
190, 327
190, 326
190, 325
191, 324
191, 323
191, 322
191, 321
191, 320
191, 319
191, 318
191, 317
191, 316
191, 315
191, 314
191, 313
191, 312
191, 311
191, 310
192, 309
192, 308
192, 307
192, 306
192, 305
192, 304
193, 303
193, 302
193, 301
193, 300
193, 299
193, 298
193, 297
193, 296
193, 295
193, 294
193, 293
193, 292
193, 291
194, 290
194, 289
194, 288
194, 287
195, 286
195, 285
195, 284
195, 283
195, 282
195, 281
195, 280
195, 279
195, 278
195, 277
195, 276
195, 275
196, 274
196, 273
196, 272
196, 271
196, 270
197, 269
197, 268
197, 267
197, 266
197, 265
197, 264
197, 263
197, 262
197, 261
198, 260
198, 259
198, 258
198, 257
198, 256
199, 255
199, 254
199, 253
199, 252
199, 251
199, 250
199, 249
199, 248
200, 247
200, 246
200, 245
200, 244
201, 243
201, 242
201, 241
201, 240
201, 239
201, 238
201, 237
202, 236
202, 235
202, 234
202, 233
203, 232
203, 231
203, 230
203, 229
203, 228
203, 227
203, 226
204, 225
204, 224
204, 223
205, 222
205, 221
205, 220
205, 219
205, 218
205, 217
206, 216
206, 215
206, 214
207, 213
207, 212
207, 211
207, 210
207, 209
207, 208
208, 207
208, 206
208, 205
209, 204
209, 203
209, 202
209, 201
209, 200
210, 199
210, 198
210, 197
211, 196
211, 195
211, 194
211, 193
211, 192
212, 191
212, 190
212, 189
213, 188
213, 187
213, 186
213, 185
213, 184
214, 183
214, 182
214, 181
215, 180
215, 179
215, 178
215, 177
216, 176
217, 175
217, 174
218, 173
219, 172
220, 171
221, 171
222, 170
223, 170
224, 170
225, 170
226, 171
226, 172
226, 173
227, 174
228, 175
229, 176
229, 177
230, 178
230, 179
230, 180
231, 181
232, 182
233, 182
234, 182
235, 181
235, 180
236, 179
237, 179
238, 179
239, 180
240, 180
241, 181
242, 182
242, 183
243, 184
243, 185
243, 186
243, 187
243, 188
244, 189
244, 190
244, 191
245, 192
246, 193
246, 194
246, 195
247, 196
248, 197
248, 198
248, 199
248, 200
248, 201
248, 202
248, 203
249, 204
250, 205
250, 206
251, 207
251, 208
251, 209
251, 210
251, 211
251, 212
251, 213
252, 214
252, 215
252, 216
252, 217
253, 218
253, 219
253, 220
253, 221
253, 222
253, 223
254, 224
255, 225
255, 226
255, 227
255, 228
255, 229
255, 230
255, 231
255, 232
255, 233
255, 234
255, 235
255, 236
255, 237
255, 238
255, 239
255, 240
255, 241
255, 242
255, 243
255, 244
256, 245
256, 246
257, 247
257, 248
257, 249
257, 250
257, 251
257, 252
256, 253
256, 254
256, 255
257, 256
257, 257
256, 258
256, 259
256, 260
257, 261
257, 262
257, 263
257, 264
257, 265
257, 266
257, 267
257, 268
257, 269
257, 270
257, 271
257, 272
257, 273
258, 274
257, 275
257, 276
257, 277
258, 278
258, 279
258, 280
258, 281
257, 282
257, 283
257, 284
258, 285
259, 286
258, 287
258, 288
258, 289
258, 290
258, 291
259, 292
258, 293
258, 294
258, 295
258, 296
259, 297
259, 298
258, 299
258, 300
258, 301
259, 302
259, 303
259, 304
259, 305
259, 306
258, 307
258, 308
258, 309
259, 310
259, 311
259, 312
259, 313
259, 314
258, 315
258, 316
258, 317
258, 318
258, 319
259, 320
259, 321
259, 322
259, 323
259, 324
259, 325
259, 326
259, 327
259, 328
259, 329
258, 330
258, 331
258, 332
259, 333
259, 334
258, 335
258, 336
258, 337
258, 338
259, 339
259, 340
259, 341
259, 342
259, 343
259, 344
259, 345
259, 346
259, 347
259, 348
259, 349
259, 350
259, 351
258, 352
258, 353
258, 354
258, 355
259, 356
260, 357
259, 358
258, 358
257, 359
257, 360
257, 361
257, 362
258, 363
257, 363
256, 364
256, 365
256, 366
257, 367
258, 368
258, 369
258, 370
258, 371
258, 372
257, 373
257, 374
257, 375
257, 376
257, 377
257, 378
257, 379
257, 380
257, 381
258, 382
257, 383
257, 384
257, 385
257, 386
257, 387
256, 388
256, 389
256, 390
256, 391
257, 392
257, 393
257, 394
256, 394
255, 395
255, 396
255, 397
255, 398
255, 399
254, 400
254, 401
254, 402
254, 403
255, 404
254, 405
254, 406
254, 407
254, 408
253, 409
253, 410
253, 411
253, 412
252, 413
252, 414
252, 415
253, 416
253, 417
253, 418
253, 419
252, 420
252, 421
252, 422
252, 423
252, 424
253, 425
254, 425
255, 426
256, 426
257, 427
258, 428
259, 428
260, 429
261, 430
262, 431
263, 432
264, 433
265, 433
266, 434
267, 435
268, 436
269, 437
270, 437
271, 438
272, 439
273, 440
274, 441
275, 442
276, 442
276, 443
277, 444
278, 444
278, 445
279, 446
280, 446
281, 447
282, 448
283, 449
284, 449
284, 450
285, 451
286, 451
286, 452
287, 453
288, 453
288, 454
289, 455
290, 455
290, 456
291, 457
292, 457
292, 458
293, 459
294, 459
294, 460
295, 461
296, 461
296, 462
297, 463
298, 463
298, 464
299, 465
300, 466
300, 467
301, 468
302, 468
302, 469
303, 470
304, 471
304, 472
305, 473
306, 473
306, 474
307, 475
308, 476
308, 477
309, 478
310, 479
310, 480
311, 481
312, 482
312, 483
313, 484
314, 485
314, 486
315, 487
316, 488
316, 489
317, 490
318, 491
318, 492
318, 493
319, 494
320, 495
320, 496
320, 497
321, 498
322, 499
322, 500
322, 501
323, 502
324, 503
324, 504
324, 505
325, 506
326, 507
326, 508
326, 509
327, 510
327, 511
328, 512
328, 513
328, 514
328, 515
329, 516
330, 517
330, 518
330, 519
330, 520
331, 521
331, 522
332, 523
332, 524
332, 525
332, 526
333, 527
333, 528
333, 529
334, 530
334, 531
334, 532
334, 533
335, 534
335, 535
335, 536
335, 537
336, 538
336, 539
336, 540
336, 541
336, 542
336, 543
336, 544
336, 545
337, 546
337, 547
337, 548
337, 549
338, 550
338, 551
338, 552
338, 553
338, 554
338, 555
338, 556
338, 557
338, 558
338, 559
338, 560
338, 561
338, 562
338, 563
338, 564
338, 565
338, 566
337, 567
336, 568
336, 569
336, 570
336, 571
335, 572
334, 573
334, 574
333, 575
332, 576
331, 577
330, 578
329, 579
328, 580
327, 581
327, 582
327, 583
326, 583
325, 584
324, 584
323, 585
322, 585
321, 586
321, 587
320, 587
319, 588
318, 588
317, 589
316, 589
315, 590
314, 591
313, 591
312, 591
311, 592
310, 593
309, 594
308, 594
307, 595
306, 595
305, 596
304, 596
303, 596
302, 597
301, 598
300, 598
299, 598
298, 599
297, 599
296, 599
295, 599
294, 600
293, 601
292, 601
291, 602
290, 602
289, 602
288, 603
287, 603
286, 604
285, 604
284, 604
283, 605
282, 605
281, 606
280, 606
279, 606
278, 607
277, 607
276, 607
275, 608
274, 608
273, 608
272, 608
271, 609
270, 609
269, 609
268, 610
267, 610
266, 610
265, 611
264, 611
263, 611
262, 611
261, 612
260, 612
259, 612
258, 613
257, 613
256, 613
255, 613
254, 613
253, 613
252, 614
251, 614
250, 614
249, 614
248, 614
247, 614
246, 613
245, 613
244, 613
243, 613
242, 613
241, 612
240, 612
240, 611
239, 610
238, 610
237, 609
236, 608
235, 607
234, 606
233, 605
232, 604
231, 604
230, 603
229, 602
228, 601
227, 601
227, 600
226, 599
225, 598
225, 597
224, 596
223, 595
223, 594
223, 593
223, 592
222, 591
221, 590
221, 589
221, 588
221, 587
221, 586
221, 585
221, 584
221, 583
221, 582
221, 581
221, 580
220, 579
219, 579
219, 578
220, 578
221, 577
221, 576
221, 575
221, 574
220, 573
219, 572
219, 571
219, 570
220, 569
220, 568
220, 567
220, 566
221, 565
221, 564
221, 563
221, 562
221, 561
220, 560
221, 559
221, 558
221, 557
221, 556
221, 555
220, 554
219, 554
218, 554
217, 554
216, 555
216, 556
216, 557
216, 558
216, 559
216, 560
216, 561
216, 562
216, 563
216, 564
216, 565
216, 566
216, 567
216, 568
216, 569
215, 570
215, 571
215, 572
215, 573
215, 574
215, 575
215, 576
215, 577
215, 578
215, 579
215, 580
215, 581
215, 582
215, 583
215, 584
215, 585
215, 586
214, 587
214, 588
214, 589
215, 590
215, 591
214, 592
214, 593
214, 594
215, 595
215, 596
215, 597
215, 598
214, 599
214, 600
213, 601
213, 602
212, 602
211, 603
210, 603
209, 604
208, 605
207, 606
206, 606
205, 606
204, 606
203, 606
203, 605
203, 604
202, 603
203, 602
203, 601
203, 600
203, 599
203, 598
203, 597
203, 596
202, 595
201, 595
200, 595
199, 595
198, 596
198, 597
197, 597
196, 598
196, 599
195, 600
194, 601
193, 602
192, 603
191, 604
190, 605
189, 606
188, 607
187, 608
186, 609
186, 610
185, 611
185, 612
184, 613
183, 614
182, 614
181, 614
180, 614
179, 615
178, 615
177, 616
176, 616
175, 616
174, 616
173, 616
172, 616
171, 616
170, 616
169, 616
168, 616
167, 616
166, 615
165, 615
164, 615
163, 615
162, 615
161, 614
160, 614
159, 614
158, 614
157, 613
156, 613
155, 613
154, 613
153, 612
152, 612
151, 611
150, 611
149, 611
148, 611
147, 611
146, 610
145, 610
144, 609
143, 609
142, 608
141, 608
140, 608
139, 607
138, 607
137, 606
136, 606
135, 606
134, 605
133, 605
132, 604
131, 604
130, 604
129, 603
128, 603
127, 603
126, 602
125, 601
124, 600
123, 599
122, 599
121, 599
120, 598
119, 598
118, 597
117, 596
116, 595
115, 594
114, 593
113, 593
112, 592
111, 591
110, 591
109, 590
108, 589
107, 588
106, 587
105, 587
104, 586
103, 585
102, 585
101, 584
100, 583
99, 583
98, 582
97, 581
96, 581
95, 580
94, 579
93, 578
92, 578
91, 577
90, 576
90, 575
89, 574
88, 573
88, 572
87, 571
87, 570
87, 569
87, 568
87, 567
86, 566
86, 565
85, 564
85, 563
85, 562
85, 561
85, 560
