126, 558
127, 557
128, 556
128, 555
128, 554
128, 553
128, 552
128, 551
129, 550
129, 549
129, 548
129, 547
129, 546
129, 545
129, 544
129, 543
129, 542
130, 541
130, 540
130, 539
129, 538
129, 537
129, 536
130, 535
130, 534
130, 533
130, 532
130, 531
130, 530
130, 529
130, 528
130, 527
130, 526
130, 525
130, 524
130, 523
130, 522
130, 521
130, 520
130, 519
130, 518
130, 517
130, 516
130, 515
130, 514
130, 513
129, 512
130, 511
130, 510
130, 509
130, 508
130, 507
130, 506
130, 505
130, 504
130, 503
130, 502
131, 501
131, 500
131, 499
131, 498
131, 497
131, 496
131, 495
131, 494
131, 493
131, 492
131, 491
131, 490
132, 489
132, 488
132, 487
132, 486
132, 485
132, 484
132, 483
132, 482
132, 481
132, 480
132, 479
131, 478
132, 477
132, 476
132, 475
132, 474
133, 473
133, 472
133, 471
133, 470
133, 469
133, 468
133, 467
133, 466
134, 465
134, 464
134, 463
134, 462
135, 461
135, 460
135, 459
135, 458
135, 457
135, 456
135, 455
135, 454
135, 453
135, 452
135, 451
135, 450
135, 449
135, 448
135, 447
136, 446
136, 445
136, 444
136, 443
136, 442
137, 441
137, 440
137, 439
137, 438
137, 437
137, 436
137, 435
137, 434
137, 433
137, 432
137, 431
137, 430
137, 429
137, 428
137, 427
137, 426
137, 425
137, 424
138, 423
138, 422
138, 421
138, 420
138, 419
138, 418
138, 417
138, 416
138, 415
138, 414
138, 413
138, 412
139, 411
139, 410
139, 409
139, 408
138, 407
139, 406
139, 405
139, 404
140, 403
140, 402
140, 401
140, 400
140, 399
140, 398
140, 397
140, 396
140, 395
140, 394
140, 393
140, 392
140, 391
140, 390
140, 389
140, 388
141, 387
141, 386
142, 385
142, 384
142, 383
142, 382
142, 381
142, 380
142, 379
142, 378
142, 377
142, 376
142, 375
142, 374
142, 373
143, 372
143, 371
143, 370
144, 369
144, 368
144, 367
144, 366
144, 365
144, 364
144, 363
144, 362
144, 361
144, 360
144, 359
144, 358
145, 357
146, 356
146, 355
146, 354
147, 353
148, 352
149, 351
149, 350
150, 350
151, 349
151, 348
152, 347
152, 346
153, 345
153, 344
153, 343
153, 342
153, 341
153, 340
153, 339
153, 338
153, 337
154, 336
155, 335
155, 334
156, 333
157, 332
157, 331
158, 330
158, 329
159, 328
160, 327
161, 326
162, 325
163, 324
163, 323
163, 322
164, 321
164, 320
165, 319
165, 318
166, 317
166, 316
167, 315
167, 314
167, 313
167, 312
167, 311
167, 310
167, 309
167, 308
166, 307
166, 306
165, 305
164, 304
163, 303
163, 302
163, 301
162, 300
161, 299
160, 299
159, 298
158, 298
157, 297
156, 297
155, 296
154, 296
153, 295
152, 295
151, 294
150, 294
149, 293
148, 293
147, 292
146, 292
145, 291
144, 291
143, 290
142, 290
141, 289
140, 288
139, 287
138, 287
137, 287
137, 286
136, 285
135, 284
134, 283
134, 282
133, 281
132, 280
132, 279
132, 278
131, 277
131, 276
131, 275
130, 274
130, 273
129, 272
130, 272
131, 271
132, 270
133, 269
134, 268
135, 267
136, 266
136, 265
136, 264
136, 263
136, 262
137, 261
138, 261
139, 260
140, 260
141, 260
142, 260
143, 260
144, 260
145, 259
146, 258
147, 258
148, 257
148, 256
149, 256
150, 255
151, 254
151, 253
152, 252
153, 251
154, 250
155, 249
156, 248
157, 247
158, 246
159, 245
160, 244
161, 243
161, 242
162, 241
163, 240
164, 239
165, 238
166, 237
167, 236
167, 235
168, 234
169, 233
170, 232
171, 231
172, 230
173, 229
174, 228
175, 227
175, 226
176, 225
177, 224
178, 223
179, 222
180, 221
180, 220
181, 219
182, 218
183, 217
184, 216
185, 215
186, 214
186, 213
187, 212
188, 211
188, 210
189, 210
190, 209
191, 208
192, 207
192, 206
193, 205
194, 204
195, 203
196, 202
197, 201
197, 200
198, 199
199, 198
200, 197
201, 196
202, 195
202, 194
203, 194
204, 193
204, 192
205, 191
206, 190
207, 189
208, 188
208, 187
209, 186
210, 186
211, 185
211, 184
212, 183
213, 182
214, 181
214, 180
214, 179
215, 179
216, 178
217, 178
218, 177
218, 176
219, 175
220, 174
221, 173
222, 172
223, 171
223, 170
224, 169
225, 168
226, 167
226, 166
227, 165
228, 164
229, 163
230, 162
231, 161
232, 160
233, 159
234, 158
235, 157
236, 156
237, 155
237, 154
238, 154
239, 153
239, 152
240, 151
241, 150
242, 149
243, 148
244, 147
245, 146
246, 145
247, 144
247, 143
248, 142
249, 141
250, 140
251, 139
251, 138
252, 137
253, 136
254, 136
255, 135
256, 134
256, 133
257, 132
258, 131
259, 130
260, 129
260, 128
261, 127
262, 126
263, 125
264, 125
265, 124
266, 123
267, 122
268, 122
269, 122
269, 123
270, 124
270, 125
270, 126
270, 127
271, 128
271, 129
271, 130
271, 131
272, 132
272, 133
272, 134
273, 135
273, 136
273, 137
273, 138
273, 139
273, 140
274, 141
274, 142
274, 143
274, 144
274, 145
274, 146
274, 147
275, 148
275, 149
275, 150
275, 151
276, 152
276, 153
276, 154
276, 155
276, 156
277, 157
277, 158
277, 159
277, 160
277, 161
278, 162
278, 163
278, 164
278, 165
278, 166
279, 167
279, 168
279, 169
279, 170
279, 171
280, 172
280, 173
280, 174
281, 175
281, 176
281, 177
281, 178
281, 179
281, 180
281, 181
282, 182
282, 183
282, 184
282, 185
282, 186
282, 187
283, 188
283, 189
283, 190
284, 191
284, 192
284, 193
284, 194
284, 195
284, 196
284, 197
284, 198
285, 199
285, 200
285, 201
285, 202
286, 203
286, 204
287, 205
286, 206
286, 207
286, 208
286, 209
287, 210
287, 211
287, 212
288, 213
288, 214
288, 215
288, 216
288, 217
288, 218
288, 219
288, 220
289, 221
289, 222
289, 223
289, 224
290, 225
290, 226
290, 227
290, 228
290, 229
290, 230
291, 231
291, 232
291, 233
291, 234
292, 235
292, 236
292, 237
292, 238
293, 239
293, 240
293, 241
293, 242
293, 243
293, 244
293, 245
294, 246
294, 247
294, 248
294, 249
294, 250
295, 251
295, 252
296, 253
296, 254
297, 255
297, 256
297, 257
297, 258
297, 259
298, 260
298, 261
297, 262
297, 263
297, 264
297, 265
297, 266
297, 267
298, 268
298, 269
299, 270
299, 271
299, 272
299, 273
300, 274
300, 275
300, 276
300, 277
300, 278
300, 279
300, 280
300, 281
300, 282
301, 283
301, 284
301, 285
301, 286
301, 287
301, 288
301, 289
301, 290
301, 291
301, 292
302, 293
303, 294
304, 295
303, 296
303, 297
303, 298
303, 299
303, 300
303, 301
304, 302
304, 303
304, 304
304, 305
305, 306
305, 307
305, 308
306, 309
306, 310
306, 311
306, 312
306, 313
306, 314
306, 315
306, 316
306, 317
306, 318
306, 319
306, 320
306, 321
307, 322
307, 323
307, 324
307, 325
308, 326
308, 327
308, 328
308, 329
309, 330
309, 331
309, 332
309, 333
309, 334
309, 335
309, 336
309, 337
310, 338
310, 339
310, 340
310, 341
310, 342
311, 343
311, 344
311, 345
312, 346
313, 346
314, 346
315, 346
314, 347
313, 348
312, 349
311, 349
310, 350
309, 351
308, 352
308, 353
307, 354
306, 355
305, 355
304, 355
303, 355
302, 355
301, 355
300, 355
299, 354
298, 354
297, 354
296, 354
295, 354
294, 354
293, 354
292, 353
291, 353
290, 353
290, 352
289, 351
288, 351
287, 351
286, 351
285, 350
284, 350
283, 350
282, 351
281, 351
280, 351
279, 350
278, 350
277, 350
276, 350
275, 350
274, 350
273, 349
272, 349
271, 348
270, 348
269, 348
268, 349
267, 350
267, 351
266, 352
266, 353
265, 354
265, 355
265, 356
264, 357
263, 358
262, 359
262, 360
262, 361
262, 362
263, 363
262, 364
261, 364
260, 365
259, 366
258, 367
257, 368
257, 369
257, 370
256, 371
256, 372
255, 373
255, 374
255, 375
255, 376
255, 377
254, 378
254, 379
254, 380
254, 381
254, 382
253, 383
253, 384
253, 385
253, 386
253, 387
253, 388
253, 389
253, 390
253, 391
252, 392
252, 393
252, 394
252, 395
252, 396
252, 397
251, 398
251, 399
251, 400
251, 401
251, 402
251, 403
251, 404
251, 405
251, 406
251, 407
251, 408
251, 409
251, 410
251, 411
251, 412
250, 413
250, 414
250, 415
250, 416
250, 417
250, 418
249, 419
249, 420
249, 421
249, 422
249, 423
249, 424
249, 425
249, 426
249, 427
249, 428
249, 429
249, 430
249, 431
249, 432
249, 433
249, 434
248, 435
248, 436
248, 437
248, 438
248, 439
248, 440
248, 441
248, 442
248, 443
248, 444
248, 445
247, 446
247, 447
247, 448
247, 449
247, 450
247, 451
247, 452
247, 453
247, 454
247, 455
247, 456
247, 457
247, 458
247, 459
247, 460
247, 461
247, 462
247, 463
247, 464
247, 465
247, 466
248, 467
247, 468
247, 469
247, 470
247, 471
246, 472
246, 473
246, 474
246, 475
246, 476
246, 477
246, 478
246, 479
246, 480
246, 481
246, 482
246, 483
246, 484
246, 485
246, 486
246, 487
246, 488
246, 489
246, 490
246, 491
246, 492
246, 493
246, 494
246, 495
246, 496
246, 497
246, 498
246, 499
246, 500
246, 501
246, 502
246, 503
246, 504
246, 505
246, 506
246, 507
246, 508
246, 509
245, 510
245, 511
245, 512
245, 513
245, 514
245, 515
245, 516
245, 517
245, 518
245, 519
245, 520
245, 521
245, 522
245, 523
246, 524
245, 525
245, 526
245, 527
245, 528
245, 529
245, 530
245, 531
245, 532
245, 533
245, 534
245, 535
245, 536
244, 537
244, 538
244, 539
244, 540
244, 541
244, 542
244, 543
244, 544
244, 545
244, 546
245, 547
245, 548
244, 549
244, 550
244, 551
244, 552
244, 553
244, 554
244, 555
244, 556
244, 557
244, 558
244, 559
244, 560
244, 561
244, 562
244, 563
244, 564
244, 565
244, 566
244, 567
244, 568
244, 569
244, 570
244, 571
244, 572
244, 573
244, 574
244, 575
244, 576
244, 577
244, 578
244, 579
244, 580
244, 581
244, 582
244, 583
244, 584
244, 585
244, 586
243, 587
243, 588
243, 589
243, 590
243, 591
243, 592
243, 593
244, 594
244, 595
244, 596
244, 597
244, 598
244, 599
244, 600
244, 601
244, 602
244, 603
244, 604
243, 605
243, 606
243, 607
243, 608
243, 609
243, 610
243, 611
243, 612
243, 613
244, 614
243, 615
243, 616
243, 617
243, 618
243, 619
243, 620
243, 621
243, 622
243, 623
243, 624
243, 625
243, 626
243, 627
243, 628
243, 629
243, 630
243, 631
243, 632
243, 633
243, 634
243, 635
243, 636
243, 637
243, 638
243, 639
243, 640
243, 641
244, 642
244, 643
244, 644
243, 645
243, 646
243, 647
243, 648
243, 649
243, 650
243, 651
244, 652
244, 653
244, 654
244, 655
244, 656
244, 657
244, 658
244, 659
244, 660
244, 661
244, 662
244, 663
244, 664
244, 665
244, 666
244, 667
244, 668
244, 669
245, 670
245, 671
245, 672
245, 673
245, 674
245, 675
245, 676
245, 677
245, 678
245, 679
245, 680
245, 681
245, 682
245, 683
245, 684
245, 685
245, 686
245, 687
245, 688
245, 689
245, 690
245, 691
245, 692
245, 693
245, 694
246, 695
246, 696
246, 697
246, 698
246, 699
246, 700
246, 701
246, 702
246, 703
246, 704
246, 705
247, 706
247, 707
246, 708
246, 709
246, 710
246, 711
246, 712
246, 713
247, 714
247, 715
247, 716
247, 717
247, 718
247, 719
247, 720
247, 721
247, 722
247, 723
247, 724
247, 725
247, 726
248, 727
248, 728
248, 729
248, 730
248, 731
248, 732
248, 733
248, 734
248, 735
249, 736
248, 737
248, 738
248, 739
247, 740
247, 741
247, 742
246, 742
245, 743
244, 743
243, 743
242, 744
241, 744
240, 744
239, 745
238, 745
237, 745
236, 745
235, 745
234, 746
233, 746
232, 747
231, 747
230, 747
229, 747
228, 747
227, 747
226, 747
225, 747
224, 748
223, 748
222, 748
221, 749
220, 749
219, 749
218, 749
217, 749
216, 750
215, 750
214, 750
213, 750
212, 750
211, 751
210, 751
209, 751
208, 751
207, 751
206, 752
205, 752
204, 751
203, 751
202, 751
201, 752
201, 753
200, 753
199, 753
198, 753
197, 753
196, 753
195, 753
194, 753
193, 754
192, 754
191, 755
190, 755
189, 755
188, 755
187, 755
186, 755
185, 755
184, 755
183, 755
182, 755
181, 755
180, 756
179, 757
178, 757
177, 757
176, 757
175, 757
174, 758
173, 758
172, 758
171, 758
170, 759
169, 759
168, 759
167, 759
166, 759
165, 759
164, 759
163, 759
162, 760
161, 759
160, 759
159, 759
158, 759
157, 759
156, 759
155, 759
154, 759
153, 759
152, 760
151, 760
150, 760
149, 759
149, 758
149, 757
148, 756
148, 755
148, 754
148, 753
147, 752
147, 751
147, 750
147, 749
147, 748
147, 747
147, 746
147, 745
147, 744
146, 743
146, 742
146, 741
146, 740
146, 739
146, 738
145, 737
145, 736
145, 735
145, 734
145, 733
145, 732
144, 731
144, 730
144, 729
143, 728
143, 727
143, 726
143, 725
143, 724
143, 723
143, 722
142, 721
142, 720
142, 719
142, 718
142, 717
141, 716
141, 715
141, 714
141, 713
140, 712
140, 711
140, 710
140, 709
140, 708
140, 707
139, 706
139, 705
139, 704
138, 703
138, 702
138, 701
138, 700
138, 699
138, 698
138, 697
137, 696
137, 695
137, 694
137, 693
137, 692
136, 691
136, 690
136, 689
136, 688
136, 687
136, 686
136, 685
136, 684
136, 683
136, 682
136, 681
135, 680
135, 679
135, 678
134, 677
134, 676
134, 675
134, 674
134, 673
134, 672
134, 671
133, 670
133, 669
133, 668
133, 667
133, 666
133, 665
133, 664
132, 663
132, 662
132, 661
132, 660
132, 659
132, 658
132, 657
132, 656
132, 655
131, 654
131, 653
131, 652
131, 651
131, 650
131, 649
131, 648
131, 647
131, 646
131, 645
130, 644
130, 643
130, 642
130, 641
130, 640
130, 639
130, 638
130, 637
130, 636
130, 635
130, 634
130, 633
130, 632
129, 631
129, 630
129, 629
129, 628
129, 627
129, 626
129, 625
129, 624
129, 623
128, 622
128, 621
128, 620
128, 619
128, 618
128, 617
128, 616
128, 615
127, 614
127, 613
126, 612
127, 611
127, 610
127, 609
127, 608
127, 607
127, 606
127, 605
127, 604
127, 603
127, 602
127, 601
127, 600
127, 599
127, 598
127, 597
127, 596
127, 595
127, 594
127, 593
127, 592
127, 591
127, 590
127, 589
127, 588
127, 587
127, 586
127, 585
127, 584
127, 583
127, 582
127, 581
127, 580
127, 579
127, 578
127, 577
127, 576
127, 575
127, 574
127, 573
127, 572
127, 571
127, 570
128, 569
128, 568
128, 567
128, 566
128, 565
128, 564
128, 563
127, 562
126, 561
125, 561
125, 560
125, 559
