185, 1031
185, 1030
185, 1029
185, 1028
186, 1027
186, 1026
187, 1025
187, 1024
187, 1023
187, 1022
188, 1021
188, 1020
189, 1019
189, 1018
189, 1017
189, 1016
189, 1015
189, 1014
189, 1013
189, 1012
189, 1011
189, 1010
189, 1009
189, 1008
189, 1007
190, 1006
191, 1005
191, 1004
191, 1003
191, 1002
192, 1001
193, 1000
193, 999
194, 998
194, 997
194, 996
194, 995
194, 994
194, 993
194, 992
194, 991
194, 990
194, 989
194, 988
194, 987
194, 986
195, 985
195, 984
195, 983
195, 982
195, 981
195, 980
195, 979
195, 978
195, 977
195, 976
195, 975
196, 974
196, 973
196, 972
195, 971
195, 970
195, 969
195, 968
196, 967
196, 966
196, 965
196, 964
196, 963
196, 962
196, 961
196, 960
196, 959
196, 958
197, 957
197, 956
197, 955
197, 954
197, 953
197, 952
197, 951
197, 950
197, 949
197, 948
197, 947
197, 946
197, 945
197, 944
197, 943
197, 942
197, 941
197, 940
197, 939
197, 938
198, 937
198, 936
198, 935
198, 934
198, 933
198, 932
198, 931
198, 930
198, 929
198, 928
198, 927
198, 926
198, 925
198, 924
199, 923
199, 922
199, 921
199, 920
199, 919
199, 918
199, 917
199, 916
199, 915
199, 914
199, 913
199, 912
199, 911
199, 910
199, 909
199, 908
199, 907
199, 906
200, 905
200, 904
200, 903
200, 902
200, 901
199, 900
199, 899
199, 898
200, 897
200, 896
200, 895
200, 894
200, 893
200, 892
200, 891
200, 890
200, 889
200, 888
200, 887
200, 886
200, 885
200, 884
200, 883
200, 882
201, 881
201, 880
201, 879
201, 878
201, 877
201, 876
201, 875
201, 874
201, 873
201, 872
201, 871
201, 870
201, 869
201, 868
202, 867
202, 866
202, 865
202, 864
202, 863
202, 862
201, 861
201, 860
201, 859
200, 858
200, 857
200, 856
201, 855
202, 854
202, 853
202, 852
202, 851
202, 850
203, 849
203, 848
203, 847
203, 846
203, 845
203, 844
203, 843
203, 842
203, 841
203, 840
203, 839
203, 838
203, 837
203, 836
203, 835
203, 834
204, 833
204, 832
204, 831
204, 830
204, 829
204, 828
204, 827
204, 826
205, 825
205, 824
205, 823
205, 822
205, 821
205, 820
205, 819
205, 818
205, 817
205, 816
205, 815
205, 814
205, 813
205, 812
205, 811
205, 810
205, 809
205, 808
205, 807
205, 806
205, 805
205, 804
206, 803
206, 802
206, 801
206, 800
206, 799
206, 798
206, 797
206, 796
206, 795
206, 794
206, 793
206, 792
207, 791
207, 790
207, 789
207, 788
207, 787
207, 786
207, 785
207, 784
207, 783
207, 782
207, 781
207, 780
207, 779
207, 778
207, 777
207, 776
207, 775
207, 774
207, 773
207, 772
207, 771
207, 770
207, 769
207, 768
207, 767
207, 766
207, 765
206, 764
206, 763
206, 762
207, 761
207, 760
207, 759
207, 758
208, 757
208, 756
208, 755
208, 754
208, 753
208, 752
208, 751
208, 750
208, 749
208, 748
208, 747
208, 746
209, 745
209, 744
209, 743
209, 742
209, 741
209, 740
209, 739
209, 738
209, 737
209, 736
209, 735
209, 734
209, 733
209, 732
209, 731
209, 730
210, 729
210, 728
210, 727
210, 726
210, 725
210, 724
210, 723
210, 722
211, 721
211, 720
211, 719
211, 718
211, 717
211, 716
211, 715
211, 714
211, 713
211, 712
211, 711
211, 710
211, 709
211, 708
211, 707
210, 706
211, 705
211, 704
211, 703
211, 702
212, 701
212, 700
212, 699
212, 698
212, 697
212, 696
212, 695
212, 694
212, 693
212, 692
212, 691
212, 690
212, 689
212, 688
212, 687
212, 686
212, 685
212, 684
211, 683
211, 682
212, 681
212, 680
212, 679
212, 678
212, 677
212, 676
212, 675
212, 674
212, 673
212, 672
212, 671
212, 670
212, 669
212, 668
212, 667
212, 666
212, 665
212, 664
212, 663
213, 662
213, 661
213, 660
213, 659
213, 658
213, 657
213, 656
213, 655
213, 654
213, 653
213, 652
213, 651
213, 650
213, 649
213, 648
213, 647
213, 646
214, 645
214, 644
214, 643
213, 642
213, 641
213, 640
213, 639
214, 638
214, 637
214, 636
215, 635
215, 634
216, 633
216, 632
217, 631
217, 630
217, 629
217, 628
217, 627
217, 626
217, 625
217, 624
217, 623
217, 622
217, 621
216, 620
216, 619
216, 618
216, 617
216, 616
217, 615
217, 614
217, 613
217, 612
217, 611
217, 610
217, 609
217, 608
217, 607
217, 606
218, 605
218, 604
218, 603
218, 602
218, 601
218, 600
218, 599
218, 598
217, 597
217, 596
218, 595
219, 594
220, 593
220, 592
221, 591
221, 590
221, 589
221, 588
221, 587
221, 586
221, 585
221, 584
221, 583
221, 582
221, 581
221, 580
221, 579
221, 578
221, 577
220, 576
220, 575
219, 574
219, 573
219, 572
218, 571
218, 570
218, 569
218, 568
218, 567
218, 566
218, 565
218, 564
218, 563
219, 562
219, 561
219, 560
219, 559
219, 558
219, 557
219, 556
219, 555
219, 554
220, 553
220, 552
220, 551
220, 550
220, 549
220, 548
220, 547
220, 546
220, 545
220, 544
220, 543
220, 542
220, 541
219, 540
219, 539
219, 538
220, 537
220, 536
220, 535
220, 534
220, 533
220, 532
220, 531
219, 530
218, 529
217, 528
216, 528
215, 527
215, 526
215, 525
215, 524
216, 523
216, 522
216, 521
216, 520
216, 519
217, 518
218, 517
219, 516
219, 515
219, 514
220, 513
220, 512
220, 511
220, 510
220, 509
220, 508
220, 507
220, 506
220, 505
220, 504
219, 503
218, 503
217, 502
218, 501
218, 500
219, 500
220, 499
221, 498
222, 497
222, 496
223, 495
223, 494
223, 493
223, 492
222, 491
221, 490
220, 490
219, 489
218, 489
217, 488
216, 488
215, 488
214, 487
213, 487
212, 487
212, 486
212, 485
211, 484
210, 484
209, 484
208, 484
207, 484
206, 484
205, 484
204, 483
203, 482
202, 482
201, 481
201, 480
200, 479
199, 479
198, 479
197, 478
196, 478
195, 477
195, 476
194, 475
194, 474
193, 473
193, 472
193, 471
193, 470
192, 469
191, 468
190, 467
190, 466
191, 465
191, 464
191, 463
192, 462
193, 461
194, 460
194, 459
194, 458
195, 457
195, 456
195, 455
196, 454
196, 453
196, 452
196, 451
196, 450
197, 449
198, 448
199, 447
200, 446
201, 445
201, 444
201, 443
201, 442
201, 441
201, 440
201, 439
201, 438
201, 437
201, 436
201, 435
201, 434
201, 433
201, 432
201, 431
202, 430
202, 429
203, 428
204, 427
205, 426
206, 425
207, 424
207, 423
208, 422
208, 421
209, 420
210, 419
211, 418
212, 417
212, 416
212, 415
213, 414
213, 413
213, 412
213, 411
213, 410
213, 409
214, 409
215, 408
216, 407
217, 406
217, 405
217, 404
217, 403
218, 402
218, 401
218, 400
218, 399
218, 398
218, 397
219, 396
220, 396
221, 395
222, 395
223, 394
224, 393
224, 392
225, 391
225, 390
225, 389
224, 388
223, 388
222, 388
221, 388
221, 387
220, 386
220, 385
220, 384
220, 383
220, 382
221, 381
221, 380
222, 379
222, 378
223, 377
223, 376
224, 375
224, 374
224, 373
224, 372
224, 371
223, 370
223, 369
223, 368
223, 367
224, 366
225, 365
226, 364
227, 363
227, 362
228, 361
229, 360
230, 359
230, 358
231, 357
231, 356
232, 355
232, 354
232, 353
232, 352
232, 351
233, 351
234, 350
235, 349
235, 348
236, 347
236, 346
237, 345
237, 344
237, 343
238, 342
239, 341
239, 340
240, 339
241, 338
242, 337
243, 337
244, 336
245, 336
246, 335
247, 334
247, 333
248, 332
249, 331
249, 330
250, 329
251, 328
251, 327
252, 326
253, 325
254, 324
255, 323
255, 322
256, 321
256, 320
257, 319
257, 318
258, 317
259, 316
260, 315
260, 314
261, 313
261, 312
262, 311
263, 310
264, 309
265, 309
266, 309
267, 309
268, 310
269, 310
270, 310
271, 310
272, 310
273, 310
274, 310
275, 309
276, 309
277, 309
278, 309
279, 310
280, 311
281, 312
282, 313
282, 314
282, 315
282, 316
282, 317
282, 318
282, 319
282, 320
282, 321
283, 322
283, 323
284, 324
284, 325
285, 326
285, 327
285, 328
286, 329
286, 330
287, 331
287, 332
288, 333
288, 334
289, 335
289, 336
290, 337
290, 338
290, 339
290, 340
291, 341
291, 342
292, 343
292, 344
292, 345
293, 346
293, 347
293, 348
294, 349
294, 350
294, 351
295, 352
295, 353
296, 354
296, 355
296, 356
297, 357
297, 358
298, 359
298, 360
298, 361
299, 362
299, 363
300, 364
301, 365
301, 366
302, 367
302, 368
303, 369
303, 370
303, 371
304, 372
305, 373
305, 374
305, 375
305, 376
306, 377
306, 378
306, 379
307, 380
307, 381
308, 382
308, 383
309, 384
310, 385
310, 386
310, 387
310, 388
311, 389
311, 390
312, 391
313, 392
314, 392
315, 393
316, 393
317, 394
317, 395
318, 396
319, 397
320, 397
320, 398
321, 399
321, 400
321, 401
321, 402
321, 403
322, 404
323, 404
323, 405
322, 405
321, 406
321, 407
321, 408
321, 409
322, 410
323, 410
324, 411
324, 412
324, 413
324, 414
324, 415
325, 416
326, 417
327, 417
328, 418
329, 418
330, 419
330, 420
330, 421
330, 422
331, 423
331, 424
332, 425
333, 425
333, 426
333, 427
333, 428
334, 429
334, 430
334, 431
335, 432
335, 433
335, 434
336, 435
336, 436
337, 437
338, 438
338, 439
339, 440
339, 441
339, 442
339, 443
340, 444
340, 445
341, 446
341, 447
341, 448
341, 449
342, 450
342, 451
342, 452
343, 453
343, 454
343, 455
344, 456
344, 457
345, 458
346, 459
346, 460
346, 461
346, 462
346, 463
347, 464
347, 465
348, 466
348, 467
349, 468
350, 469
351, 470
352, 471
353, 472
353, 473
353, 474
353, 475
353, 476
353, 477
354, 478
354, 479
353, 480
353, 481
352, 482
352, 483
351, 484
350, 485
349, 485
348, 485
347, 486
346, 486
345, 486
344, 486
343, 486
342, 487
341, 487
340, 488
339, 488
338, 489
337, 489
336, 489
335, 490
334, 490
333, 490
332, 490
331, 491
330, 491
329, 491
328, 492
327, 492
326, 492
325, 493
324, 493
323, 493
322, 493
321, 493
320, 493
319, 493
318, 492
317, 492
316, 492
315, 492
314, 493
313, 494
313, 495
313, 496
313, 497
312, 498
312, 499
312, 500
311, 501
311, 502
310, 503
310, 504
310, 505
310, 506
310, 507
310, 508
310, 509
309, 510
309, 511
309, 512
309, 513
309, 514
309, 515
309, 516
309, 517
309, 518
309, 519
309, 520
308, 521
308, 522
308, 523
308, 524
308, 525
308, 526
308, 527
308, 528
308, 529
308, 530
307, 531
307, 532
307, 533
308, 534
308, 535
308, 536
308, 537
308, 538
307, 539
307, 540
307, 541
307, 542
307, 543
307, 544
308, 545
308, 546
308, 547
307, 548
307, 549
307, 550
306, 551
306, 552
306, 553
306, 554
306, 555
306, 556
306, 557
306, 558
306, 559
307, 560
306, 561
306, 562
306, 563
306, 564
306, 565
305, 566
305, 567
305, 568
304, 569
304, 570
304, 571
304, 572
304, 573
304, 574
304, 575
304, 576
304, 577
304, 578
304, 579
304, 580
304, 581
304, 582
304, 583
303, 584
303, 585
303, 586
303, 587
304, 588
303, 589
303, 590
303, 591
303, 592
303, 593
303, 594
303, 595
303, 596
303, 597
303, 598
303, 599
303, 600
303, 601
303, 602
303, 603
302, 604
302, 605
302, 606
302, 607
302, 608
302, 609
302, 610
302, 611
302, 612
302, 613
302, 614
302, 615
301, 616
301, 617
301, 618
301, 619
301, 620
301, 621
301, 622
301, 623
301, 624
300, 625
300, 626
300, 627
300, 628
300, 629
300, 630
300, 631
300, 632
300, 633
300, 634
300, 635
300, 636
300, 637
300, 638
300, 639
300, 640
300, 641
300, 642
300, 643
300, 644
300, 645
300, 646
299, 647
299, 648
299, 649
300, 650
300, 651
299, 652
299, 653
299, 654
299, 655
299, 656
299, 657
299, 658
298, 659
298, 660
298, 661
298, 662
298, 663
298, 664
298, 665
298, 666
298, 667
298, 668
298, 669
298, 670
298, 671
298, 672
298, 673
298, 674
298, 675
298, 676
298, 677
298, 678
298, 679
298, 680
298, 681
298, 682
297, 683
297, 684
297, 685
297, 686
297, 687
297, 688
297, 689
297, 690
297, 691
297, 692
297, 693
298, 694
298, 695
298, 696
298, 697
297, 698
297, 699
297, 700
297, 701
297, 702
297, 703
297, 704
297, 705
297, 706
297, 707
297, 708
297, 709
297, 710
297, 711
297, 712
297, 713
297, 714
297, 715
297, 716
297, 717
297, 718
297, 719
297, 720
297, 721
297, 722
297, 723
297, 724
296, 725
296, 726
296, 727
296, 728
296, 729
296, 730
296, 731
296, 732
296, 733
296, 734
296, 735
296, 736
296, 737
296, 738
296, 739
296, 740
297, 741
297, 742
297, 743
297, 744
297, 745
297, 746
298, 747
297, 748
296, 749
296, 750
296, 751
296, 752
296, 753
296, 754
296, 755
296, 756
296, 757
296, 758
296, 759
296, 760
296, 761
296, 762
296, 763
296, 764
296, 765
297, 766
296, 767
296, 768
296, 769
296, 770
296, 771
296, 772
296, 773
296, 774
296, 775
296, 776
296, 777
296, 778
297, 779
297, 780
297, 781
297, 782
297, 783
297, 784
297, 785
297, 786
297, 787
297, 788
297, 789
297, 790
297, 791
297, 792
297, 793
297, 794
297, 795
297, 796
297, 797
297, 798
297, 799
297, 800
297, 801
297, 802
297, 803
297, 804
297, 805
297, 806
297, 807
297, 808
297, 809
297, 810
297, 811
297, 812
296, 813
296, 814
296, 815
296, 816
296, 817
296, 818
296, 819
296, 820
297, 821
297, 822
297, 823
298, 824
298, 825
298, 826
298, 827
298, 828
298, 829
297, 830
297, 831
297, 832
297, 833
297, 834
297, 835
297, 836
297, 837
296, 838
296, 839
296, 840
296, 841
296, 842
296, 843
296, 844
296, 845
296, 846
296, 847
296, 848
296, 849
296, 850
296, 851
296, 852
296, 853
296, 854
295, 855
295, 856
295, 857
295, 858
296, 859
296, 860
296, 861
296, 862
296, 863
295, 864
295, 865
295, 866
295, 867
296, 868
296, 869
296, 870
296, 871
295, 872
295, 873
295, 874
295, 875
295, 876
295, 877
295, 878
295, 879
295, 880
295, 881
295, 882
295, 883
295, 884
295, 885
295, 886
295, 887
294, 888
294, 889
294, 890
294, 891
294, 892
294, 893
294, 894
294, 895
294, 896
294, 897
294, 898
294, 899
294, 900
294, 901
294, 902
294, 903
294, 904
293, 905
293, 906
293, 907
293, 908
293, 909
293, 910
294, 911
293, 912
293, 913
293, 914
293, 915
293, 916
294, 917
294, 918
294, 919
294, 920
294, 921
295, 922
295, 923
295, 924
295, 925
295, 926
294, 927
294, 928
294, 929
294, 930
294, 931
294, 932
294, 933
294, 934
294, 935
294, 936
294, 937
294, 938
293, 939
293, 940
293, 941
293, 942
293, 943
293, 944
293, 945
293, 946
293, 947
294, 948
294, 949
294, 950
294, 951
293, 952
293, 953
293, 954
293, 955
294, 956
294, 957
294, 958
294, 959
294, 960
293, 961
293, 962
293, 963
294, 964
294, 965
294, 966
294, 967
294, 968
294, 969
295, 970
295, 971
295, 972
296, 973
296, 974
296, 975
296, 976
296, 977
296, 978
296, 979
296, 980
297, 981
297, 982
297, 983
297, 984
297, 985
297, 986
297, 987
298, 988
298, 989
298, 990
298, 991
299, 992
299, 993
300, 994
300, 995
300, 996
301, 997
301, 998
301, 999
301, 1000
301, 1001
302, 1002
302, 1003
302, 1004
302, 1005
302, 1006
302, 1007
302, 1008
302, 1009
302, 1010
302, 1011
302, 1012
303, 1013
303, 1014
304, 1015
305, 1015
305, 1016
305, 1017
305, 1018
305, 1019
306, 1020
305, 1021
305, 1022
305, 1023
305, 1024
305, 1025
305, 1026
304, 1027
304, 1028
304, 1029
304, 1030
304, 1031
304, 1032
304, 1033
304, 1034
304, 1035
304, 1036
303, 1037
303, 1038
303, 1039
303, 1040
302, 1041
302, 1042
302, 1043
302, 1044
303, 1045
303, 1046
303, 1047
303, 1048
302, 1049
302, 1050
302, 1051
302, 1052
302, 1053
302, 1054
302, 1055
302, 1056
302, 1057
301, 1058
301, 1059
300, 1060
300, 1061
300, 1062
299, 1063
298, 1064
298, 1065
298, 1066
297, 1066
296, 1066
295, 1067
294, 1067
293, 1068
293, 1069
293, 1070
293, 1071
292, 1071
291, 1071
290, 1071
289, 1072
288, 1073
288, 1074
288, 1075
288, 1076
288, 1077
287, 1078
286, 1078
285, 1078
284, 1079
283, 1080
282, 1081
281, 1082
280, 1083
280, 1084
280, 1085
279, 1085
278, 1084
277, 1084
276, 1084
275, 1085
274, 1086
274, 1087
273, 1087
273, 1086
272, 1085
271, 1084
270, 1083
269, 1083
268, 1083
267, 1083
266, 1083
265, 1084
264, 1083
263, 1082
262, 1082
261, 1082
261, 1081
261, 1080
261, 1079
261, 1078
260, 1077
259, 1077
258, 1076
257, 1076
256, 1076
255, 1076
254, 1075
253, 1075
252, 1075
251, 1075
250, 1075
249, 1075
248, 1075
247, 1075
246, 1075
246, 1074
246, 1073
245, 1072
244, 1072
243, 1072
242, 1072
241, 1073
241, 1074
240, 1074
239, 1073
238, 1073
237, 1073
236, 1073
235, 1073
234, 1073
233, 1073
232, 1072
231, 1072
230, 1072
229, 1072
228, 1071
227, 1071
226, 1070
225, 1070
224, 1070
223, 1071
222, 1072
222, 1071
222, 1070
221, 1069
220, 1069
219, 1069
218, 1070
218, 1071
217, 1071
216, 1071
215, 1072
214, 1072
213, 1073
212, 1073
211, 1072
210, 1072
209, 1072
208, 1072
207, 1072
206, 1071
205, 1071
204, 1071
203, 1071
202, 1071
201, 1071
200, 1072
200, 1073
199, 1073
198, 1074
197, 1074
196, 1074
195, 1074
194, 1075
193, 1074
192, 1073
191, 1073
190, 1073
189, 1073
188, 1073
188, 1072
187, 1071
187, 1070
187, 1069
186, 1068
186, 1067
186, 1066
186, 1065
186, 1064
186, 1063
185, 1062
186, 1061
186, 1060
186, 1059
186, 1058
186, 1057
186, 1056
186, 1055
185, 1054
185, 1053
185, 1052
185, 1051
185, 1050
185, 1049
185, 1048
185, 1047
185, 1046
184, 1045
185, 1044
185, 1043
185, 1042
185, 1041
185, 1040
185, 1039
185, 1038
185, 1037
185, 1036
185, 1035
185, 1034
185, 1033
184, 1032
