222, 275
223, 274
224, 273
225, 272
226, 271
227, 270
228, 269
229, 268
230, 268
231, 267
232, 266
233, 265
234, 264
235, 263
235, 262
236, 261
236, 260
237, 259
238, 258
238, 257
239, 256
240, 255
240, 254
241, 253
241, 252
242, 251
242, 250
242, 249
243, 248
243, 247
244, 246
245, 245
245, 244
245, 243
246, 242
246, 241
246, 240
247, 239
248, 238
248, 237
249, 236
249, 235
249, 234
250, 233
250, 232
250, 231
250, 230
250, 229
251, 228
251, 227
251, 226
252, 225
253, 224
253, 223
254, 222
254, 221
254, 220
254, 219
255, 218
255, 217
255, 216
255, 215
255, 214
256, 213
256, 212
256, 211
257, 210
257, 209
258, 208
258, 207
258, 206
259, 205
260, 204
260, 203
260, 202
261, 201
261, 200
262, 199
262, 198
262, 197
263, 196
264, 195
264, 194
265, 193
266, 192
267, 191
267, 190
268, 189
268, 188
268, 187
268, 186
268, 185
268, 184
269, 183
269, 182
270, 181
270, 180
270, 179
271, 178
271, 177
271, 176
271, 175
271, 174
272, 173
273, 172
274, 171
274, 170
275, 169
275, 168
276, 167
276, 166
277, 165
278, 164
279, 163
280, 163
281, 163
282, 163
283, 164
284, 164
285, 164
286, 164
287, 165
288, 166
289, 166
290, 167
291, 168
292, 168
293, 169
294, 170
295, 170
296, 171
297, 172
298, 172
299, 173
300, 174
301, 174
302, 174
303, 174
304, 174
304, 175
305, 176
306, 177
307, 178
308, 179
309, 179
310, 180
311, 181
312, 182
313, 182
314, 183
315, 184
316, 185
317, 185
318, 186
319, 187
320, 188
321, 189
322, 190
323, 190
324, 191
325, 192
326, 193
327, 194
328, 194
329, 195
330, 196
331, 197
332, 197
333, 198
334, 199
335, 200
336, 201
337, 201
338, 202
339, 203
340, 204
341, 204
342, 204
342, 205
343, 206
344, 206
345, 207
346, 207
347, 208
348, 209
349, 210
350, 210
351, 211
352, 212
353, 213
354, 214
355, 214
356, 215
357, 216
358, 217
359, 217
360, 218
361, 219
362, 220
363, 221
364, 222
365, 223
366, 224
367, 224
368, 225
369, 226
370, 227
371, 228
371, 229
371, 230
371, 231
372, 232
373, 233
373, 234
374, 235
375, 236
375, 237
376, 238
377, 239
378, 240
379, 240
379, 241
380, 242
381, 243
382, 244
383, 244
384, 245
385, 246
386, 247
387, 248
388, 248
389, 249
389, 250
390, 251
391, 252
392, 252
392, 253
393, 254
394, 254
395, 255
396, 256
397, 257
398, 257
399, 258
400, 259
401, 260
402, 260
402, 261
403, 262
404, 262
405, 263
406, 264
407, 264
408, 265
409, 265
410, 265
411, 265
412, 266
412, 267
413, 268
414, 268
414, 269
415, 270
415, 271
415, 272
415, 273
415, 274
415, 275
415, 276
415, 277
415, 278
415, 279
415, 280
415, 281
416, 282
417, 283
417, 284
418, 285
419, 286
420, 287
421, 288
422, 289
423, 290
423, 291
424, 292
424, 293
425, 294
424, 295
423, 295
422, 295
421, 295
420, 296
419, 295
418, 295
417, 295
416, 295
415, 295
414, 295
413, 296
412, 297
412, 298
412, 299
411, 299
410, 298
409, 297
408, 296
407, 295
406, 295
405, 295
404, 295
403, 295
402, 295
401, 295
400, 295
399, 295
398, 294
397, 294
396, 294
395, 294
394, 294
393, 294
392, 294
391, 294
390, 294
389, 294
388, 294
387, 294
386, 294
385, 294
384, 294
383, 294
382, 294
381, 294
380, 294
379, 294
378, 294
377, 294
376, 294
375, 294
374, 294
373, 294
372, 294
371, 294
370, 294
369, 294
368, 294
367, 294
366, 294
365, 294
364, 294
363, 294
362, 294
361, 294
360, 295
359, 296
359, 297
359, 298
359, 299
359, 300
359, 301
359, 302
359, 303
360, 304
360, 305
360, 306
361, 307
361, 308
362, 309
363, 310
364, 311
365, 312
366, 312
367, 312
368, 313
368, 314
369, 315
369, 316
369, 317
369, 318
370, 319
370, 320
370, 321
370, 322
370, 323
370, 324
371, 325
371, 326
371, 327
372, 328
372, 329
372, 330
372, 331
372, 332
372, 333
373, 334
373, 335
373, 336
374, 337
375, 338
374, 339
373, 339
372, 339
371, 340
370, 341
370, 342
370, 343
370, 344
370, 345
370, 346
370, 347
369, 348
369, 349
369, 350
369, 351
369, 352
369, 353
369, 354
370, 355
370, 356
370, 357
371, 358
371, 359
371, 360
371, 361
371, 362
371, 363
371, 364
372, 365
372, 366
373, 367
373, 368
373, 369
373, 370
373, 371
374, 372
374, 373
374, 374
374, 375
374, 376
375, 377
375, 378
375, 379
376, 380
376, 381
376, 382
376, 383
376, 384
377, 385
377, 386
377, 387
377, 388
378, 389
378, 390
378, 391
379, 392
379, 393
380, 394
380, 395
381, 396
381, 397
381, 398
381, 399
381, 400
381, 401
382, 402
382, 403
382, 404
383, 405
384, 406
384, 407
384, 408
384, 409
385, 410
385, 411
385, 412
385, 413
385, 414
386, 415
386, 416
386, 417
387, 418
387, 419
388, 420
388, 421
388, 422
389, 423
389, 424
389, 425
389, 426
390, 427
390, 428
391, 429
391, 430
391, 431
392, 432
392, 433
393, 434
393, 435
393, 436
394, 437
395, 438
395, 439
395, 440
396, 441
396, 442
396, 443
397, 444
397, 445
397, 446
398, 447
398, 448
399, 449
399, 450
400, 451
400, 452
401, 453
401, 454
401, 455
402, 456
402, 457
403, 458
403, 459
403, 460
404, 461
405, 462
405, 463
405, 464
406, 465
406, 466
406, 467
407, 468
408, 469
408, 470
408, 471
408, 472
408, 473
409, 474
409, 475
409, 476
410, 477
410, 478
410, 479
411, 480
411, 481
411, 482
412, 483
412, 484
412, 485
412, 486
413, 487
413, 488
413, 489
413, 490
413, 491
413, 492
413, 493
414, 494
415, 495
415, 496
416, 497
416, 498
417, 499
418, 500
419, 501
420, 502
420, 503
421, 504
422, 505
423, 506
424, 507
425, 508
426, 509
427, 510
427, 511
428, 512
429, 513
430, 514
430, 515
431, 516
432, 517
433, 518
433, 519
434, 520
435, 521
436, 522
437, 523
437, 524
438, 525
439, 526
440, 527
441, 528
441, 529
442, 530
443, 531
444, 532
444, 533
445, 534
446, 535
446, 536
447, 537
448, 538
449, 539
450, 540
450, 541
451, 542
451, 543
452, 544
453, 545
454, 546
455, 547
455, 548
456, 549
457, 550
458, 551
458, 552
459, 553
459, 554
460, 555
461, 556
461, 557
462, 558
463, 559
464, 560
465, 561
466, 562
467, 563
468, 564
468, 565
469, 566
470, 567
471, 568
472, 568
473, 569
474, 570
475, 571
476, 572
476, 573
477, 574
478, 574
479, 575
480, 576
481, 577
482, 577
483, 578
484, 579
485, 580
486, 581
487, 582
488, 583
489, 584
490, 585
491, 585
492, 586
493, 587
494, 588
495, 588
496, 589
497, 590
498, 591
499, 592
500, 593
501, 594
502, 595
503, 596
504, 596
505, 597
506, 598
507, 599
508, 600
509, 601
510, 601
511, 602
512, 603
513, 604
514, 605
515, 606
516, 607
517, 608
518, 609
519, 610
520, 611
521, 612
522, 612
523, 613
524, 614
525, 614
526, 614
527, 615
528, 616
529, 617
530, 618
531, 618
532, 619
533, 619
534, 620
535, 621
536, 621
537, 622
538, 622
539, 623
540, 623
541, 624
542, 625
543, 626
544, 626
545, 626
546, 627
547, 627
548, 628
549, 628
550, 629
551, 630
552, 631
553, 631
554, 632
555, 633
556, 633
557, 634
558, 634
559, 635
560, 635
561, 636
562, 636
563, 637
564, 637
565, 638
566, 638
567, 638
568, 639
569, 639
570, 640
571, 640
572, 641
573, 642
572, 643
571, 644
571, 645
570, 646
569, 647
569, 648
569, 649
569, 650
569, 651
570, 652
570, 653
571, 654
571, 655
571, 656
571, 657
571, 658
570, 659
569, 660
569, 661
568, 662
568, 663
567, 664
567, 665
567, 666
566, 667
566, 668
566, 669
565, 670
565, 671
564, 672
563, 673
563, 674
563, 675
562, 676
562, 677
562, 678
562, 679
562, 680
562, 681
562, 682
562, 683
561, 684
561, 685
561, 686
560, 687
560, 688
560, 689
559, 690
559, 691
559, 692
559, 693
559, 694
559, 695
559, 696
558, 697
558, 698
558, 699
558, 700
558, 701
557, 702
557, 703
557, 704
557, 705
556, 706
556, 707
556, 708
556, 709
556, 710
556, 711
556, 712
556, 713
556, 714
555, 715
555, 716
554, 717
554, 718
554, 719
554, 720
554, 721
554, 722
554, 723
555, 724
556, 725
556, 726
555, 727
554, 728
553, 729
552, 730
552, 731
551, 732
551, 733
551, 734
550, 735
550, 736
550, 737
550, 738
550, 739
550, 740
550, 741
550, 742
550, 743
549, 744
549, 745
549, 746
549, 747
549, 748
549, 749
548, 750
548, 751
548, 752
548, 753
547, 754
546, 754
545, 753
544, 753
543, 753
542, 753
541, 753
540, 752
539, 751
538, 751
537, 750
536, 750
535, 749
534, 749
533, 748
532, 748
531, 747
530, 747
529, 746
528, 746
527, 745
526, 745
525, 744
524, 744
523, 743
522, 743
521, 743
520, 743
519, 742
518, 742
517, 741
516, 740
515, 739
514, 739
513, 738
512, 738
511, 738
510, 738
509, 737
508, 737
507, 737
506, 737
505, 737
504, 736
503, 736
502, 736
501, 735
500, 735
499, 734
498, 734
497, 734
496, 733
495, 733
494, 733
493, 733
492, 733
491, 733
490, 732
489, 732
488, 732
487, 732
486, 732
485, 732
484, 733
483, 734
482, 734
481, 735
480, 735
479, 736
478, 735
477, 735
476, 735
475, 734
474, 734
473, 733
472, 732
471, 732
470, 731
469, 731
468, 731
467, 730
466, 729
465, 729
464, 728
463, 728
462, 727
461, 727
460, 727
459, 726
458, 725
457, 725
456, 724
455, 723
454, 723
453, 722
452, 722
451, 721
450, 720
449, 719
448, 718
447, 718
446, 717
445, 716
444, 715
443, 715
442, 714
441, 713
440, 713
439, 712
438, 712
437, 711
436, 710
435, 709
434, 708
433, 707
432, 706
431, 706
430, 705
429, 704
428, 703
427, 702
426, 701
425, 700
424, 699
423, 698
422, 697
421, 696
420, 696
419, 695
418, 694
417, 693
417, 692
416, 691
415, 691
414, 690
413, 689
412, 689
411, 688
410, 687
409, 687
408, 686
407, 685
406, 684
405, 683
404, 682
403, 681
402, 680
401, 679
400, 678
399, 677
398, 676
397, 675
396, 674
395, 673
394, 672
393, 671
392, 670
391, 669
391, 668
390, 667
389, 667
388, 666
387, 665
386, 664
385, 664
384, 663
383, 662
382, 661
381, 660
381, 659
380, 658
379, 657
378, 657
377, 656
376, 655
375, 655
374, 654
373, 654
372, 653
372, 652
371, 651
371, 650
370, 649
369, 648
368, 648
368, 647
367, 646
366, 645
365, 644
364, 643
363, 642
363, 641
362, 640
361, 639
360, 638
359, 637
358, 637
357, 636
356, 635
355, 634
354, 634
353, 633
352, 632
351, 631
350, 630
349, 629
348, 628
347, 627
346, 626
345, 626
344, 625
343, 625
342, 624
341, 624
340, 624
339, 624
338, 624
337, 624
336, 624
335, 623
334, 622
333, 622
332, 621
331, 621
330, 620
329, 619
328, 618
328, 617
327, 616
327, 615
326, 614
326, 613
325, 612
324, 611
324, 610
323, 609
322, 608
321, 607
320, 606
320, 605
319, 604
318, 603
318, 602
318, 601
317, 600
316, 599
316, 598
315, 597
315, 596
314, 595
313, 595
313, 594
312, 593
312, 592
311, 591
310, 590
309, 589
309, 588
308, 587
308, 586
307, 585
306, 584
306, 583
305, 582
304, 581
303, 580
302, 579
302, 578
302, 577
301, 576
301, 575
301, 574
300, 573
300, 572
299, 571
299, 570
299, 569
298, 568
297, 567
297, 566
296, 565
296, 564
295, 563
295, 562
294, 561
294, 560
294, 559
294, 558
294, 557
293, 556
293, 555
293, 554
293, 553
292, 552
292, 551
291, 550
291, 549
291, 548
290, 547
290, 546
289, 545
288, 545
287, 544
286, 544
286, 543
286, 542
286, 541
286, 540
286, 539
286, 538
286, 537
286, 536
286, 535
285, 534
285, 533
285, 532
284, 531
284, 530
284, 529
283, 528
283, 527
283, 526
282, 525
282, 524
282, 523
281, 522
281, 521
281, 520
280, 519
280, 518
280, 517
280, 516
280, 515
280, 514
280, 513
279, 512
279, 511
279, 510
279, 509
279, 508
278, 507
278, 506
277, 505
277, 504
277, 503
276, 502
276, 501
276, 500
276, 499
276, 498
276, 497
276, 496
276, 495
276, 494
276, 493
276, 492
276, 491
275, 490
275, 489
274, 488
275, 487
275, 486
275, 485
275, 484
274, 483
274, 482
274, 481
273, 480
273, 479
273, 478
273, 477
272, 476
272, 475
272, 474
272, 473
271, 472
271, 471
271, 470
271, 469
271, 468
271, 467
271, 466
271, 465
271, 464
271, 463
271, 462
271, 461
271, 460
270, 459
270, 458
270, 457
269, 456
269, 455
269, 454
269, 453
269, 452
269, 451
268, 450
268, 449
268, 448
268, 447
268, 446
268, 445
268, 444
268, 443
268, 442
268, 441
267, 440
267, 439
267, 438
267, 437
267, 436
267, 435
267, 434
267, 433
266, 432
266, 431
266, 430
266, 429
266, 428
265, 427
265, 426
265, 425
265, 424
265, 423
265, 422
264, 421
264, 420
264, 419
264, 418
264, 417
264, 416
264, 415
264, 414
264, 413
264, 412
263, 411
263, 410
262, 409
261, 408
261, 407
260, 406
259, 405
259, 404
259, 403
260, 402
260, 401
261, 400
261, 399
261, 398
260, 397
260, 396
260, 395
260, 394
260, 393
260, 392
260, 391
260, 390
260, 389
260, 388
260, 387
260, 386
260, 385
259, 384
259, 383
259, 382
259, 381
259, 380
258, 379
258, 378
258, 377
258, 376
258, 375
258, 374
258, 373
258, 372
257, 371
257, 370
257, 369
257, 368
257, 367
256, 366
255, 365
255, 364
254, 363
254, 362
254, 361
254, 360
254, 359
254, 358
254, 357
253, 356
252, 356
252, 355
253, 355
254, 354
255, 353
255, 352
256, 351
256, 350
257, 350
258, 349
258, 348
259, 347
259, 346
259, 345
258, 344
257, 343
256, 343
255, 343
254, 343
253, 343
252, 342
251, 342
251, 341
251, 340
250, 339
249, 338
248, 338
247, 337
248, 336
248, 335
249, 334
249, 333
249, 332
249, 331
250, 330
250, 329
250, 328
250, 327
250, 326
249, 325
249, 324
249, 323
248, 322
248, 321
248, 320
248, 319
248, 318
249, 317
250, 316
251, 316
252, 315
253, 314
254, 314
255, 313
256, 312
257, 311
258, 310
258, 309
258, 308
258, 307
258, 306
258, 305
258, 304
258, 303
258, 302
258, 301
258, 300
258, 299
258, 298
258, 297
258, 296
257, 295
256, 294
255, 294
254, 294
253, 293
252, 293
251, 293
250, 294
249, 294
248, 293
247, 293
246, 293
245, 294
244, 295
244, 296
243, 296
242, 296
241, 297
240, 297
239, 298
238, 299
237, 300
237, 301
236, 302
235, 302
234, 302
233, 302
233, 301
233, 300
232, 299
232, 298
232, 297
231, 296
230, 295
229, 295
228, 295
229, 294
229, 293
229, 292
228, 291
228, 290
227, 289
227, 288
226, 287
227, 286
227, 285
227, 284
226, 283
225, 282
224, 282
223, 281
222, 281
221, 280
221, 279
221, 278
221, 277
221, 276
