91, 716
91, 715
91, 714
91, 713
91, 712
91, 711
91, 710
92, 709
92, 708
93, 707
93, 706
94, 705
94, 704
94, 703
95, 702
95, 701
95, 700
95, 699
95, 698
96, 697
96, 696
96, 695
97, 694
97, 693
97, 692
97, 691
97, 690
98, 689
98, 688
98, 687
98, 686
99, 685
99, 684
99, 683
99, 682
99, 681
99, 680
100, 679
100, 678
100, 677
101, 676
101, 675
101, 674
101, 673
101, 672
101, 671
102, 670
102, 669
103, 668
103, 667
103, 666
104, 665
104, 664
104, 663
105, 662
105, 661
105, 660
105, 659
106, 658
106, 657
107, 656
107, 655
107, 654
107, 653
108, 652
108, 651
108, 650
109, 649
109, 648
109, 647
109, 646
110, 645
110, 644
111, 643
111, 642
111, 641
111, 640
112, 639
112, 638
112, 637
113, 636
113, 635
113, 634
114, 633
114, 632
114, 631
114, 630
114, 629
114, 628
114, 627
114, 626
114, 625
114, 624
114, 623
115, 622
115, 621
116, 620
116, 619
116, 618
117, 617
118, 616
118, 615
119, 614
119, 613
119, 612
119, 611
119, 610
119, 609
120, 608
120, 607
120, 606
120, 605
120, 604
120, 603
120, 602
121, 601
121, 600
122, 599
123, 598
123, 597
124, 596
124, 595
124, 594
124, 593
125, 592
125, 591
125, 590
125, 589
126, 588
126, 587
127, 586
127, 585
127, 584
128, 583
129, 582
129, 581
130, 580
130, 579
130, 578
131, 577
131, 576
131, 575
131, 574
132, 573
132, 572
133, 571
133, 570
134, 569
134, 568
134, 567
134, 566
135, 565
135, 564
135, 563
136, 562
137, 561
137, 560
137, 559
137, 558
138, 557
138, 556
139, 555
139, 554
139, 553
139, 552
139, 551
139, 550
140, 549
141, 548
142, 547
143, 546
144, 545
144, 544
144, 543
145, 542
145, 541
146, 540
146, 539
146, 538
147, 537
147, 536
147, 535
147, 534
147, 533
147, 532
147, 531
146, 530
146, 529
146, 528
145, 527
146, 526
146, 525
147, 524
148, 523
148, 522
149, 521
149, 520
150, 519
150, 518
151, 517
151, 516
151, 515
151, 514
152, 513
153, 512
154, 511
155, 511
156, 511
157, 510
158, 509
158, 508
159, 507
159, 506
160, 506
161, 505
161, 504
162, 503
163, 502
163, 501
163, 500
164, 499
164, 498
165, 498
166, 497
167, 497
168, 496
169, 496
170, 495
171, 494
171, 493
172, 492
173, 491
173, 490
174, 489
174, 488
174, 487
174, 486
174, 485
173, 484
173, 483
174, 482
175, 481
175, 480
176, 480
177, 479
178, 478
179, 478
180, 478
181, 478
182, 477
183, 477
184, 476
185, 475
186, 474
187, 473
188, 472
189, 471
190, 470
191, 469
192, 468
193, 467
194, 466
195, 465
196, 465
197, 465
198, 464
199, 464
200, 464
201, 463
202, 463
203, 462
203, 461
204, 460
205, 459
205, 458
206, 458
207, 457
208, 457
209, 456
210, 456
211, 456
212, 456
213, 456
214, 455
215, 455
216, 455
217, 454
218, 454
219, 454
220, 454
221, 454
222, 454
223, 453
224, 453
225, 453
226, 453
227, 453
228, 454
229, 454
230, 455
231, 455
232, 456
233, 457
234, 458
234, 459
235, 460
236, 461
237, 461
238, 461
239, 461
240, 461
241, 462
242, 462
243, 463
244, 463
245, 464
246, 464
247, 464
248, 465
249, 466
248, 467
248, 468
248, 469
248, 470
248, 471
248, 472
248, 473
249, 474
250, 475
250, 476
250, 477
250, 478
250, 479
250, 480
251, 481
251, 482
251, 483
252, 484
252, 485
252, 486
252, 487
252, 488
251, 489
251, 490
251, 491
251, 492
251, 493
251, 494
251, 495
251, 496
252, 497
252, 498
252, 499
253, 500
253, 501
254, 502
255, 502
255, 503
255, 504
255, 505
255, 506
255, 507
255, 508
255, 509
255, 510
256, 511
256, 512
256, 513
257, 514
257, 515
257, 516
258, 517
258, 518
259, 519
260, 520
261, 521
260, 522
260, 523
260, 524
260, 525
261, 526
261, 527
262, 528
262, 529
263, 530
263, 531
263, 532
263, 533
264, 534
264, 535
264, 536
265, 537
266, 538
266, 539
266, 540
266, 541
266, 542
266, 543
266, 544
266, 545
267, 546
267, 547
268, 548
268, 549
268, 550
268, 551
268, 552
268, 553
268, 554
268, 555
269, 556
269, 557
269, 558
270, 559
270, 560
271, 561
271, 562
271, 563
271, 564
271, 565
271, 566
271, 567
271, 568
271, 569
271, 570
271, 571
271, 572
271, 573
271, 574
271, 575
271, 576
271, 577
271, 578
272, 579
272, 580
272, 581
272, 582
273, 583
273, 584
273, 585
273, 586
273, 587
274, 588
274, 589
275, 590
275, 591
276, 592
276, 593
276, 594
276, 595
276, 596
276, 597
277, 598
277, 599
277, 600
277, 601
278, 602
278, 603
278, 604
278, 605
279, 606
279, 607
279, 608
279, 609
280, 610
280, 611
280, 612
281, 613
281, 614
281, 615
281, 616
281, 617
281, 618
282, 619
283, 620
284, 621
284, 622
285, 623
286, 624
287, 624
287, 625
288, 626
289, 627
289, 628
290, 629
290, 630
290, 631
291, 632
289, 631
288, 631
287, 631
286, 632
286, 633
286, 634
286, 635
286, 636
286, 637
287, 638
287, 639
287, 640
288, 641
288, 642
288, 643
288, 644
289, 645
289, 646
289, 647
289, 648
290, 649
290, 650
290, 651
291, 652
291, 653
292, 654
292, 655
293, 656
293, 657
293, 658
294, 659
294, 660
294, 661
294, 662
295, 663
295, 664
295, 665
296, 666
296, 667
296, 668
297, 669
297, 670
297, 671
297, 672
297, 673
297, 674
297, 675
298, 676
298, 677
299, 678
299, 679
299, 680
299, 681
300, 682
300, 683
300, 684
300, 685
300, 686
300, 687
300, 688
301, 689
301, 690
301, 691
301, 692
302, 693
302, 694
302, 695
302, 696
303, 697
303, 698
303, 699
303, 700
303, 701
303, 702
304, 703
304, 704
304, 705
304, 706
304, 707
305, 708
305, 709
306, 710
306, 711
305, 712
305, 713
305, 714
306, 715
306, 716
306, 717
307, 718
307, 719
307, 720
307, 721
307, 722
307, 723
307, 724
307, 725
308, 726
308, 727
308, 728
309, 729
308, 730
307, 731
307, 732
307, 733
307, 734
307, 735
308, 736
308, 737
308, 738
308, 739
309, 740
309, 741
309, 742
309, 743
309, 744
309, 745
309, 746
309, 747
309, 748
309, 749
309, 750
309, 751
309, 752
309, 753
309, 754
310, 755
310, 756
310, 757
311, 758
311, 759
311, 760
311, 761
311, 762
310, 763
309, 764
308, 763
307, 762
306, 761
306, 760
305, 759
304, 759
303, 758
302, 757
301, 757
300, 756
299, 755
298, 754
297, 753
296, 752
295, 751
294, 751
294, 750
293, 749
292, 749
292, 748
291, 747
290, 746
289, 746
288, 745
287, 744
286, 743
285, 742
284, 741
283, 740
282, 739
282, 738
281, 737
280, 736
279, 735
279, 734
278, 733
277, 732
276, 731
275, 730
274, 729
273, 728
272, 727
272, 726
271, 725
270, 724
269, 723
269, 722
268, 721
267, 720
266, 719
265, 718
264, 717
263, 716
262, 715
261, 714
260, 713
260, 712
259, 711
258, 711
257, 711
257, 710
256, 709
255, 708
254, 708
253, 708
252, 707
251, 706
250, 706
249, 705
248, 704
247, 704
246, 703
245, 703
245, 702
245, 701
245, 700
245, 699
244, 698
243, 697
242, 697
241, 697
240, 696
239, 695
238, 695
237, 694
236, 693
236, 692
235, 691
235, 690
234, 689
234, 688
233, 687
232, 686
232, 685
231, 684
230, 683
229, 683
228, 683
227, 682
226, 682
225, 682
224, 682
223, 682
222, 683
222, 684
222, 685
222, 686
221, 687
220, 688
220, 689
220, 690
220, 691
220, 692
220, 693
220, 694
219, 695
219, 696
219, 697
219, 698
219, 699
219, 700
219, 701
219, 702
219, 703
219, 704
219, 705
220, 706
220, 707
220, 708
220, 709
220, 710
220, 711
220, 712
220, 713
220, 714
220, 715
219, 716
219, 717
219, 718
219, 719
219, 720
219, 721
219, 722
219, 723
219, 724
219, 725
219, 726
219, 727
219, 728
219, 729
219, 730
219, 731
219, 732
219, 733
219, 734
219, 735
219, 736
219, 737
219, 738
218, 739
218, 740
218, 741
218, 742
218, 743
218, 744
218, 745
218, 746
218, 747
218, 748
218, 749
218, 750
218, 751
218, 752
218, 753
218, 754
218, 755
218, 756
218, 757
218, 758
218, 759
218, 760
218, 761
218, 762
218, 763
218, 764
219, 765
219, 766
219, 767
219, 768
219, 769
219, 770
219, 771
219, 772
220, 773
220, 774
220, 775
220, 776
220, 777
220, 778
220, 779
220, 780
220, 781
221, 782
221, 783
221, 784
221, 785
221, 786
221, 787
221, 788
222, 789
222, 790
222, 791
222, 792
222, 793
223, 794
223, 795
223, 796
223, 797
224, 798
224, 799
224, 800
224, 801
224, 802
224, 803
224, 804
225, 805
225, 806
225, 807
225, 808
225, 809
225, 810
225, 811
225, 812
225, 813
225, 814
226, 815
226, 816
226, 817
226, 818
226, 819
226, 820
227, 821
227, 822
227, 823
227, 824
227, 825
227, 826
228, 827
228, 828
228, 829
228, 830
229, 831
229, 832
229, 833
229, 834
229, 835
230, 836
230, 837
230, 838
231, 839
231, 840
231, 841
231, 842
231, 843
231, 844
230, 845
230, 846
230, 847
230, 848
230, 849
231, 850
231, 851
231, 852
231, 853
231, 854
231, 855
230, 856
230, 857
229, 858
229, 859
228, 859
227, 860
227, 861
227, 862
227, 863
227, 864
227, 865
227, 866
228, 867
228, 868
228, 869
228, 870
228, 871
228, 872
228, 873
228, 874
228, 875
228, 876
228, 877
229, 878
229, 879
229, 880
229, 881
229, 882
229, 883
229, 884
229, 885
230, 886
230, 887
230, 888
230, 889
230, 890
230, 891
230, 892
230, 893
230, 894
230, 895
230, 896
230, 897
231, 898
231, 899
231, 900
231, 901
231, 902
231, 903
231, 904
231, 905
231, 906
231, 907
231, 908
231, 909
231, 910
231, 911
231, 912
231, 913
232, 914
232, 915
232, 916
232, 917
232, 918
232, 919
232, 920
232, 921
232, 922
232, 923
232, 924
232, 925
232, 926
233, 927
233, 928
233, 929
233, 930
233, 931
233, 932
233, 933
233, 934
233, 935
233, 936
233, 937
233, 938
233, 939
233, 940
233, 941
233, 942
233, 943
233, 944
233, 945
233, 946
233, 947
234, 948
234, 949
234, 950
234, 951
234, 952
234, 953
234, 954
234, 955
234, 956
234, 957
234, 958
234, 959
234, 960
234, 961
234, 962
234, 963
234, 964
234, 965
234, 966
234, 967
234, 968
234, 969
235, 970
235, 971
234, 972
234, 973
233, 974
232, 974
231, 975
230, 975
229, 975
228, 975
227, 976
226, 976
225, 977
224, 978
223, 978
222, 978
221, 978
220, 978
219, 978
218, 978
217, 978
216, 978
215, 978
214, 977
213, 977
212, 977
211, 977
210, 977
209, 977
208, 977
207, 978
207, 979
205, 977
204, 977
203, 978
203, 979
201, 977
200, 977
199, 977
198, 977
197, 977
196, 977
195, 978
195, 979
194, 980
193, 980
192, 979
191, 979
190, 979
189, 979
188, 979
187, 979
186, 979
185, 980
184, 980
183, 980
182, 980
181, 980
180, 980
179, 980
178, 980
177, 979
176, 979
175, 979
174, 980
173, 980
172, 980
171, 980
170, 980
169, 979
168, 978
167, 978
166, 978
165, 979
164, 979
163, 978
162, 978
161, 978
160, 979
159, 978
159, 977
159, 976
159, 975
159, 974
159, 973
159, 972
159, 971
159, 970
159, 969
159, 968
159, 967
159, 966
159, 965
159, 964
159, 963
160, 962
160, 961
160, 960
160, 959
160, 958
160, 957
160, 956
160, 955
160, 954
160, 953
160, 952
160, 951
160, 950
160, 949
160, 948
160, 947
160, 946
160, 945
160, 944
160, 943
160, 942
160, 941
160, 940
160, 939
160, 938
160, 937
160, 936
160, 935
160, 934
160, 933
160, 932
160, 931
160, 930
160, 929
160, 928
160, 927
160, 926
160, 925
160, 924
160, 923
160, 922
160, 921
160, 920
160, 919
160, 918
160, 917
160, 916
160, 915
160, 914
160, 913
160, 912
160, 911
160, 910
160, 909
160, 908
160, 907
160, 906
160, 905
160, 904
160, 903
160, 902
160, 901
159, 900
159, 899
159, 898
159, 897
159, 896
159, 895
159, 894
159, 893
159, 892
159, 891
159, 890
159, 889
159, 888
159, 887
159, 886
159, 885
159, 884
159, 883
159, 882
159, 881
159, 880
159, 879
159, 878
159, 877
159, 876
159, 875
159, 874
159, 873
159, 872
159, 871
159, 870
159, 869
159, 868
159, 867
159, 866
159, 865
159, 864
159, 863
159, 862
159, 861
159, 860
159, 859
159, 858
159, 857
159, 856
159, 855
159, 854
159, 853
159, 852
159, 851
159, 850
159, 849
159, 848
159, 847
159, 846
159, 845
159, 844
159, 843
159, 842
160, 841
160, 840
160, 839
160, 838
160, 837
160, 836
159, 835
159, 834
160, 833
160, 832
160, 831
160, 830
160, 829
160, 828
160, 827
160, 826
160, 825
160, 824
160, 823
160, 822
160, 821
160, 820
160, 819
160, 818
160, 817
160, 816
160, 815
160, 814
159, 813
159, 812
159, 811
159, 810
159, 809
159, 808
159, 807
159, 806
159, 805
159, 804
159, 803
159, 802
159, 801
159, 800
159, 799
159, 798
159, 797
159, 796
159, 795
159, 794
159, 793
159, 792
159, 791
159, 790
159, 789
160, 788
160, 787
160, 786
160, 785
160, 784
160, 783
159, 782
159, 781
159, 780
159, 779
159, 778
159, 777
159, 776
159, 775
159, 774
159, 773
159, 772
159, 771
159, 770
159, 769
159, 768
159, 767
159, 766
159, 765
160, 764
160, 763
160, 762
159, 761
159, 760
159, 759
160, 758
160, 757
160, 756
160, 755
160, 754
160, 753
160, 752
160, 751
161, 750
161, 749
161, 748
161, 747
161, 746
161, 745
161, 744
161, 743
161, 742
161, 741
161, 740
161, 739
162, 738
162, 737
162, 736
162, 735
162, 734
162, 733
162, 732
162, 731
162, 730
162, 729
162, 728
162, 727
162, 726
162, 725
162, 724
162, 723
162, 722
162, 721
162, 720
163, 719
163, 718
163, 717
163, 716
163, 715
163, 714
163, 713
164, 712
164, 711
164, 710
164, 709
164, 708
164, 707
163, 706
163, 705
164, 704
164, 703
164, 702
164, 701
164, 700
164, 699
163, 698
163, 697
162, 696
162, 695
161, 694
161, 693
161, 692
162, 691
162, 690
162, 689
161, 688
161, 687
160, 686
159, 686
158, 686
157, 686
156, 685
155, 685
154, 685
153, 685
152, 685
151, 685
150, 686
149, 686
148, 686
147, 685
146, 684
145, 683
145, 682
144, 681
143, 681
142, 681
141, 682
140, 682
139, 683
138, 683
137, 683
136, 683
135, 683
134, 684
133, 685
132, 685
131, 686
131, 687
131, 688
131, 689
130, 689
129, 689
128, 689
127, 690
127, 691
127, 692
127, 693
126, 693
125, 693
124, 694
123, 694
122, 694
121, 695
120, 695
119, 696
119, 697
118, 698
117, 698
116, 699
115, 700
114, 700
113, 701
113, 702
112, 703
111, 703
110, 704
110, 705
109, 706
108, 706
107, 706
106, 707
105, 708
104, 709
103, 710
102, 711
101, 712
100, 713
99, 714
98, 715
97, 716
96, 717
95, 718
94, 719
93, 718
92, 717
