129, 456
129, 455
130, 454
131, 453
131, 452
131, 451
132, 450
132, 449
132, 448
133, 447
133, 446
134, 445
134, 444
134, 443
135, 442
136, 441
137, 440
138, 439
139, 439
140, 439
141, 439
142, 439
143, 439
144, 439
145, 438
146, 438
147, 437
148, 436
148, 435
149, 434
149, 433
150, 432
150, 431
151, 430
151, 429
151, 428
151, 427
151, 426
151, 425
151, 424
152, 423
152, 422
153, 421
154, 420
154, 419
155, 418
156, 417
156, 416
157, 415
158, 414
159, 413
160, 412
160, 411
161, 410
161, 409
162, 408
163, 407
164, 406
165, 405
165, 404
166, 403
166, 402
167, 401
167, 400
167, 399
167, 398
168, 397
168, 396
169, 395
169, 394
169, 393
169, 392
169, 391
170, 390
170, 389
170, 388
170, 387
171, 386
171, 385
171, 384
171, 383
171, 382
172, 381
172, 380
173, 379
174, 378
174, 377
175, 376
175, 375
176, 374
177, 373
177, 372
177, 371
178, 370
178, 369
179, 368
179, 367
180, 366
180, 365
180, 364
180, 363
180, 362
181, 361
181, 360
182, 359
182, 358
183, 357
184, 356
184, 355
184, 354
185, 353
186, 352
186, 351
187, 350
188, 349
188, 348
189, 347
189, 346
190, 345
191, 344
191, 343
192, 342
192, 341
193, 340
193, 339
194, 338
195, 337
195, 336
196, 335
196, 334
196, 333
196, 332
197, 331
197, 330
198, 329
198, 328
198, 327
198, 326
198, 325
199, 325
200, 325
201, 324
202, 323
202, 322
203, 321
203, 320
204, 319
204, 318
205, 317
205, 316
206, 315
206, 314
207, 313
207, 312
208, 311
208, 310
209, 309
209, 308
210, 307
210, 306
211, 305
211, 304
212, 303
212, 302
213, 301
213, 300
214, 299
214, 298
214, 297
215, 296
216, 295
216, 294
217, 293
217, 292
217, 291
217, 290
218, 289
218, 288
218, 287
218, 286
218, 285
218, 284
219, 283
219, 282
219, 281
220, 280
220, 279
220, 278
221, 277
221, 276
222, 275
222, 274
223, 273
223, 272
224, 271
224, 270
224, 269
224, 268
225, 267
225, 266
225, 265
226, 264
226, 263
226, 262
227, 261
227, 260
228, 259
228, 258
228, 257
228, 256
229, 255
229, 254
230, 253
230, 252
230, 251
230, 250
231, 249
232, 248
232, 247
233, 246
233, 245
234, 244
234, 243
235, 242
236, 241
237, 240
238, 240
239, 239
240, 238
240, 237
241, 236
241, 235
242, 234
243, 233
244, 232
244, 231
245, 231
246, 232
247, 232
248, 232
248, 233
249, 234
249, 235
249, 236
250, 237
251, 238
251, 239
252, 240
253, 241
253, 242
253, 243
254, 244
254, 245
254, 246
255, 247
256, 248
256, 249
257, 250
258, 251
258, 252
259, 253
259, 254
260, 255
260, 256
261, 257
261, 258
262, 259
263, 260
264, 261
264, 262
264, 263
265, 264
265, 265
266, 266
266, 267
267, 268
267, 269
268, 270
269, 270
269, 271
269, 272
270, 273
271, 274
271, 275
272, 276
272, 277
273, 278
274, 279
275, 280
275, 281
275, 282
276, 283
277, 284
278, 285
278, 286
279, 287
280, 288
280, 289
281, 290
281, 291
282, 292
283, 293
283, 294
284, 295
284, 296
285, 297
286, 298
286, 299
287, 300
287, 301
288, 302
289, 302
290, 303
290, 304
290, 305
291, 306
291, 307
292, 308
293, 309
294, 310
294, 311
295, 312
295, 313
296, 314
297, 315
297, 316
298, 317
299, 318
299, 319
300, 320
300, 321
301, 322
302, 323
303, 324
304, 325
304, 326
305, 327
305, 328
306, 329
307, 330
308, 331
308, 332
309, 333
310, 334
311, 334
311, 335
311, 336
311, 337
312, 338
313, 339
313, 340
314, 341
315, 342
315, 343
316, 344
317, 345
318, 346
318, 347
319, 348
320, 349
320, 350
321, 351
322, 352
323, 353
323, 354
324, 355
325, 356
326, 357
327, 358
328, 359
328, 360
329, 361
329, 362
330, 363
331, 364
331, 365
331, 366
332, 367
332, 368
333, 369
334, 370
335, 371
336, 371
336, 372
337, 373
338, 374
339, 374
340, 374
341, 375
342, 376
343, 376
344, 377
345, 378
346, 379
345, 380
345, 381
344, 382
344, 383
344, 384
344, 385
344, 386
344, 387
345, 388
345, 389
346, 390
347, 391
348, 391
348, 392
349, 393
350, 394
351, 394
351, 395
351, 396
352, 397
352, 398
353, 399
354, 400
354, 401
355, 402
356, 402
357, 403
358, 404
359, 404
360, 404
361, 404
362, 404
363, 404
364, 403
365, 402
366, 401
367, 400
368, 399
369, 398
370, 397
371, 396
372, 395
373, 394
373, 395
372, 396
371, 397
370, 398
370, 399
370, 400
369, 401
368, 402
368, 403
367, 404
366, 405
365, 406
364, 407
363, 408
363, 409
363, 410
363, 411
363, 412
363, 413
363, 414
363, 415
364, 416
365, 417
366, 417
366, 418
366, 419
367, 420
368, 421
369, 422
370, 422
371, 422
372, 421
373, 421
374, 422
375, 422
376, 422
377, 422
378, 421
379, 421
380, 421
381, 421
382, 421
383, 421
384, 421
385, 421
386, 421
387, 420
388, 420
389, 420
390, 421
391, 421
392, 421
393, 421
393, 422
392, 423
391, 424
390, 424
389, 425
388, 425
387, 426
386, 427
385, 427
384, 428
383, 429
382, 430
381, 430
380, 431
379, 431
378, 432
377, 432
376, 433
376, 434
376, 435
376, 436
376, 437
377, 438
377, 439
377, 440
378, 441
378, 442
378, 443
379, 444
379, 445
380, 446
381, 447
381, 448
382, 449
383, 450
383, 451
384, 452
385, 453
385, 454
384, 455
384, 456
383, 457
383, 458
382, 459
382, 460
382, 461
382, 462
382, 463
381, 464
381, 465
380, 466
379, 467
378, 467
377, 468
376, 469
375, 469
374, 469
373, 469
372, 469
371, 469
370, 469
369, 470
368, 470
367, 470
366, 470
365, 470
364, 470
363, 470
362, 470
361, 471
360, 471
359, 471
358, 471
357, 472
356, 472
355, 472
354, 472
353, 472
352, 473
351, 473
350, 473
349, 473
348, 473
347, 473
346, 472
345, 471
344, 470
344, 469
343, 468
342, 467
341, 466
340, 466
339, 466
338, 466
337, 466
336, 466
335, 467
334, 467
333, 467
332, 468
332, 469
332, 470
332, 471
331, 472
330, 473
330, 474
330, 475
330, 476
330, 477
330, 478
330, 479
330, 480
330, 481
330, 482
330, 483
330, 484
330, 485
330, 486
330, 487
330, 488
330, 489
330, 490
330, 491
330, 492
330, 493
330, 494
330, 495
330, 496
330, 497
330, 498
331, 499
331, 500
331, 501
331, 502
331, 503
331, 504
331, 505
331, 506
331, 507
330, 508
330, 509
330, 510
330, 511
330, 512
330, 513
330, 514
331, 515
331, 516
332, 517
332, 518
332, 519
333, 520
332, 521
332, 522
332, 523
332, 524
332, 525
333, 526
333, 527
333, 528
333, 529
333, 530
332, 531
332, 532
332, 533
333, 534
333, 535
332, 536
332, 537
332, 538
332, 539
332, 540
332, 541
332, 542
332, 543
332, 544
331, 545
331, 546
331, 547
331, 548
331, 549
331, 550
330, 551
330, 552
330, 553
330, 554
330, 555
330, 556
330, 557
331, 558
331, 559
331, 560
331, 561
331, 562
331, 563
331, 564
331, 565
331, 566
331, 567
332, 568
332, 569
332, 570
332, 571
332, 572
332, 573
332, 574
332, 575
332, 576
332, 577
332, 578
332, 579
332, 580
333, 581
332, 582
332, 583
332, 584
332, 585
332, 586
332, 587
333, 588
333, 589
333, 590
333, 591
333, 592
333, 593
333, 594
333, 595
333, 596
333, 597
333, 598
333, 599
334, 600
334, 601
334, 602
334, 603
334, 604
334, 605
334, 606
333, 607
333, 608
333, 609
332, 610
332, 611
332, 612
332, 613
332, 614
332, 615
332, 616
331, 617
331, 618
331, 619
331, 620
331, 621
331, 622
332, 623
332, 624
332, 625
332, 626
332, 627
332, 628
332, 629
332, 630
332, 631
332, 632
332, 633
332, 634
332, 635
332, 636
332, 637
331, 638
331, 639
331, 640
331, 641
331, 642
332, 643
332, 644
332, 645
332, 646
332, 647
332, 648
332, 649
332, 650
332, 651
331, 652
331, 653
331, 654
331, 655
331, 656
331, 657
331, 658
332, 659
332, 660
332, 661
332, 662
332, 663
332, 664
332, 665
331, 666
331, 667
331, 668
331, 669
331, 670
331, 671
331, 672
331, 673
331, 674
331, 675
331, 676
331, 677
331, 678
331, 679
331, 680
331, 681
332, 682
332, 683
332, 684
331, 685
331, 686
331, 687
331, 688
331, 689
331, 690
330, 691
330, 692
330, 693
330, 694
330, 695
329, 696
329, 697
329, 698
329, 699
329, 700
329, 701
330, 702
330, 703
331, 704
331, 705
332, 706
332, 707
332, 708
332, 709
332, 710
332, 711
332, 712
331, 713
331, 714
331, 715
330, 716
330, 717
329, 718
329, 719
329, 720
329, 721
329, 722
328, 723
328, 724
328, 725
328, 726
328, 727
328, 728
328, 729
328, 730
327, 731
327, 732
327, 733
327, 734
327, 735
327, 736
327, 737
327, 738
327, 739
327, 740
326, 741
326, 742
326, 743
326, 744
326, 745
326, 746
326, 747
326, 748
326, 749
326, 750
326, 751
326, 752
326, 753
326, 754
326, 755
326, 756
326, 757
326, 758
325, 759
324, 760
323, 760
322, 761
321, 761
320, 761
319, 761
318, 761
317, 761
316, 761
315, 761
314, 761
313, 761
312, 761
311, 761
310, 761
309, 761
308, 761
307, 761
306, 761
305, 761
304, 761
303, 761
302, 761
301, 762
300, 762
299, 762
298, 762
297, 762
296, 762
295, 762
294, 762
293, 762
292, 762
291, 762
290, 762
289, 762
288, 762
287, 763
286, 763
285, 763
284, 763
283, 763
282, 763
281, 763
280, 764
279, 764
278, 764
277, 764
276, 765
275, 765
274, 765
273, 766
272, 766
271, 766
270, 766
270, 765
269, 764
268, 764
267, 764
266, 764
265, 765
264, 766
263, 766
262, 766
261, 766
260, 767
259, 767
258, 767
257, 767
256, 767
255, 768
254, 768
253, 769
252, 769
251, 770
250, 769
249, 769
248, 769
247, 768
246, 768
245, 768
244, 768
243, 769
242, 769
241, 769
240, 769
239, 770
238, 770
237, 771
236, 771
235, 771
234, 771
233, 771
232, 772
231, 772
230, 772
229, 772
228, 773
227, 773
226, 773
225, 773
224, 773
223, 773
222, 773
221, 772
220, 772
219, 772
218, 772
217, 771
216, 771
215, 771
214, 771
213, 771
212, 771
211, 771
210, 771
209, 771
208, 772
207, 772
206, 772
205, 772
204, 772
203, 772
202, 772
201, 772
200, 772
199, 772
198, 772
197, 771
196, 771
195, 771
194, 771
193, 771
192, 771
191, 770
190, 770
189, 770
188, 770
187, 770
186, 770
185, 769
184, 768
184, 767
184, 766
184, 765
184, 764
184, 763
184, 762
184, 761
184, 760
184, 759
184, 758
185, 757
185, 756
185, 755
185, 754
185, 753
185, 752
185, 751
185, 750
185, 749
186, 748
186, 747
186, 746
186, 745
186, 744
186, 743
186, 742
187, 741
187, 740
187, 739
187, 738
187, 737
187, 736
187, 735
187, 734
187, 733
187, 732
187, 731
187, 730
187, 729
187, 728
188, 727
188, 726
188, 725
188, 724
188, 723
188, 722
188, 721
188, 720
188, 719
188, 718
188, 717
188, 716
188, 715
188, 714
188, 713
188, 712
188, 711
188, 710
188, 709
188, 708
188, 707
188, 706
188, 705
188, 704
188, 703
188, 702
188, 701
188, 700
188, 699
188, 698
188, 697
188, 696
188, 695
188, 694
188, 693
188, 692
188, 691
188, 690
188, 689
188, 688
189, 687
189, 686
189, 685
189, 684
188, 683
188, 682
189, 681
189, 680
189, 679
189, 678
188, 677
188, 676
188, 675
188, 674
188, 673
188, 672
188, 671
188, 670
188, 669
188, 668
188, 667
188, 666
188, 665
188, 664
188, 663
188, 662
188, 661
188, 660
188, 659
188, 658
188, 657
188, 656
188, 655
188, 654
188, 653
188, 652
188, 651
188, 650
188, 649
188, 648
188, 647
188, 646
188, 645
188, 644
188, 643
188, 642
188, 641
188, 640
188, 639
188, 638
188, 637
188, 636
188, 635
188, 634
188, 633
188, 632
188, 631
188, 630
188, 629
188, 628
188, 627
188, 626
188, 625
188, 624
187, 623
187, 622
187, 621
187, 620
187, 619
187, 618
187, 617
187, 616
188, 615
188, 614
188, 613
188, 612
188, 611
188, 610
188, 609
188, 608
188, 607
188, 606
188, 605
188, 604
188, 603
188, 602
188, 601
188, 600
188, 599
188, 598
188, 597
188, 596
188, 595
188, 594
188, 593
188, 592
188, 591
188, 590
188, 589
188, 588
188, 587
188, 586
188, 585
188, 584
188, 583
188, 582
188, 581
188, 580
188, 579
188, 578
187, 577
187, 576
187, 575
187, 574
187, 573
187, 572
187, 571
187, 570
187, 569
187, 568
187, 567
187, 566
187, 565
187, 564
187, 563
187, 562
187, 561
187, 560
187, 559
188, 558
188, 557
188, 556
188, 555
188, 554
188, 553
187, 552
187, 551
187, 550
187, 549
187, 548
187, 547
187, 546
187, 545
187, 544
188, 543
188, 542
188, 541
188, 540
188, 539
188, 538
188, 537
188, 536
188, 535
188, 534
188, 533
188, 532
188, 531
188, 530
188, 529
187, 528
187, 527
187, 526
187, 525
187, 524
187, 523
187, 522
187, 521
187, 520
187, 519
187, 518
187, 517
187, 516
187, 515
187, 514
187, 513
187, 512
186, 511
186, 510
186, 509
186, 508
186, 507
186, 506
186, 505
186, 504
186, 503
186, 502
186, 501
186, 500
186, 499
185, 498
185, 497
185, 496
185, 495
185, 494
185, 493
185, 492
185, 491
185, 490
185, 489
185, 488
185, 487
185, 486
184, 485
184, 484
183, 483
182, 482
181, 482
180, 481
180, 480
180, 479
179, 478
179, 477
179, 476
178, 475
177, 475
176, 475
175, 475
174, 475
173, 475
172, 475
171, 475
170, 476
169, 476
168, 476
167, 475
166, 475
165, 475
164, 475
163, 475
162, 475
162, 474
161, 473
160, 473
159, 473
158, 473
157, 474
156, 474
155, 475
154, 475
153, 475
152, 475
151, 475
150, 475
150, 474
149, 473
148, 473
147, 473
146, 472
145, 472
144, 472
143, 471
142, 471
141, 471
140, 471
139, 471
138, 471
137, 472
136, 473
135, 474
134, 474
133, 473
132, 472
132, 471
131, 470
131, 469
130, 468
129, 467
129, 466
129, 465
129, 464
128, 463
128, 462
128, 461
128, 460
128, 459
128, 458
128, 457
