109, 756
109, 755
109, 754
109, 753
109, 752
109, 751
109, 750
110, 749
110, 748
110, 747
111, 746
111, 745
111, 744
112, 743
112, 742
112, 741
112, 740
112, 739
113, 738
113, 737
113, 736
113, 735
113, 734
112, 733
112, 732
113, 731
113, 730
114, 729
114, 728
114, 727
115, 726
115, 725
115, 724
115, 723
115, 722
115, 721
115, 720
115, 719
115, 718
116, 717
116, 716
116, 715
116, 714
116, 713
116, 712
117, 711
117, 710
117, 709
118, 708
118, 707
118, 706
119, 705
119, 704
119, 703
119, 702
119, 701
119, 700
120, 699
120, 698
120, 697
120, 696
121, 695
121, 694
121, 693
121, 692
121, 691
121, 690
121, 689
122, 688
122, 687
122, 686
123, 685
123, 684
123, 683
123, 682
123, 681
123, 680
123, 679
123, 678
123, 677
124, 676
124, 675
124, 674
125, 673
125, 672
125, 671
125, 670
125, 669
125, 668
126, 667
126, 666
126, 665
127, 664
127, 663
127, 662
127, 661
128, 660
128, 659
128, 658
129, 657
129, 656
129, 655
129, 654
129, 653
129, 652
130, 651
130, 650
130, 649
130, 648
130, 647
130, 646
130, 645
131, 644
131, 643
131, 642
131, 641
131, 640
132, 639
132, 638
132, 637
132, 636
133, 635
133, 634
133, 633
133, 632
133, 631
133, 630
133, 629
133, 628
133, 627
134, 626
135, 625
135, 624
135, 623
135, 622
136, 621
136, 620
136, 619
136, 618
137, 617
137, 616
137, 615
137, 614
137, 613
138, 612
138, 611
138, 610
139, 609
139, 608
139, 607
139, 606
139, 605
140, 604
140, 603
140, 602
141, 601
141, 600
141, 599
141, 598
141, 597
141, 596
141, 595
141, 594
142, 593
142, 592
142, 591
142, 590
143, 589
143, 588
143, 587
144, 586
144, 585
144, 584
144, 583
144, 582
145, 581
145, 580
145, 579
145, 578
146, 577
146, 576
146, 575
146, 574
147, 573
147, 572
147, 571
147, 570
147, 569
148, 568
148, 567
148, 566
148, 565
149, 564
149, 563
149, 562
149, 561
150, 560
150, 559
150, 558
150, 557
151, 556
151, 555
151, 554
152, 553
152, 552
152, 551
152, 550
153, 549
153, 548
153, 547
153, 546
153, 545
153, 544
153, 543
153, 542
153, 541
154, 540
154, 539
154, 538
155, 537
155, 536
155, 535
155, 534
156, 533
156, 532
156, 531
156, 530
156, 529
156, 528
157, 527
157, 526
157, 525
158, 524
158, 523
158, 522
158, 521
158, 520
159, 519
159, 518
159, 517
159, 516
160, 515
160, 514
160, 513
160, 512
160, 511
160, 510
160, 509
161, 508
161, 507
161, 506
161, 505
162, 504
162, 503
162, 502
162, 501
163, 500
163, 499
163, 498
163, 497
164, 496
164, 495
164, 494
164, 493
164, 492
165, 491
165, 490
165, 489
165, 488
165, 487
166, 486
166, 485
166, 484
167, 483
167, 482
167, 481
168, 480
168, 479
168, 478
168, 477
169, 476
169, 475
169, 474
169, 473
169, 472
169, 471
170, 470
170, 469
170, 468
170, 467
170, 466
170, 465
170, 464
170, 463
170, 462
170, 461
171, 460
171, 459
171, 458
172, 457
172, 456
172, 455
173, 454
173, 453
173, 452
173, 451
174, 450
174, 449
174, 448
174, 447
174, 446
175, 445
175, 444
175, 443
176, 442
176, 441
176, 440
176, 439
176, 438
177, 437
177, 436
177, 435
177, 434
177, 433
177, 432
177, 431
177, 430
177, 429
177, 428
177, 427
178, 426
179, 425
179, 424
180, 423
180, 422
180, 421
180, 420
180, 419
180, 418
181, 417
181, 416
181, 415
181, 414
182, 413
183, 412
183, 411
183, 410
184, 409
184, 408
184, 407
184, 406
184, 405
185, 404
185, 403
185, 402
186, 401
186, 400
186, 399
187, 398
187, 397
187, 396
188, 395
188, 394
188, 393
188, 392
188, 391
189, 390
189, 389
190, 388
190, 387
190, 386
191, 385
191, 384
191, 383
191, 382
191, 381
192, 380
192, 379
192, 378
193, 377
193, 376
194, 375
194, 374
194, 373
195, 372
195, 371
195, 370
195, 369
195, 368
196, 367
196, 366
196, 365
196, 364
197, 363
197, 362
197, 361
197, 360
197, 359
197, 358
197, 357
197, 356
197, 355
197, 354
197, 353
197, 352
197, 351
197, 350
197, 349
198, 348
198, 347
198, 346
198, 345
198, 344
198, 343
198, 342
199, 341
199, 340
199, 339
199, 338
199, 337
200, 336
201, 335
202, 334
203, 333
203, 332
203, 331
203, 330
203, 329
202, 328
201, 327
202, 326
202, 325
203, 325
204, 325
205, 325
206, 325
207, 325
208, 325
209, 325
210, 325
211, 325
212, 325
212, 326
213, 327
213, 328
213, 329
213, 330
214, 331
214, 332
215, 333
215, 334
216, 335
216, 336
217, 337
217, 338
218, 339
218, 340
219, 341
220, 342
221, 343
222, 344
223, 345
223, 346
223, 347
224, 348
224, 349
224, 350
225, 351
226, 351
227, 352
228, 353
228, 354
228, 355
228, 356
228, 357
229, 358
229, 359
229, 360
229, 361
229, 362
229, 363
229, 364
229, 365
230, 366
231, 367
231, 368
231, 369
232, 370
232, 371
232, 372
233, 373
234, 374
234, 375
234, 376
234, 377
234, 378
234, 379
235, 380
235, 381
236, 382
236, 383
236, 384
236, 385
237, 386
237, 387
238, 388
238, 389
239, 390
239, 391
239, 392
240, 393
240, 394
240, 395
241, 396
241, 397
242, 398
242, 399
243, 400
243, 401
243, 402
244, 403
244, 404
244, 405
245, 406
245, 407
245, 408
246, 409
246, 410
247, 411
247, 412
247, 413
248, 414
248, 415
249, 416
249, 417
249, 418
250, 419
250, 420
250, 421
251, 422
251, 423
252, 424
252, 425
253, 426
253, 427
253, 428
254, 429
254, 430
254, 431
254, 432
254, 433
255, 434
255, 435
256, 436
256, 437
256, 438
257, 439
257, 440
257, 441
258, 442
258, 443
259, 444
259, 445
259, 446
260, 447
260, 448
260, 449
261, 450
262, 451
262, 452
262, 453
263, 454
263, 455
263, 456
263, 457
264, 458
264, 459
264, 460
265, 461
265, 462
266, 463
266, 464
266, 465
267, 466
267, 467
267, 468
267, 469
268, 470
268, 471
268, 472
269, 473
269, 474
269, 475
270, 476
270, 477
270, 478
271, 479
271, 480
271, 481
271, 482
272, 483
272, 484
272, 485
273, 486
274, 487
274, 488
274, 489
275, 490
275, 491
275, 492
276, 493
276, 494
276, 495
277, 496
277, 497
278, 498
278, 499
278, 500
279, 501
279, 502
280, 503
280, 504
281, 505
281, 506
282, 507
282, 508
282, 509
282, 510
282, 511
282, 512
283, 513
283, 514
283, 515
283, 516
284, 517
284, 518
284, 519
284, 520
285, 521
285, 522
286, 523
286, 524
287, 525
287, 526
287, 527
287, 528
287, 529
288, 530
288, 531
288, 532
288, 533
288, 534
289, 535
289, 536
289, 537
290, 538
290, 539
290, 540
290, 541
291, 542
291, 543
292, 544
292, 545
293, 546
293, 547
293, 548
293, 549
293, 550
294, 551
294, 552
294, 553
295, 554
295, 555
295, 556
296, 557
296, 558
296, 559
297, 560
297, 561
297, 562
298, 563
298, 564
299, 565
299, 566
300, 567
300, 568
300, 569
301, 570
302, 571
302, 572
302, 573
302, 574
303, 575
303, 576
303, 577
303, 578
303, 579
304, 580
304, 581
305, 582
305, 583
305, 584
305, 585
306, 586
306, 587
307, 588
307, 589
307, 590
308, 591
308, 592
308, 593
309, 594
309, 595
309, 596
309, 597
310, 598
310, 599
310, 600
310, 601
311, 602
311, 603
311, 604
312, 605
312, 606
312, 607
312, 608
312, 609
313, 610
313, 611
313, 612
314, 613
314, 614
314, 615
315, 616
315, 617
316, 618
316, 619
316, 620
316, 621
317, 622
317, 623
317, 624
317, 625
318, 626
318, 627
318, 628
319, 629
319, 630
319, 631
320, 632
320, 633
321, 634
321, 635
321, 636
321, 637
322, 638
322, 639
322, 640
323, 641
323, 642
323, 643
324, 644
324, 645
325, 646
325, 647
326, 648
326, 649
327, 650
327, 651
327, 652
328, 653
328, 654
329, 655
329, 656
329, 657
330, 658
330, 659
330, 660
331, 661
332, 662
332, 663
332, 664
332, 665
333, 666
333, 667
333, 668
334, 669
334, 670
334, 671
334, 672
335, 673
335, 674
335, 675
336, 676
336, 677
336, 678
337, 679
337, 680
337, 681
337, 682
337, 683
338, 684
338, 685
339, 686
339, 687
339, 688
339, 689
340, 690
340, 691
340, 692
341, 693
341, 694
341, 695
342, 696
342, 697
342, 698
342, 699
343, 700
343, 701
343, 702
344, 703
344, 704
345, 705
345, 706
345, 707
346, 708
346, 709
347, 710
347, 711
347, 712
348, 713
348, 714
348, 715
348, 716
349, 717
349, 718
350, 719
350, 720
350, 721
351, 722
351, 723
352, 724
352, 725
353, 726
353, 727
354, 728
355, 729
355, 730
355, 731
355, 732
356, 733
356, 734
357, 735
357, 736
357, 737
358, 738
358, 739
359, 740
359, 741
360, 742
360, 743
361, 744
361, 745
361, 746
362, 747
362, 748
363, 749
364, 750
364, 751
365, 752
365, 753
364, 753
363, 752
362, 752
361, 751
360, 751
359, 750
358, 749
358, 748
357, 747
356, 746
355, 745
355, 744
354, 743
353, 742
353, 741
352, 740
351, 739
350, 738
349, 737
349, 736
348, 735
347, 734
347, 733
346, 732
345, 731
344, 730
343, 729
342, 728
341, 727
341, 726
340, 725
340, 724
339, 723
338, 722
338, 721
337, 720
336, 719
336, 718
335, 717
334, 716
333, 715
332, 714
332, 713
331, 712
331, 711
330, 710
329, 709
329, 708
328, 707
327, 706
326, 705
326, 704
325, 703
325, 702
324, 701
323, 700
322, 699
321, 698
321, 697
320, 696
319, 695
318, 694
318, 693
317, 692
316, 691
315, 690
315, 689
314, 688
313, 687
312, 686
311, 685
311, 684
310, 683
309, 682
308, 681
308, 680
307, 679
307, 678
306, 677
305, 676
305, 675
304, 674
303, 673
303, 672
302, 671
301, 670
300, 669
300, 668
299, 667
298, 666
297, 665
297, 664
296, 663
295, 663
295, 662
294, 661
293, 660
293, 659
292, 658
291, 658
290, 658
290, 657
289, 656
288, 655
288, 654
288, 653
287, 652
287, 651
286, 650
285, 649
285, 648
284, 647
283, 647
283, 646
282, 645
281, 645
280, 644
280, 643
279, 642
279, 641
279, 640
278, 639
277, 638
276, 637
276, 636
275, 635
275, 634
275, 633
274, 632
273, 632
273, 631
273, 630
272, 629
271, 628
270, 627
269, 627
269, 626
268, 625
268, 624
267, 623
266, 622
265, 621
264, 620
263, 620
263, 619
262, 618
261, 617
260, 616
259, 616
258, 616
257, 616
256, 617
255, 618
255, 619
255, 620
255, 621
256, 622
256, 623
255, 623
254, 624
254, 625
254, 626
254, 627
253, 628
253, 629
253, 630
253, 631
253, 632
253, 633
253, 634
253, 635
253, 636
253, 637
253, 638
253, 639
253, 640
254, 641
254, 642
254, 643
254, 644
254, 645
254, 646
254, 647
254, 648
254, 649
254, 650
255, 651
255, 652
256, 653
257, 654
257, 655
256, 656
256, 657
256, 658
255, 659
255, 660
255, 661
254, 662
254, 663
254, 664
254, 665
254, 666
255, 667
255, 668
255, 669
255, 670
255, 671
255, 672
255, 673
255, 674
255, 675
255, 676
255, 677
255, 678
255, 679
255, 680
255, 681
255, 682
255, 683
255, 684
255, 685
255, 686
255, 687
255, 688
255, 689
255, 690
255, 691
256, 692
256, 693
256, 694
256, 695
256, 696
256, 697
256, 698
256, 699
256, 700
256, 701
256, 702
256, 703
257, 704
257, 705
257, 706
257, 707
257, 708
257, 709
258, 710
258, 711
258, 712
258, 713
258, 714
258, 715
258, 716
257, 717
257, 718
257, 719
257, 720
257, 721
257, 722
257, 723
257, 724
257, 725
257, 726
257, 727
257, 728
257, 729
257, 730
257, 731
257, 732
257, 733
257, 734
257, 735
257, 736
257, 737
257, 738
257, 739
257, 740
257, 741
257, 742
257, 743
258, 744
258, 745
258, 746
258, 747
258, 748
258, 749
258, 750
258, 751
258, 752
258, 753
258, 754
258, 755
258, 756
257, 757
257, 758
257, 759
257, 760
257, 761
257, 762
257, 763
257, 764
257, 765
257, 766
257, 767
257, 768
257, 769
257, 770
257, 771
257, 772
257, 773
257, 774
257, 775
257, 776
257, 777
257, 778
257, 779
257, 780
258, 781
258, 782
258, 783
257, 784
257, 785
257, 786
257, 787
257, 788
257, 789
257, 790
257, 791
257, 792
257, 793
257, 794
257, 795
257, 796
257, 797
257, 798
258, 799
258, 800
258, 801
258, 802
258, 803
258, 804
258, 805
258, 806
258, 807
258, 808
258, 809
258, 810
258, 811
258, 812
258, 813
258, 814
258, 815
258, 816
258, 817
259, 818
259, 819
259, 820
259, 821
259, 822
259, 823
259, 824
259, 825
259, 826
259, 827
259, 828
259, 829
259, 830
259, 831
259, 832
259, 833
259, 834
259, 835
260, 836
260, 837
260, 838
260, 839
260, 840
260, 841
259, 842
259, 843
259, 844
259, 845
259, 846
259, 847
259, 848
259, 849
259, 850
259, 851
259, 852
260, 853
260, 854
260, 855
260, 856
259, 857
259, 858
259, 859
259, 860
259, 861
260, 862
260, 863
259, 864
259, 865
259, 866
259, 867
260, 868
260, 869
260, 870
259, 871
259, 872
259, 873
260, 874
260, 875
260, 876
260, 877
260, 878
260, 879
260, 880
260, 881
261, 882
260, 883
260, 884
260, 885
260, 886
260, 887
260, 888
260, 889
260, 890
260, 891
260, 892
260, 893
260, 894
260, 895
260, 896
260, 897
261, 898
261, 899
261, 900
261, 901
261, 902
261, 903
261, 904
261, 905
261, 906
261, 907
261, 908
261, 909
261, 910
262, 911
262, 912
262, 913
262, 914
262, 915
262, 916
262, 917
262, 918
262, 919
262, 920
262, 921
263, 922
263, 923
263, 924
263, 925
263, 926
263, 927
263, 928
263, 929
263, 930
263, 931
263, 932
263, 933
263, 934
263, 935
264, 936
264, 937
264, 938
265, 939
264, 940
264, 941
264, 942
264, 943
264, 944
264, 945
264, 946
264, 947
264, 948
264, 949
264, 950
264, 951
264, 952
264, 953
264, 954
264, 955
264, 956
264, 957
264, 958
264, 959
264, 960
264, 961
264, 962
264, 963
264, 964
265, 965
265, 966
265, 967
265, 968
265, 969
265, 970
265, 971
265, 972
265, 973
265, 974
265, 975
265, 976
265, 977
265, 978
265, 979
265, 980
265, 981
265, 982
266, 983
266, 984
266, 985
266, 986
266, 987
266, 988
266, 989
266, 990
266, 991
266, 992
267, 993
267, 994
267, 995
267, 996
267, 997
267, 998
267, 999
267, 1000
267, 1001
267, 1002
267, 1003
267, 1004
267, 1005
267, 1006
268, 1007
268, 1008
268, 1009
268, 1010
268, 1011
268, 1012
268, 1013
268, 1014
268, 1015
268, 1016
269, 1017
269, 1018
269, 1019
269, 1020
269, 1021
269, 1022
269, 1023
269, 1024
269, 1025
269, 1026
269, 1027
269, 1028
269, 1029
269, 1030
269, 1031
269, 1032
269, 1033
269, 1034
269, 1035
270, 1036
270, 1037
270, 1038
269, 1039
269, 1040
269, 1041
269, 1042
269, 1043
269, 1044
269, 1045
269, 1046
269, 1047
269, 1048
269, 1049
269, 1050
269, 1051
269, 1052
269, 1053
269, 1054
269, 1055
269, 1056
269, 1057
269, 1058
269, 1059
269, 1060
269, 1061
269, 1062
269, 1063
269, 1064
269, 1065
269, 1066
269, 1067
269, 1068
269, 1069
269, 1070
269, 1071
269, 1072
269, 1073
269, 1074
269, 1075
269, 1076
269, 1077
269, 1078
269, 1079
268, 1080
267, 1080
266, 1080
265, 1081
264, 1081
263, 1081
262, 1081
261, 1081
260, 1080
259, 1080
258, 1080
257, 1080
256, 1080
255, 1080
254, 1080
253, 1081
252, 1080
251, 1080
250, 1080
249, 1081
248, 1080
247, 1080
246, 1080
245, 1080
244, 1081
243, 1081
242, 1081
242, 1080
241, 1079
240, 1079
239, 1079
238, 1079
237, 1079
236, 1080
236, 1081
235, 1081
235, 1080
234, 1079
233, 1079
232, 1079
231, 1079
230, 1079
229, 1079
228, 1079
227, 1080
227, 1081
226, 1081
225, 1080
224, 1080
223, 1080
222, 1080
221, 1079
220, 1079
219, 1079
218, 1079
217, 1078
216, 1077
215, 1076
215, 1075
214, 1074
213, 1074
212, 1074
211, 1074
210, 1074
209, 1074
208, 1073
207, 1073
206, 1072
206, 1071
206, 1070
206, 1069
206, 1068
206, 1067
206, 1066
206, 1065
206, 1064
206, 1063
205, 1062
205, 1061
205, 1060
205, 1059
205, 1058
205, 1057
205, 1056
205, 1055
205, 1054
205, 1053
205, 1052
205, 1051
205, 1050
204, 1049
204, 1048
204, 1047
204, 1046
205, 1045
205, 1044
205, 1043
205, 1042
205, 1041
205, 1040
205, 1039
205, 1038
205, 1037
205, 1036
205, 1035
205, 1034
205, 1033
205, 1032
205, 1031
205, 1030
205, 1029
205, 1028
205, 1027
205, 1026
205, 1025
205, 1024
205, 1023
205, 1022
205, 1021
205, 1020
205, 1019
205, 1018
205, 1017
205, 1016
205, 1015
205, 1014
205, 1013
205, 1012
205, 1011
205, 1010
205, 1009
205, 1008
205, 1007
205, 1006
206, 1005
206, 1004
206, 1003
206, 1002
206, 1001
206, 1000
206, 999
206, 998
205, 997
205, 996
205, 995
206, 994
206, 993
206, 992
206, 991
206, 990
206, 989
206, 988
206, 987
206, 986
206, 985
206, 984
205, 983
205, 982
205, 981
205, 980
205, 979
205, 978
205, 977
205, 976
205, 975
205, 974
205, 973
205, 972
205, 971
205, 970
205, 969
205, 968
205, 967
205, 966
205, 965
205, 964
205, 963
205, 962
205, 961
205, 960
205, 959
205, 958
205, 957
205, 956
205, 955
205, 954
205, 953
205, 952
205, 951
205, 950
205, 949
205, 948
204, 947
204, 946
204, 945
204, 944
204, 943
204, 942
204, 941
204, 940
204, 939
204, 938
205, 937
205, 936
205, 935
205, 934
204, 933
204, 932
204, 931
204, 930
204, 929
204, 928
204, 927
204, 926
204, 925
204, 924
203, 923
203, 922
203, 921
203, 920
203, 919
204, 918
204, 917
204, 916
204, 915
204, 914
204, 913
204, 912
204, 911
205, 910
205, 909
205, 908
205, 907
205, 906
205, 905
205, 904
205, 903
205, 902
205, 901
205, 900
205, 899
205, 898
205, 897
205, 896
205, 895
205, 894
205, 893
205, 892
205, 891
205, 890
205, 889
205, 888
205, 887
205, 886
205, 885
205, 884
205, 883
205, 882
206, 881
206, 880
206, 879
205, 878
205, 877
205, 876
205, 875
205, 874
206, 873
206, 872
206, 871
206, 870
205, 869
206, 868
206, 867
206, 866
206, 865
206, 864
206, 863
206, 862
206, 861
206, 860
206, 859
206, 858
206, 857
206, 856
206, 855
206, 854
207, 853
207, 852
207, 851
206, 850
206, 849
206, 848
207, 847
207, 846
207, 845
207, 844
206, 843
206, 842
207, 841
207, 840
207, 839
207, 838
207, 837
207, 836
207, 835
207, 834
207, 833
207, 832
207, 831
207, 830
207, 829
207, 828
207, 827
207, 826
207, 825
207, 824
207, 823
207, 822
206, 821
206, 820
206, 819
206, 818
206, 817
206, 816
206, 815
206, 814
206, 813
207, 812
207, 811
207, 810
207, 809
207, 808
207, 807
207, 806
207, 805
207, 804
207, 803
207, 802
207, 801
207, 800
207, 799
207, 798
207, 797
207, 796
207, 795
207, 794
207, 793
207, 792
207, 791
207, 790
207, 789
207, 788
207, 787
208, 786
208, 785
208, 784
208, 783
208, 782
208, 781
207, 780
207, 779
207, 778
207, 777
207, 776
207, 775
207, 774
207, 773
207, 772
207, 771
208, 770
208, 769
208, 768
207, 767
207, 766
207, 765
207, 764
207, 763
207, 762
208, 761
208, 760
208, 759
208, 758
207, 757
208, 756
208, 755
208, 754
207, 753
207, 752
207, 751
206, 750
206, 749
206, 748
206, 747
206, 746
206, 745
206, 744
205, 743
206, 742
206, 741
206, 740
206, 739
206, 738
206, 737
206, 736
206, 735
206, 734
206, 733
206, 732
206, 731
206, 730
206, 729
206, 728
206, 727
205, 726
205, 725
205, 724
205, 723
205, 722
205, 721
205, 720
206, 719
206, 718
206, 717
206, 716
206, 715
206, 714
206, 713
206, 712
206, 711
206, 710
206, 709
205, 708
206, 707
206, 706
206, 705
206, 704
206, 703
206, 702
206, 701
206, 700
206, 699
206, 698
206, 697
206, 696
206, 695
207, 694
207, 693
207, 692
207, 691
207, 690
207, 689
207, 688
207, 687
207, 686
207, 685
207, 684
207, 683
207, 682
206, 681
207, 680
207, 679
207, 678
207, 677
207, 676
207, 675
207, 674
207, 673
207, 672
207, 671
206, 670
206, 669
206, 668
206, 667
206, 666
206, 665
206, 664
206, 663
206, 662
206, 661
206, 660
206, 659
206, 658
206, 657
206, 656
206, 655
206, 654
206, 653
206, 652
206, 651
206, 650
206, 649
206, 648
206, 647
205, 646
205, 645
205, 644
204, 643
204, 642
203, 641
203, 640
202, 639
201, 639
200, 639
199, 639
198, 640
197, 640
196, 640
195, 641
194, 642
194, 643
193, 644
192, 645
191, 646
190, 647
189, 648
188, 649
187, 650
187, 651
186, 652
185, 653
185, 654
184, 655
183, 655
182, 656
182, 657
181, 658
181, 659
180, 660
180, 661
179, 662
179, 663
179, 664
179, 665
179, 666
178, 666
177, 667
177, 668
176, 668
175, 668
174, 669
174, 670
174, 671
174, 672
174, 673
173, 674
173, 675
173, 676
172, 676
171, 677
170, 678
170, 679
169, 679
168, 680
168, 681
167, 682
167, 683
166, 684
165, 685
164, 686
163, 687
163, 688
163, 689
163, 690
162, 690
161, 691
161, 692
160, 692
159, 693
158, 694
157, 695
157, 696
157, 697
157, 698
156, 698
155, 699
154, 700
153, 701
153, 702
152, 703
152, 704
152, 705
151, 706
151, 707
150, 708
150, 709
149, 710
148, 711
148, 712
147, 713
147, 714
146, 715
145, 716
145, 717
144, 718
143, 719
143, 720
142, 721
142, 722
141, 723
141, 724
140, 725
139, 726
138, 727
137, 728
137, 729
136, 730
135, 731
135, 732
135, 733
134, 734
133, 735
132, 736
131, 737
131, 738
130, 739
129, 740
129, 741
128, 742
127, 743
127, 744
126, 745
125, 746
125, 747
124, 748
123, 749
122, 750
121, 751
121, 752
120, 753
119, 754
118, 755
117, 756
116, 757
115, 757
114, 756
113, 756
112, 756
111, 756
110, 756
109, 757
