149, 491
149, 490
149, 489
150, 488
150, 487
150, 486
150, 485
151, 484
152, 483
152, 482
152, 481
152, 480
152, 479
152, 478
152, 477
152, 476
152, 475
152, 474
152, 473
152, 472
152, 471
152, 470
152, 469
152, 468
152, 467
152, 466
152, 465
152, 464
152, 463
152, 462
152, 461
152, 460
152, 459
152, 458
152, 457
152, 456
152, 455
152, 454
152, 453
152, 452
152, 451
151, 450
151, 449
152, 448
152, 447
152, 446
152, 445
153, 444
153, 443
153, 442
152, 441
152, 440
152, 439
152, 438
152, 437
152, 436
152, 435
152, 434
152, 433
152, 432
152, 431
152, 430
152, 429
152, 428
151, 427
151, 426
151, 425
151, 424
151, 423
151, 422
151, 421
151, 420
151, 419
151, 418
151, 417
151, 416
151, 415
151, 414
151, 413
151, 412
151, 411
151, 410
151, 409
151, 408
151, 407
151, 406
152, 405
152, 404
152, 403
152, 402
152, 401
152, 400
152, 399
152, 398
152, 397
152, 396
152, 395
152, 394
152, 393
152, 392
152, 391
152, 390
152, 389
152, 388
152, 387
152, 386
152, 385
152, 384
152, 383
152, 382
152, 381
152, 380
152, 379
152, 378
152, 377
153, 376
153, 375
153, 374
153, 373
153, 372
153, 371
153, 370
153, 369
153, 368
153, 367
153, 366
153, 365
153, 364
153, 363
153, 362
153, 361
153, 360
153, 359
153, 358
153, 357
154, 356
154, 355
154, 354
154, 353
153, 352
153, 351
153, 350
153, 349
153, 348
153, 347
153, 346
153, 345
153, 344
153, 343
153, 342
153, 341
153, 340
153, 339
153, 338
154, 337
154, 336
154, 335
154, 334
154, 333
154, 332
154, 331
154, 330
154, 329
154, 328
154, 327
154, 326
155, 325
155, 324
155, 323
155, 322
155, 321
155, 320
155, 319
155, 318
155, 317
155, 316
155, 315
156, 314
156, 313
156, 312
156, 311
156, 310
156, 309
156, 308
156, 307
156, 306
156, 305
156, 304
156, 303
156, 302
157, 301
157, 300
157, 299
157, 298
157, 297
157, 296
157, 295
157, 294
157, 293
157, 292
157, 291
158, 290
158, 289
158, 288
158, 287
158, 286
158, 285
158, 284
158, 283
158, 282
158, 281
158, 280
158, 279
158, 278
158, 277
157, 276
156, 275
156, 274
156, 273
156, 272
155, 271
155, 270
155, 269
155, 268
155, 267
155, 266
155, 265
155, 264
155, 263
155, 262
155, 261
155, 260
155, 259
155, 258
155, 257
155, 256
155, 255
155, 254
155, 253
155, 252
154, 251
154, 250
154, 249
154, 248
154, 247
154, 246
155, 245
155, 244
155, 243
155, 242
155, 241
154, 240
154, 239
154, 238
154, 237
154, 236
154, 235
154, 234
154, 233
154, 232
154, 231
154, 230
154, 229
154, 228
154, 227
154, 226
154, 225
154, 224
154, 223
154, 222
154, 221
154, 220
154, 219
155, 218
155, 217
155, 216
155, 215
155, 214
156, 213
156, 212
157, 211
157, 210
158, 210
159, 211
160, 211
161, 212
162, 213
162, 214
163, 215
164, 216
165, 216
166, 216
167, 216
168, 215
169, 215
170, 216
171, 216
172, 217
173, 217
174, 218
175, 218
176, 219
177, 220
178, 220
178, 221
177, 222
177, 223
176, 224
176, 225
176, 226
177, 227
177, 228
177, 229
177, 230
177, 231
177, 232
177, 233
177, 234
177, 235
177, 236
177, 237
178, 238
179, 239
180, 240
181, 240
181, 241
182, 242
183, 243
184, 244
185, 245
186, 245
187, 246
188, 246
189, 246
190, 246
191, 246
192, 246
193, 246
194, 246
195, 246
196, 246
197, 246
198, 247
199, 248
200, 249
201, 250
202, 251
203, 252
203, 253
204, 254
205, 255
206, 256
206, 257
207, 258
208, 259
209, 260
209, 261
210, 262
211, 263
212, 264
213, 265
213, 266
214, 267
215, 268
216, 269
217, 270
218, 271
218, 272
219, 273
220, 274
221, 275
222, 276
223, 277
224, 278
224, 279
224, 280
225, 281
225, 282
226, 283
227, 284
227, 285
228, 286
229, 286
230, 287
231, 288
231, 289
232, 290
232, 291
233, 292
233, 293
234, 294
235, 294
235, 295
236, 296
237, 297
237, 298
238, 299
239, 300
240, 301
240, 302
241, 303
242, 304
243, 305
243, 306
244, 307
245, 308
245, 309
246, 310
246, 311
247, 312
248, 313
249, 314
250, 315
251, 316
252, 317
253, 318
253, 319
254, 320
254, 321
255, 322
256, 323
257, 324
258, 325
259, 326
259, 327
260, 328
261, 329
262, 330
263, 331
264, 332
265, 333
266, 334
267, 335
268, 336
268, 337
269, 338
270, 339
271, 340
271, 341
272, 342
273, 342
273, 343
274, 344
275, 345
276, 346
277, 347
278, 348
279, 349
280, 350
281, 351
282, 352
283, 353
284, 354
285, 355
286, 356
286, 357
287, 358
288, 359
289, 360
290, 361
291, 362
292, 363
292, 364
293, 365
294, 366
295, 367
296, 368
296, 369
297, 370
298, 371
299, 372
299, 373
300, 374
301, 375
302, 376
303, 377
303, 378
304, 379
305, 380
306, 381
307, 382
308, 383
309, 384
310, 385
310, 386
310, 387
311, 388
311, 389
312, 390
312, 391
313, 392
314, 392
315, 393
315, 394
316, 395
317, 396
318, 397
319, 398
320, 399
320, 400
321, 401
322, 402
323, 403
324, 404
325, 405
326, 406
327, 407
327, 408
328, 409
328, 410
329, 411
330, 411
331, 412
331, 413
332, 414
333, 415
334, 416
335, 417
336, 417
337, 418
338, 419
339, 420
340, 421
341, 422
342, 422
342, 423
343, 424
344, 424
344, 425
344, 426
345, 427
346, 428
347, 429
348, 430
348, 431
347, 431
346, 431
345, 431
344, 430
343, 430
342, 429
341, 429
340, 429
339, 428
338, 428
337, 428
336, 427
335, 427
334, 426
333, 425
332, 425
331, 424
330, 424
329, 423
328, 423
327, 422
326, 422
325, 421
324, 420
323, 420
322, 419
321, 418
320, 418
319, 418
318, 418
317, 419
317, 420
317, 421
318, 422
319, 422
319, 423
319, 424
320, 425
321, 425
321, 426
322, 427
323, 428
323, 429
323, 430
323, 431
323, 432
322, 433
321, 433
320, 433
319, 433
318, 432
317, 432
316, 431
315, 430
314, 429
313, 428
312, 427
312, 426
311, 425
310, 425
309, 424
308, 423
307, 422
306, 421
305, 420
304, 419
303, 418
302, 417
301, 416
300, 415
299, 415
298, 414
297, 413
297, 412
296, 411
295, 411
294, 410
293, 409
292, 408
291, 407
290, 406
289, 405
288, 404
287, 403
286, 402
285, 401
284, 400
283, 399
282, 399
281, 398
280, 397
279, 396
278, 395
277, 394
276, 393
275, 392
274, 391
273, 390
272, 390
271, 389
270, 388
269, 388
268, 387
268, 386
267, 385
266, 384
265, 383
264, 382
263, 381
262, 381
261, 381
261, 380
260, 379
259, 378
258, 377
257, 377
256, 376
255, 376
254, 375
253, 375
252, 375
251, 374
250, 374
249, 374
248, 375
248, 376
248, 377
248, 378
248, 379
248, 380
248, 381
248, 382
249, 383
249, 384
249, 385
249, 386
250, 387
250, 388
250, 389
251, 390
252, 390
252, 391
252, 392
252, 393
252, 394
252, 395
252, 396
252, 397
252, 398
252, 399
252, 400
252, 401
252, 402
252, 403
253, 404
253, 405
254, 406
254, 407
254, 408
254, 409
254, 410
254, 411
255, 412
255, 413
255, 414
255, 415
255, 416
256, 417
256, 418
256, 419
256, 420
257, 421
257, 422
257, 423
257, 424
257, 425
258, 426
258, 427
258, 428
258, 429
258, 430
259, 431
260, 432
260, 433
260, 434
260, 435
260, 436
260, 437
260, 438
260, 439
261, 440
261, 441
261, 442
262, 443
262, 444
262, 445
263, 446
263, 447
263, 448
263, 449
263, 450
264, 451
264, 452
265, 453
265, 454
265, 455
265, 456
265, 457
265, 458
266, 459
266, 460
266, 461
266, 462
266, 463
267, 464
267, 465
268, 466
268, 467
268, 468
268, 469
269, 470
269, 471
269, 472
269, 473
270, 474
270, 475
270, 476
271, 477
271, 478
271, 479
271, 480
272, 481
272, 482
272, 483
272, 484
272, 485
273, 486
273, 487
274, 488
274, 489
274, 490
274, 491
274, 492
275, 493
275, 494
275, 495
275, 496
275, 497
275, 498
275, 499
275, 500
275, 501
276, 502
276, 503
277, 504
277, 505
277, 506
277, 507
277, 508
278, 509
278, 510
278, 511
278, 512
278, 513
278, 514
278, 515
278, 516
278, 517
278, 518
278, 519
278, 520
278, 521
279, 522
279, 523
279, 524
279, 525
279, 526
279, 527
280, 528
280, 529
280, 530
281, 531
281, 532
281, 533
281, 534
282, 535
282, 536
282, 537
283, 538
283, 539
283, 540
283, 541
283, 542
284, 543
284, 544
284, 545
284, 546
284, 547
284, 548
284, 549
284, 550
285, 551
285, 552
286, 553
286, 554
286, 555
286, 556
286, 557
287, 558
287, 559
287, 560
287, 561
287, 562
287, 563
288, 564
288, 565
288, 566
288, 567
288, 568
289, 569
289, 570
289, 571
289, 572
289, 573
290, 574
290, 575
290, 576
290, 577
290, 578
291, 579
291, 580
291, 581
291, 582
291, 583
292, 584
292, 585
292, 586
292, 587
292, 588
292, 589
292, 590
292, 591
292, 592
292, 593
293, 594
293, 595
293, 596
293, 597
294, 598
293, 599
293, 600
293, 601
294, 602
294, 603
295, 604
295, 605
295, 606
295, 607
295, 608
295, 609
295, 610
295, 611
295, 612
295, 613
296, 614
296, 615
296, 616
297, 617
298, 618
298, 619
298, 620
299, 621
299, 622
299, 623
299, 624
300, 625
300, 626
300, 627
300, 628
300, 629
300, 630
300, 631
301, 632
301, 633
300, 634
300, 635
299, 635
298, 635
297, 635
296, 635
295, 636
294, 636
293, 636
292, 636
291, 637
290, 637
289, 637
288, 637
287, 638
286, 638
285, 638
284, 638
283, 638
282, 638
281, 639
280, 639
279, 639
278, 640
277, 640
276, 641
275, 642
274, 642
273, 643
272, 643
271, 643
270, 644
269, 645
268, 646
267, 647
267, 648
267, 649
266, 650
266, 651
265, 651
264, 650
263, 650
262, 649
261, 648
260, 647
259, 647
258, 647
257, 648
256, 647
255, 647
254, 647
253, 647
252, 646
251, 645
250, 645
249, 645
248, 645
247, 645
246, 645
245, 645
244, 645
243, 645
242, 645
242, 644
241, 643
241, 642
240, 641
240, 640
240, 639
240, 638
240, 637
240, 636
239, 635
239, 634
239, 633
239, 632
238, 631
238, 630
238, 629
238, 628
238, 627
238, 626
238, 625
237, 624
237, 623
237, 622
237, 621
237, 620
236, 619
236, 618
236, 617
236, 616
235, 615
235, 614
235, 613
235, 612
235, 611
235, 610
235, 609
235, 608
234, 607
234, 606
234, 605
233, 604
233, 603
232, 602
232, 601
231, 600
231, 599
231, 598
231, 597
231, 596
231, 595
230, 594
230, 593
230, 592
230, 591
230, 590
230, 589
230, 588
229, 587
229, 586
229, 585
229, 584
229, 583
229, 582
229, 581
228, 580
228, 579
228, 578
228, 577
228, 576
227, 575
227, 574
227, 573
227, 572
227, 571
227, 570
226, 569
226, 568
226, 567
226, 566
226, 565
226, 564
225, 563
225, 562
225, 561
225, 560
225, 559
224, 558
224, 557
224, 556
224, 555
224, 554
224, 553
224, 552
223, 551
223, 550
223, 549
223, 548
223, 547
222, 546
222, 545
222, 544
222, 543
222, 542
221, 541
221, 540
221, 539
221, 538
220, 537
220, 536
220, 535
220, 534
220, 533
220, 532
219, 531
219, 530
219, 529
219, 528
218, 527
218, 526
218, 525
218, 524
217, 523
217, 522
216, 521
216, 520
216, 519
216, 518
216, 517
216, 516
215, 515
215, 514
214, 513
214, 512
213, 511
213, 510
212, 509
212, 508
212, 507
212, 506
212, 505
212, 504
212, 503
212, 502
211, 501
211, 500
211, 499
210, 498
210, 497
210, 496
210, 495
210, 494
210, 493
210, 492
210, 491
210, 490
209, 489
209, 488
209, 487
209, 486
208, 485
208, 484
208, 483
208, 482
208, 481
208, 480
207, 479
207, 478
207, 477
207, 476
206, 475
206, 474
206, 473
206, 472
206, 471
206, 470
206, 469
205, 468
205, 467
205, 466
205, 465
205, 464
205, 463
204, 462
204, 461
204, 460
204, 459
204, 458
204, 457
203, 456
203, 455
203, 454
203, 453
203, 452
202, 451
202, 450
202, 449
202, 448
202, 447
202, 446
202, 445
202, 444
201, 443
201, 442
201, 441
201, 440
201, 439
200, 438
200, 437
200, 436
199, 435
198, 434
198, 433
198, 432
199, 431
199, 430
199, 429
199, 428
198, 427
198, 426
197, 425
196, 424
195, 423
195, 422
194, 421
193, 421
192, 421
191, 422
190, 422
189, 422
188, 422
187, 423
187, 424
186, 425
186, 426
186, 427
186, 428
186, 429
186, 430
185, 431
185, 432
184, 433
184, 434
184, 435
184, 436
184, 437
183, 438
183, 439
183, 440
183, 441
183, 442
183, 443
183, 444
183, 445
183, 446
182, 447
182, 448
182, 449
182, 450
182, 451
182, 452
182, 453
182, 454
182, 455
182, 456
181, 457
181, 458
181, 459
180, 460
180, 461
180, 462
180, 463
180, 464
180, 465
180, 466
179, 467
179, 468
179, 469
179, 470
179, 471
179, 472
178, 473
178, 474
178, 475
178, 476
178, 477
177, 478
177, 479
177, 480
177, 481
177, 482
177, 483
177, 484
177, 485
177, 486
177, 487
176, 488
176, 489
176, 490
175, 491
175, 492
175, 493
175, 494
175, 495
175, 496
175, 497
174, 498
174, 499
174, 500
174, 501
174, 502
174, 503
174, 504
173, 505
173, 506
173, 507
173, 508
173, 509
172, 510
172, 511
172, 512
172, 513
171, 514
171, 515
171, 516
171, 517
170, 518
170, 519
170, 520
170, 521
169, 522
169, 523
169, 524
169, 525
168, 526
168, 527
168, 528
168, 529
168, 530
167, 531
167, 532
167, 533
167, 534
166, 535
166, 536
166, 537
165, 537
164, 536
164, 535
164, 534
164, 533
163, 532
163, 531
163, 530
163, 529
163, 528
163, 527
163, 526
162, 525
162, 524
161, 523
160, 522
159, 521
158, 520
157, 519
156, 518
156, 517
155, 516
154, 515
154, 514
153, 513
153, 512
153, 511
153, 510
153, 509
153, 508
152, 507
152, 506
152, 505
152, 504
152, 503
152, 502
152, 501
152, 500
152, 499
152, 498
151, 497
150, 496
149, 496
148, 495
148, 494
148, 493
148, 492
