128, 539
128, 538
128, 537
129, 537
130, 536
130, 535
131, 534
131, 533
132, 532
132, 531
132, 530
133, 530
134, 529
134, 528
135, 527
135, 526
135, 525
136, 524
136, 523
137, 522
138, 521
139, 520
139, 519
140, 518
140, 517
140, 516
141, 515
142, 514
142, 513
143, 512
143, 511
143, 510
144, 509
145, 508
146, 507
146, 506
147, 505
148, 504
148, 503
149, 502
150, 501
150, 500
150, 499
151, 498
151, 497
152, 496
153, 495
153, 494
154, 493
154, 492
155, 491
155, 490
156, 489
157, 488
157, 487
158, 486
158, 485
159, 484
159, 483
160, 482
161, 481
161, 480
162, 479
162, 478
163, 477
164, 476
164, 475
164, 474
165, 473
165, 472
166, 471
166, 470
167, 469
167, 468
168, 467
168, 466
169, 465
169, 464
169, 463
170, 462
170, 461
170, 460
171, 459
172, 458
172, 457
173, 456
173, 455
174, 454
174, 453
174, 452
174, 451
175, 451
176, 450
177, 449
177, 448
177, 447
177, 446
178, 445
179, 444
179, 443
180, 442
180, 441
180, 440
181, 439
181, 438
181, 437
182, 437
183, 436
184, 435
184, 434
184, 433
184, 432
185, 431
186, 430
187, 429
187, 428
187, 427
188, 426
188, 425
188, 424
188, 423
188, 422
188, 421
189, 420
189, 419
190, 418
191, 417
191, 416
192, 415
193, 414
194, 414
195, 413
195, 412
196, 411
197, 410
198, 409
198, 408
199, 407
199, 406
200, 405
200, 404
201, 403
201, 402
202, 401
202, 400
203, 399
203, 398
204, 397
204, 396
205, 395
206, 394
207, 393
207, 392
208, 391
208, 390
209, 389
209, 388
210, 387
210, 386
211, 385
212, 384
212, 383
213, 382
213, 381
214, 380
215, 379
216, 378
216, 377
216, 376
216, 375
216, 374
217, 373
218, 372
218, 371
219, 370
220, 369
220, 368
220, 367
219, 366
220, 366
221, 366
222, 365
222, 364
223, 363
223, 362
223, 361
224, 360
225, 359
226, 358
226, 357
226, 356
227, 355
228, 354
228, 353
229, 352
229, 351
230, 350
231, 349
231, 348
232, 347
232, 346
232, 345
232, 344
233, 343
234, 342
234, 341
234, 340
235, 339
235, 338
236, 337
236, 336
237, 335
238, 334
238, 333
238, 332
239, 331
240, 330
241, 329
242, 328
242, 327
243, 326
243, 325
244, 324
245, 323
246, 322
246, 321
246, 320
247, 319
248, 318
249, 317
249, 316
250, 315
250, 314
251, 313
251, 312
251, 311
252, 310
253, 309
253, 308
254, 307
255, 306
256, 305
256, 304
257, 303
257, 302
258, 302
259, 301
259, 300
260, 299
260, 298
261, 297
261, 296
262, 295
262, 294
263, 293
264, 292
264, 291
264, 290
264, 289
264, 288
265, 287
265, 286
265, 285
265, 284
265, 283
265, 282
265, 281
265, 280
265, 279
264, 278
264, 277
264, 276
264, 275
264, 274
264, 273
264, 272
264, 271
264, 270
264, 269
264, 268
265, 267
266, 266
266, 265
267, 264
267, 263
268, 262
269, 262
270, 261
271, 261
272, 260
273, 260
274, 261
275, 261
276, 261
277, 262
278, 262
279, 263
280, 263
281, 264
282, 264
283, 265
284, 265
285, 266
286, 267
286, 268
287, 269
288, 270
289, 270
290, 271
291, 272
292, 273
293, 274
294, 275
295, 276
296, 276
297, 277
298, 277
298, 278
299, 279
300, 280
301, 281
302, 282
303, 283
304, 284
305, 284
305, 285
306, 286
307, 286
308, 287
309, 288
310, 289
311, 289
312, 290
312, 291
313, 292
314, 293
315, 294
316, 294
317, 295
318, 296
319, 297
320, 298
321, 299
322, 300
323, 301
324, 302
324, 303
325, 304
326, 304
326, 305
327, 306
328, 306
329, 307
330, 308
331, 309
332, 310
332, 311
333, 312
334, 313
335, 314
336, 315
337, 315
338, 316
338, 317
339, 318
340, 319
341, 320
342, 321
343, 322
344, 323
345, 324
345, 325
346, 326
347, 326
347, 327
348, 328
349, 329
350, 330
351, 331
352, 332
353, 333
354, 334
355, 335
356, 336
357, 337
358, 337
359, 338
359, 339
360, 340
361, 340
361, 341
362, 342
363, 343
364, 344
365, 344
365, 345
366, 346
367, 347
368, 348
369, 348
370, 349
370, 350
371, 351
372, 352
373, 353
374, 353
375, 354
376, 355
377, 356
378, 357
379, 358
379, 359
380, 360
381, 361
382, 362
383, 363
384, 364
385, 365
386, 366
387, 367
388, 368
389, 369
390, 370
391, 371
392, 372
393, 373
394, 374
395, 375
396, 376
397, 377
398, 378
399, 379
400, 380
400, 381
401, 382
402, 382
403, 383
404, 383
404, 384
405, 385
405, 386
406, 387
407, 388
408, 389
409, 390
410, 390
411, 390
411, 391
412, 392
412, 393
413, 394
414, 395
415, 396
416, 397
417, 398
417, 399
418, 400
419, 401
420, 402
421, 403
422, 404
423, 405
424, 406
425, 407
426, 408
427, 409
427, 410
428, 411
429, 412
430, 413
431, 414
432, 415
433, 416
434, 417
435, 418
436, 419
437, 419
438, 419
438, 420
438, 421
439, 422
440, 423
441, 424
442, 425
443, 426
444, 426
445, 427
446, 428
447, 429
447, 430
448, 431
449, 432
450, 433
451, 434
452, 434
452, 435
453, 436
454, 437
455, 438
456, 439
457, 440
458, 441
459, 442
460, 443
461, 444
462, 445
463, 446
464, 447
465, 448
466, 449
467, 450
468, 451
469, 452
470, 453
471, 454
472, 455
473, 456
474, 457
474, 458
475, 459
476, 460
476, 461
477, 462
478, 463
479, 464
480, 465
481, 466
482, 467
483, 468
484, 469
485, 470
485, 471
485, 472
486, 473
486, 474
486, 475
486, 476
486, 477
485, 478
484, 479
483, 479
482, 480
481, 481
481, 482
480, 483
480, 484
480, 485
481, 486
482, 487
482, 488
482, 489
481, 489
480, 490
479, 491
478, 491
477, 491
476, 491
475, 492
474, 493
473, 493
472, 493
471, 493
470, 493
469, 493
468, 493
467, 494
466, 494
465, 494
464, 494
463, 494
462, 495
461, 495
460, 495
459, 495
458, 495
457, 496
456, 496
455, 497
454, 497
453, 497
452, 497
451, 498
450, 498
449, 498
448, 499
447, 499
446, 499
445, 499
444, 500
443, 500
442, 500
441, 500
440, 500
439, 501
438, 501
437, 502
436, 502
435, 502
434, 502
433, 503
432, 503
431, 503
430, 503
429, 504
428, 504
427, 504
426, 505
425, 506
424, 506
423, 507
422, 507
421, 507
420, 508
419, 509
418, 510
417, 510
416, 510
415, 510
414, 510
413, 509
412, 509
411, 509
410, 509
409, 509
408, 509
407, 509
406, 510
405, 510
404, 510
403, 510
402, 510
401, 509
400, 509
399, 509
398, 509
397, 509
396, 509
395, 509
394, 509
393, 509
392, 510
391, 510
390, 510
389, 510
388, 511
387, 511
386, 512
385, 513
385, 514
385, 515
385, 516
385, 517
385, 518
385, 519
385, 520
385, 521
385, 522
385, 523
385, 524
385, 525
386, 526
386, 527
386, 528
387, 529
387, 530
387, 531
387, 532
387, 533
387, 534
387, 535
387, 536
387, 537
387, 538
387, 539
387, 540
387, 541
387, 542
387, 543
387, 544
387, 545
388, 546
388, 547
388, 548
388, 549
388, 550
388, 551
388, 552
389, 553
389, 554
389, 555
389, 556
389, 557
390, 558
390, 559
390, 560
390, 561
390, 562
390, 563
390, 564
390, 565
391, 566
391, 567
391, 568
391, 569
391, 570
391, 571
391, 572
391, 573
391, 574
392, 575
392, 576
392, 577
392, 578
392, 579
392, 580
392, 581
393, 582
393, 583
393, 584
393, 585
393, 586
393, 587
393, 588
393, 589
393, 590
393, 591
393, 592
393, 593
393, 594
393, 595
393, 596
393, 597
393, 598
394, 599
394, 600
394, 601
394, 602
394, 603
394, 604
394, 605
394, 606
394, 607
394, 608
394, 609
394, 610
394, 611
394, 612
394, 613
394, 614
395, 615
395, 616
395, 617
395, 618
395, 619
395, 620
395, 621
395, 622
395, 623
395, 624
395, 625
395, 626
395, 627
395, 628
396, 629
396, 630
396, 631
396, 632
396, 633
396, 634
396, 635
396, 636
396, 637
396, 638
396, 639
396, 640
396, 641
396, 642
396, 643
396, 644
396, 645
396, 646
396, 647
396, 648
396, 649
396, 650
396, 651
396, 652
396, 653
396, 654
397, 655
396, 656
396, 657
396, 658
397, 659
397, 660
397, 661
397, 662
397, 663
397, 664
397, 665
397, 666
397, 667
397, 668
397, 669
397, 670
397, 671
396, 672
396, 673
396, 674
396, 675
396, 676
396, 677
396, 678
396, 679
396, 680
397, 681
397, 682
397, 683
397, 684
397, 685
397, 686
397, 687
397, 688
397, 689
397, 690
397, 691
397, 692
397, 693
397, 694
397, 695
397, 696
397, 697
397, 698
397, 699
397, 700
397, 701
397, 702
397, 703
397, 704
397, 705
397, 706
397, 707
397, 708
398, 709
398, 710
398, 711
398, 712
398, 713
398, 714
398, 715
398, 716
398, 717
398, 718
398, 719
398, 720
398, 721
398, 722
398, 723
398, 724
399, 725
399, 726
399, 727
399, 728
399, 729
399, 730
399, 731
399, 732
399, 733
399, 734
399, 735
399, 736
398, 737
398, 738
397, 738
396, 739
395, 739
394, 740
393, 740
392, 741
392, 742
392, 743
392, 744
392, 745
392, 746
392, 747
392, 748
392, 749
391, 750
390, 751
389, 752
388, 753
387, 754
386, 754
385, 754
384, 754
383, 755
382, 755
381, 754
380, 754
379, 754
378, 754
377, 755
376, 755
375, 755
374, 755
373, 755
372, 755
371, 756
370, 756
369, 756
368, 756
367, 756
366, 756
365, 756
364, 756
363, 756
362, 756
361, 756
360, 757
359, 757
358, 757
357, 757
356, 757
355, 757
354, 758
353, 758
352, 758
351, 758
350, 758
349, 758
348, 758
347, 758
346, 758
345, 758
344, 759
343, 759
342, 759
341, 759
340, 759
339, 760
338, 760
337, 760
336, 760
335, 760
334, 760
333, 760
332, 760
331, 760
330, 761
329, 761
328, 761
327, 761
326, 761
325, 761
324, 761
323, 762
322, 762
321, 762
320, 762
319, 762
318, 762
317, 763
316, 763
315, 763
314, 763
313, 763
312, 763
311, 764
310, 764
309, 764
308, 765
307, 765
306, 765
305, 765
304, 765
303, 766
302, 766
301, 766
300, 766
299, 766
298, 766
297, 767
296, 767
295, 767
294, 767
293, 767
292, 767
291, 767
290, 767
289, 767
288, 767
287, 767
286, 767
285, 767
284, 768
283, 768
282, 768
281, 768
280, 768
279, 768
278, 768
277, 768
276, 768
275, 768
274, 767
273, 766
273, 765
273, 764
273, 763
273, 762
273, 761
272, 760
272, 759
272, 758
272, 757
272, 756
272, 755
272, 754
272, 753
272, 752
272, 751
272, 750
272, 749
272, 748
271, 747
271, 746
271, 745
271, 744
271, 743
271, 742
271, 741
271, 740
270, 739
270, 738
270, 737
270, 736
270, 735
270, 734
270, 733
270, 732
270, 731
270, 730
270, 729
270, 728
269, 727
269, 726
268, 725
268, 724
268, 723
268, 722
268, 721
267, 720
267, 719
267, 718
267, 717
267, 716
267, 715
266, 714
266, 713
266, 712
266, 711
266, 710
266, 709
266, 708
266, 707
266, 706
266, 705
266, 704
266, 703
265, 702
265, 701
265, 700
265, 699
265, 698
265, 697
265, 696
265, 695
265, 694
265, 693
264, 692
264, 691
264, 690
264, 689
264, 688
264, 687
264, 686
265, 685
265, 684
266, 683
266, 682
267, 681
267, 680
267, 679
266, 678
266, 677
265, 676
265, 675
264, 674
264, 673
264, 672
264, 671
264, 670
264, 669
264, 668
264, 667
264, 666
264, 665
263, 664
263, 663
263, 662
262, 661
262, 660
262, 659
262, 658
262, 657
262, 656
262, 655
261, 654
261, 653
261, 652
261, 651
261, 650
261, 649
261, 648
261, 647
261, 646
261, 645
261, 644
261, 643
261, 642
261, 641
261, 640
261, 639
261, 638
261, 637
261, 636
261, 635
261, 634
261, 633
261, 632
260, 631
260, 630
260, 629
260, 628
259, 627
259, 626
259, 625
258, 624
258, 623
258, 622
257, 621
257, 620
257, 619
257, 618
257, 617
257, 616
256, 615
256, 614
256, 613
256, 612
256, 611
256, 610
255, 609
255, 608
255, 607
255, 606
255, 605
255, 604
255, 603
255, 602
255, 601
255, 600
255, 599
255, 598
255, 597
255, 596
255, 595
255, 594
255, 593
254, 592
254, 591
254, 590
254, 589
254, 588
254, 587
254, 586
254, 585
253, 584
253, 583
252, 582
251, 582
251, 581
251, 580
251, 579
251, 578
251, 577
250, 576
249, 575
248, 574
247, 573
246, 573
245, 573
245, 572
246, 571
246, 570
246, 569
246, 568
246, 567
245, 566
245, 565
244, 564
243, 563
242, 562
241, 562
241, 561
242, 561
243, 561
244, 561
245, 560
245, 559
245, 558
245, 557
245, 556
246, 555
246, 554
246, 553
246, 552
245, 551
245, 550
245, 549
245, 548
246, 548
247, 548
248, 547
248, 546
248, 545
248, 544
248, 543
247, 542
247, 541
246, 540
246, 539
246, 538
245, 537
244, 536
243, 535
242, 535
241, 535
240, 536
239, 536
239, 535
238, 534
237, 534
236, 534
235, 535
235, 536
235, 537
235, 538
236, 539
236, 540
236, 541
236, 542
235, 542
235, 541
234, 540
233, 539
232, 539
231, 538
230, 537
229, 536
228, 536
227, 536
226, 536
225, 536
224, 536
223, 536
222, 536
221, 536
220, 536
219, 536
218, 537
217, 538
216, 539
215, 540
214, 541
213, 542
212, 541
212, 540
211, 539
210, 538
209, 537
208, 536
207, 536
206, 536
205, 536
204, 536
203, 536
202, 536
201, 536
200, 537
199, 537
198, 537
197, 537
196, 538
195, 538
194, 538
193, 539
192, 539
191, 540
190, 540
189, 541
188, 541
187, 541
186, 541
185, 542
184, 542
183, 542
182, 542
181, 542
180, 542
179, 542
178, 542
177, 543
176, 543
175, 543
174, 544
173, 544
172, 545
171, 546
170, 546
169, 546
168, 546
167, 546
166, 546
165, 546
164, 546
163, 546
162, 547
161, 547
160, 547
159, 547
158, 548
157, 548
156, 548
155, 548
154, 549
153, 549
152, 549
151, 549
150, 549
149, 550
148, 550
147, 550
146, 550
145, 550
144, 550
143, 550
142, 550
141, 550
140, 550
139, 550
138, 550
137, 551
136, 551
135, 551
134, 551
133, 551
132, 552
131, 552
130, 552
129, 552
128, 551
127, 550
126, 549
126, 548
126, 547
126, 546
126, 545
126, 544
126, 543
127, 542
127, 541
127, 540
