96, 1057
96, 1056
96, 1055
96, 1054
96, 1053
96, 1052
97, 1051
97, 1050
97, 1049
97, 1048
97, 1047
97, 1046
98, 1045
98, 1044
98, 1043
98, 1042
98, 1041
98, 1040
98, 1039
98, 1038
98, 1037
98, 1036
98, 1035
98, 1034
98, 1033
99, 1032
99, 1031
99, 1030
99, 1029
99, 1028
100, 1027
100, 1026
100, 1025
100, 1024
100, 1023
100, 1022
100, 1021
101, 1020
101, 1019
101, 1018
101, 1017
101, 1016
101, 1015
101, 1014
101, 1013
101, 1012
101, 1011
102, 1010
102, 1009
102, 1008
102, 1007
102, 1006
103, 1005
103, 1004
103, 1003
103, 1002
103, 1001
104, 1000
104, 999
104, 998
104, 997
104, 996
104, 995
104, 994
104, 993
104, 992
104, 991
104, 990
105, 989
105, 988
105, 987
105, 986
105, 985
105, 984
105, 983
105, 982
105, 981
105, 980
105, 979
105, 978
105, 977
106, 976
106, 975
106, 974
106, 973
106, 972
106, 971
106, 970
107, 969
107, 968
107, 967
107, 966
107, 965
107, 964
107, 963
107, 962
108, 961
108, 960
108, 959
108, 958
108, 957
108, 956
108, 955
108, 954
109, 953
109, 952
109, 951
109, 950
109, 949
110, 948
110, 947
110, 946
110, 945
110, 944
110, 943
110, 942
110, 941
111, 940
111, 939
111, 938
112, 937
112, 936
112, 935
112, 934
112, 933
113, 932
113, 931
113, 930
113, 929
113, 928
113, 927
114, 926
114, 925
114, 924
114, 923
114, 922
114, 921
115, 920
115, 919
115, 918
115, 917
115, 916
115, 915
115, 914
115, 913
116, 912
116, 911
116, 910
116, 909
116, 908
116, 907
117, 906
117, 905
117, 904
117, 903
117, 902
117, 901
118, 900
118, 899
118, 898
118, 897
118, 896
118, 895
118, 894
118, 893
118, 892
119, 891
119, 890
119, 889
119, 888
119, 887
119, 886
119, 885
120, 884
120, 883
120, 882
120, 881
120, 880
120, 879
120, 878
120, 877
120, 876
121, 875
121, 874
121, 873
121, 872
121, 871
122, 870
122, 869
122, 868
122, 867
122, 866
122, 865
122, 864
122, 863
122, 862
122, 861
122, 860
122, 859
122, 858
122, 857
122, 856
122, 855
122, 854
122, 853
123, 852
123, 851
123, 850
123, 849
123, 848
123, 847
123, 846
123, 845
123, 844
123, 843
123, 842
123, 841
123, 840
123, 839
123, 838
123, 837
123, 836
123, 835
123, 834
123, 833
123, 832
123, 831
123, 830
123, 829
123, 828
123, 827
123, 826
123, 825
123, 824
123, 823
123, 822
123, 821
124, 820
124, 819
124, 818
124, 817
124, 816
123, 815
124, 814
124, 813
124, 812
124, 811
124, 810
124, 809
124, 808
125, 807
125, 806
125, 805
125, 804
126, 803
126, 802
126, 801
126, 800
126, 799
126, 798
126, 797
127, 796
127, 795
127, 794
127, 793
128, 792
128, 791
128, 790
129, 789
129, 788
129, 787
130, 786
130, 785
130, 784
130, 783
131, 782
131, 781
132, 780
132, 779
132, 778
132, 777
133, 776
133, 775
133, 774
134, 773
134, 772
134, 771
134, 770
134, 769
134, 768
134, 767
135, 766
135, 765
136, 764
136, 763
136, 762
136, 761
137, 760
137, 759
137, 758
138, 757
138, 756
138, 755
139, 754
139, 753
139, 752
139, 751
139, 750
140, 749
140, 748
140, 747
140, 746
140, 745
140, 744
141, 743
141, 742
141, 741
141, 740
142, 739
142, 738
142, 737
142, 736
142, 735
142, 734
142, 733
143, 732
143, 731
143, 730
143, 729
143, 728
143, 727
143, 726
143, 725
143, 724
143, 723
144, 722
144, 721
144, 720
144, 719
144, 718
144, 717
144, 716
144, 715
144, 714
144, 713
144, 712
144, 711
144, 710
144, 709
145, 708
145, 707
145, 706
145, 705
145, 704
145, 703
145, 702
145, 701
145, 700
145, 699
145, 698
145, 697
145, 696
145, 695
145, 694
145, 693
145, 692
145, 691
145, 690
145, 689
145, 688
144, 687
144, 686
144, 685
144, 684
145, 683
145, 682
145, 681
144, 680
143, 680
142, 679
141, 679
140, 679
139, 679
138, 678
137, 677
136, 676
135, 676
134, 676
133, 677
132, 677
131, 677
130, 676
129, 676
128, 676
127, 676
126, 676
126, 675
126, 674
125, 673
124, 673
123, 672
122, 672
121, 672
120, 673
119, 672
118, 671
117, 670
117, 669
118, 668
118, 667
118, 666
118, 665
118, 664
119, 663
119, 662
119, 661
120, 660
120, 659
120, 658
120, 657
120, 656
121, 655
121, 654
121, 653
122, 652
122, 651
122, 650
123, 649
123, 648
123, 647
123, 646
124, 645
124, 644
124, 643
124, 642
124, 641
125, 640
125, 639
125, 638
126, 637
126, 636
126, 635
126, 634
127, 633
127, 632
127, 631
127, 630
127, 629
128, 628
128, 627
128, 626
129, 625
129, 624
129, 623
129, 622
130, 621
130, 620
130, 619
130, 618
130, 617
131, 616
131, 615
131, 614
131, 613
131, 612
132, 611
132, 610
132, 609
132, 608
133, 607
133, 606
133, 605
134, 604
134, 603
134, 602
134, 601
135, 600
135, 599
135, 598
135, 597
135, 596
136, 595
136, 594
136, 593
136, 592
137, 591
137, 590
137, 589
138, 588
138, 587
138, 586
138, 585
139, 584
139, 583
139, 582
139, 581
140, 580
140, 579
140, 578
140, 577
141, 576
141, 575
141, 574
141, 573
142, 572
142, 571
142, 570
143, 569
143, 568
143, 567
143, 566
144, 565
144, 564
144, 563
144, 562
145, 561
145, 560
145, 559
145, 558
145, 557
146, 556
146, 555
146, 554
146, 553
146, 552
147, 551
147, 550
147, 549
147, 548
148, 547
148, 546
148, 545
148, 544
148, 543
149, 542
149, 541
149, 540
149, 539
149, 538
150, 537
150, 536
151, 535
151, 534
151, 533
151, 532
151, 531
151, 530
152, 529
152, 528
153, 527
154, 526
154, 525
154, 524
154, 523
154, 522
155, 521
155, 520
155, 519
155, 518
156, 517
156, 516
156, 515
157, 514
157, 513
157, 512
158, 511
158, 510
158, 509
158, 508
158, 507
159, 506
159, 505
159, 504
160, 503
160, 502
160, 501
160, 500
160, 499
161, 498
161, 497
162, 496
162, 495
162, 494
163, 493
163, 492
163, 491
163, 490
164, 489
164, 488
164, 487
164, 486
164, 485
164, 484
164, 483
164, 482
165, 481
165, 480
166, 479
166, 478
167, 477
167, 476
167, 475
168, 474
168, 473
168, 472
168, 471
168, 470
169, 469
169, 468
170, 467
170, 466
170, 465
170, 464
170, 463
171, 462
171, 461
171, 460
172, 459
173, 458
173, 457
173, 456
173, 455
174, 454
174, 453
175, 452
175, 451
175, 450
175, 449
175, 448
175, 447
176, 446
176, 445
176, 444
176, 443
176, 442
176, 441
176, 440
176, 439
175, 438
175, 437
175, 436
174, 435
175, 434
175, 433
175, 432
175, 431
176, 430
176, 429
177, 428
178, 427
178, 426
179, 425
179, 424
180, 423
180, 422
181, 421
182, 420
183, 419
183, 418
184, 418
184, 419
184, 420
184, 421
184, 422
183, 423
183, 424
183, 425
183, 426
183, 427
184, 428
185, 428
186, 428
187, 428
188, 427
188, 428
188, 429
188, 430
188, 431
188, 432
188, 433
188, 434
188, 435
188, 436
188, 437
188, 438
188, 439
188, 440
189, 441
189, 442
189, 443
189, 444
190, 445
190, 446
190, 447
190, 448
190, 449
191, 450
191, 451
191, 452
191, 453
191, 454
191, 455
191, 456
191, 457
191, 458
191, 459
191, 460
191, 461
191, 462
191, 463
190, 464
190, 465
190, 466
190, 467
189, 468
189, 469
189, 470
189, 471
189, 472
189, 473
189, 474
189, 475
189, 476
189, 477
189, 478
189, 479
189, 480
189, 481
189, 482
189, 483
189, 484
189, 485
189, 486
188, 487
188, 488
188, 489
188, 490
188, 491
188, 492
188, 493
188, 494
188, 495
188, 496
188, 497
187, 498
187, 499
187, 500
187, 501
187, 502
187, 503
187, 504
187, 505
187, 506
187, 507
187, 508
187, 509
187, 510
187, 511
187, 512
187, 513
188, 514
188, 515
188, 516
188, 517
189, 518
189, 519
189, 520
189, 521
189, 522
189, 523
189, 524
189, 525
190, 526
190, 527
190, 528
190, 529
190, 530
190, 531
190, 532
190, 533
190, 534
190, 535
191, 536
191, 537
191, 538
191, 539
191, 540
191, 541
191, 542
192, 543
192, 544
192, 545
192, 546
191, 547
191, 548
191, 549
191, 550
191, 551
191, 552
191, 553
191, 554
191, 555
191, 556
191, 557
191, 558
191, 559
191, 560
192, 561
192, 562
192, 563
192, 564
193, 565
193, 566
193, 567
192, 568
192, 569
192, 570
192, 571
192, 572
193, 573
193, 574
193, 575
193, 576
194, 577
194, 578
194, 579
194, 580
194, 581
195, 582
195, 583
195, 584
195, 585
196, 586
196, 587
196, 588
196, 589
197, 590
197, 591
197, 592
197, 593
198, 594
198, 595
199, 596
198, 597
198, 598
197, 599
196, 600
196, 601
196, 602
196, 603
196, 604
196, 605
196, 606
196, 607
197, 608
196, 609
196, 610
196, 611
197, 612
197, 613
197, 614
197, 615
197, 616
198, 617
198, 618
198, 619
198, 620
199, 621
199, 622
199, 623
199, 624
199, 625
199, 626
199, 627
199, 628
199, 629
199, 630
199, 631
199, 632
199, 633
199, 634
199, 635
199, 636
199, 637
199, 638
199, 639
199, 640
199, 641
199, 642
200, 643
200, 644
201, 645
201, 646
201, 647
201, 648
201, 649
201, 650
201, 651
201, 652
201, 653
201, 654
201, 655
201, 656
201, 657
201, 658
201, 659
201, 660
201, 661
201, 662
201, 663
201, 664
201, 665
201, 666
201, 667
201, 668
201, 669
201, 670
201, 671
201, 672
201, 673
201, 674
200, 675
200, 676
199, 677
198, 678
197, 679
197, 680
197, 681
196, 681
195, 681
194, 680
193, 680
192, 680
191, 679
190, 679
189, 679
188, 680
188, 681
187, 682
187, 683
187, 684
186, 685
186, 686
186, 687
186, 688
186, 689
186, 690
186, 691
186, 692
187, 693
187, 694
186, 695
186, 696
186, 697
186, 698
186, 699
186, 700
186, 701
186, 702
186, 703
185, 704
185, 705
185, 706
185, 707
185, 708
185, 709
185, 710
185, 711
185, 712
185, 713
185, 714
185, 715
185, 716
185, 717
185, 718
185, 719
185, 720
184, 721
184, 722
184, 723
184, 724
184, 725
184, 726
184, 727
183, 728
183, 729
183, 730
183, 731
183, 732
183, 733
183, 734
183, 735
183, 736
183, 737
183, 738
183, 739
183, 740
183, 741
183, 742
183, 743
183, 744
183, 745
183, 746
182, 747
182, 748
182, 749
182, 750
182, 751
182, 752
182, 753
182, 754
182, 755
182, 756
182, 757
182, 758
182, 759
183, 760
183, 761
183, 762
182, 763
181, 764
181, 765
181, 766
181, 767
180, 768
180, 769
180, 770
180, 771
180, 772
180, 773
180, 774
180, 775
180, 776
180, 777
180, 778
180, 779
180, 780
180, 781
180, 782
180, 783
180, 784
180, 785
180, 786
180, 787
179, 788
179, 789
179, 790
179, 791
179, 792
179, 793
179, 794
179, 795
179, 796
179, 797
179, 798
179, 799
179, 800
179, 801
178, 802
178, 803
178, 804
178, 805
178, 806
178, 807
178, 808
178, 809
178, 810
178, 811
178, 812
178, 813
177, 814
177, 815
177, 816
177, 817
177, 818
177, 819
177, 820
177, 821
177, 822
177, 823
177, 824
177, 825
177, 826
177, 827
177, 828
177, 829
177, 830
177, 831
177, 832
177, 833
177, 834
177, 835
177, 836
177, 837
177, 838
177, 839
177, 840
177, 841
177, 842
177, 843
177, 844
177, 845
177, 846
178, 847
178, 848
178, 849
178, 850
177, 851
177, 852
177, 853
177, 854
177, 855
177, 856
176, 857
176, 858
176, 859
176, 860
176, 861
176, 862
176, 863
175, 864
175, 865
175, 866
175, 867
175, 868
174, 869
174, 870
174, 871
174, 872
174, 873
174, 874
174, 875
174, 876
174, 877
174, 878
174, 879
174, 880
174, 881
174, 882
174, 883
174, 884
173, 885
173, 886
173, 887
173, 888
173, 889
174, 890
174, 891
174, 892
174, 893
174, 894
174, 895
173, 896
173, 897
172, 898
172, 899
172, 900
172, 901
172, 902
172, 903
172, 904
171, 905
171, 906
171, 907
171, 908
171, 909
171, 910
170, 911
170, 912
170, 913
170, 914
170, 915
170, 916
170, 917
170, 918
170, 919
170, 920
170, 921
170, 922
170, 923
170, 924
170, 925
170, 926
170, 927
170, 928
170, 929
170, 930
170, 931
169, 932
169, 933
169, 934
169, 935
169, 936
169, 937
169, 938
169, 939
169, 940
169, 941
169, 942
169, 943
169, 944
169, 945
169, 946
168, 947
168, 948
168, 949
167, 950
167, 951
167, 952
167, 953
167, 954
167, 955
167, 956
167, 957
167, 958
167, 959
167, 960
167, 961
166, 962
166, 963
166, 964
166, 965
166, 966
166, 967
166, 968
166, 969
166, 970
166, 971
166, 972
166, 973
166, 974
166, 975
166, 976
165, 977
165, 978
165, 979
165, 980
165, 981
165, 982
165, 983
165, 984
165, 985
165, 986
165, 987
165, 988
166, 989
166, 990
165, 991
165, 992
165, 993
165, 994
165, 995
164, 996
164, 997
164, 998
164, 999
164, 1000
164, 1001
164, 1002
164, 1003
164, 1004
164, 1005
164, 1006
165, 1007
165, 1008
165, 1009
165, 1010
165, 1011
165, 1012
165, 1013
165, 1014
165, 1015
165, 1016
165, 1017
165, 1018
166, 1019
166, 1020
167, 1021
168, 1022
168, 1023
169, 1024
169, 1025
169, 1026
168, 1027
167, 1027
166, 1027
165, 1027
164, 1028
164, 1029
164, 1030
164, 1031
164, 1032
164, 1033
164, 1034
164, 1035
164, 1036
164, 1037
164, 1038
164, 1039
163, 1040
163, 1041
163, 1042
163, 1043
163, 1044
163, 1045
163, 1046
163, 1047
163, 1048
163, 1049
163, 1050
163, 1051
163, 1052
163, 1053
163, 1054
163, 1055
163, 1056
163, 1057
163, 1058
163, 1059
163, 1060
163, 1061
163, 1062
163, 1063
163, 1064
163, 1065
163, 1066
162, 1067
161, 1068
161, 1069
160, 1070
160, 1071
160, 1072
160, 1073
160, 1074
159, 1075
159, 1076
158, 1077
158, 1078
156, 1076
155, 1076
154, 1076
153, 1077
153, 1078
152, 1078
151, 1078
150, 1078
149, 1078
148, 1078
147, 1078
146, 1078
145, 1079
144, 1079
144, 1078
143, 1077
142, 1077
141, 1076
140, 1076
139, 1076
138, 1076
137, 1075
136, 1075
135, 1075
134, 1075
133, 1075
132, 1075
131, 1074
131, 1073
130, 1072
129, 1072
128, 1072
127, 1073
126, 1073
125, 1073
124, 1073
124, 1072
123, 1071
122, 1071
121, 1071
120, 1071
119, 1071
118, 1071
117, 1070
116, 1070
115, 1070
114, 1070
113, 1070
112, 1070
111, 1070
110, 1070
109, 1070
108, 1070
107, 1069
106, 1069
105, 1069
104, 1069
103, 1069
103, 1068
102, 1067
101, 1067
100, 1067
99, 1068
98, 1068
97, 1067
96, 1066
96, 1065
96, 1064
95, 1063
95, 1062
95, 1061
95, 1060
95, 1059
95, 1058
