216, 731
217, 730
217, 729
218, 729
219, 728
220, 728
221, 727
222, 726
223, 726
224, 725
225, 725
226, 724
227, 725
227, 726
227, 727
227, 728
228, 729
229, 729
230, 729
231, 729
232, 729
233, 729
234, 729
235, 729
236, 729
237, 728
238, 728
239, 728
240, 727
241, 727
242, 727
243, 727
244, 727
245, 726
246, 726
247, 726
248, 726
249, 726
250, 725
251, 725
252, 724
253, 724
254, 724
255, 724
256, 724
257, 723
258, 723
259, 722
260, 722
261, 721
262, 720
262, 719
263, 718
263, 717
263, 716
264, 715
264, 714
264, 713
264, 712
264, 711
264, 710
264, 709
264, 708
264, 707
264, 706
264, 705
264, 704
264, 703
264, 702
264, 701
264, 700
264, 699
264, 698
264, 697
264, 696
264, 695
264, 694
264, 693
264, 692
264, 691
264, 690
264, 689
264, 688
264, 687
264, 686
264, 685
264, 684
264, 683
264, 682
264, 681
264, 680
264, 679
264, 678
264, 677
264, 676
264, 675
264, 674
264, 673
264, 672
264, 671
264, 670
264, 669
264, 668
264, 667
264, 666
264, 665
264, 664
264, 663
264, 662
264, 661
264, 660
264, 659
264, 658
264, 657
264, 656
264, 655
263, 654
263, 653
263, 652
263, 651
263, 650
263, 649
263, 648
263, 647
263, 646
263, 645
263, 644
263, 643
263, 642
263, 641
263, 640
263, 639
263, 638
263, 637
263, 636
263, 635
263, 634
263, 633
263, 632
263, 631
263, 630
264, 629
264, 628
264, 627
264, 626
264, 625
263, 624
263, 623
263, 622
264, 621
264, 620
264, 619
264, 618
264, 617
264, 616
264, 615
264, 614
264, 613
264, 612
263, 611
263, 610
263, 609
263, 608
263, 607
263, 606
263, 605
263, 604
263, 603
263, 602
263, 601
263, 600
263, 599
263, 598
263, 597
263, 596
263, 595
263, 594
263, 593
263, 592
262, 591
262, 590
262, 589
262, 588
262, 587
262, 586
262, 585
262, 584
262, 583
262, 582
262, 581
262, 580
261, 579
262, 578
262, 577
262, 576
262, 575
262, 574
262, 573
262, 572
261, 571
261, 570
261, 569
261, 568
261, 567
261, 566
261, 565
261, 564
261, 563
261, 562
260, 561
260, 560
260, 559
260, 558
260, 557
260, 556
260, 555
260, 554
260, 553
260, 552
260, 551
260, 550
260, 549
260, 548
260, 547
260, 546
260, 545
260, 544
260, 543
260, 542
260, 541
260, 540
260, 539
260, 538
260, 537
260, 536
260, 535
260, 534
260, 533
259, 532
259, 531
259, 530
259, 529
259, 528
259, 527
259, 526
259, 525
259, 524
259, 523
259, 522
259, 521
259, 520
259, 519
259, 518
258, 517
258, 516
258, 515
258, 514
258, 513
259, 512
259, 511
259, 510
259, 509
259, 508
259, 507
259, 506
259, 505
259, 504
259, 503
259, 502
259, 501
259, 500
259, 499
259, 498
259, 497
259, 496
259, 495
259, 494
259, 493
259, 492
258, 491
258, 490
258, 489
258, 488
258, 487
258, 486
258, 485
258, 484
258, 483
258, 482
258, 481
258, 480
258, 479
258, 478
258, 477
258, 476
258, 475
258, 474
257, 473
257, 472
256, 471
256, 470
255, 469
255, 468
255, 467
255, 466
255, 465
255, 464
255, 463
254, 462
255, 461
255, 460
255, 459
255, 458
255, 457
255, 456
254, 455
254, 454
254, 453
254, 452
254, 451
254, 450
254, 449
254, 448
255, 447
255, 446
255, 445
255, 444
254, 443
254, 442
254, 441
254, 440
254, 439
254, 438
254, 437
254, 436
254, 435
254, 434
254, 433
254, 432
254, 431
254, 430
254, 429
254, 428
253, 427
253, 426
253, 425
253, 424
253, 423
253, 422
253, 421
253, 420
253, 419
253, 418
253, 417
253, 416
253, 415
253, 414
253, 413
253, 412
253, 411
253, 410
253, 409
253, 408
252, 407
252, 406
252, 405
252, 404
252, 403
252, 402
252, 401
252, 400
252, 399
252, 398
251, 397
251, 396
250, 395
249, 394
249, 393
249, 392
249, 391
248, 390
248, 389
248, 388
248, 387
248, 386
247, 385
247, 384
247, 383
247, 382
247, 381
247, 380
246, 379
246, 378
246, 377
245, 376
245, 375
244, 374
243, 374
242, 374
241, 374
240, 374
239, 374
238, 374
237, 373
237, 372
237, 371
237, 370
236, 369
235, 369
234, 368
233, 368
232, 367
231, 367
230, 367
230, 366
230, 365
229, 364
228, 363
227, 362
226, 362
225, 362
224, 362
223, 362
225, 362
226, 361
227, 360
228, 360
229, 359
230, 359
231, 358
231, 357
231, 356
231, 355
231, 354
230, 353
229, 352
228, 352
227, 351
226, 350
227, 349
228, 348
228, 347
229, 346
229, 345
230, 344
230, 343
230, 342
231, 341
232, 340
233, 339
233, 338
234, 337
234, 336
235, 335
235, 334
236, 333
236, 332
237, 331
237, 330
237, 329
237, 328
238, 327
238, 326
238, 325
239, 324
239, 323
240, 322
241, 321
241, 320
242, 319
242, 318
242, 317
243, 316
243, 315
244, 314
244, 313
244, 312
245, 311
245, 310
246, 309
246, 308
246, 307
247, 306
248, 305
248, 304
249, 303
249, 302
250, 301
251, 300
251, 299
251, 298
251, 297
252, 296
252, 295
253, 295
254, 294
254, 293
255, 292
256, 291
256, 290
257, 289
257, 288
258, 287
258, 286
259, 285
259, 284
260, 283
260, 282
261, 281
261, 280
262, 279
262, 278
263, 277
263, 276
264, 275
264, 274
264, 273
264, 272
265, 271
266, 270
266, 269
267, 268
268, 267
268, 266
269, 265
270, 264
270, 263
270, 262
271, 261
271, 260
272, 259
273, 258
274, 257
274, 256
275, 255
276, 254
276, 253
277, 252
277, 251
278, 250
278, 249
279, 248
279, 247
279, 246
280, 245
280, 244
281, 243
282, 242
282, 241
283, 240
284, 239
284, 238
285, 237
285, 236
285, 235
286, 234
286, 233
286, 232
287, 231
288, 230
288, 229
288, 228
289, 228
290, 229
291, 230
291, 231
291, 232
292, 233
292, 234
293, 235
293, 236
294, 237
295, 238
296, 238
297, 238
298, 238
299, 238
300, 237
301, 236
302, 235
303, 234
304, 233
305, 233
306, 234
306, 235
307, 236
307, 237
308, 238
308, 239
309, 240
309, 241
310, 242
311, 243
311, 244
312, 245
313, 246
313, 247
313, 248
314, 249
314, 250
315, 251
315, 252
316, 253
317, 254
318, 255
318, 256
318, 257
319, 258
319, 259
320, 260
320, 261
321, 262
321, 263
322, 264
322, 265
323, 266
324, 267
325, 268
325, 269
326, 270
326, 271
327, 272
327, 273
328, 274
329, 275
329, 276
330, 277
331, 278
331, 279
332, 280
333, 281
333, 282
334, 283
334, 284
335, 285
336, 286
336, 287
337, 288
338, 289
339, 290
340, 291
340, 292
341, 293
342, 294
342, 295
342, 296
343, 297
344, 298
345, 299
345, 300
346, 301
346, 302
347, 303
348, 304
349, 305
349, 306
350, 307
351, 308
351, 309
352, 310
352, 311
353, 312
353, 313
354, 314
354, 315
355, 316
355, 317
356, 318
357, 319
358, 320
359, 321
359, 322
360, 323
360, 324
361, 325
362, 326
362, 327
363, 328
363, 329
364, 330
364, 331
365, 332
365, 333
366, 334
366, 335
367, 336
368, 337
368, 338
369, 339
369, 340
369, 341
370, 342
370, 343
371, 344
372, 345
372, 346
373, 347
374, 347
375, 347
375, 348
375, 349
374, 350
374, 351
374, 352
374, 353
375, 354
375, 355
375, 356
375, 357
375, 358
375, 359
375, 360
376, 361
375, 362
375, 363
374, 363
373, 364
372, 364
371, 364
370, 365
369, 365
368, 365
367, 365
366, 366
365, 367
364, 368
363, 368
362, 368
361, 369
360, 370
359, 370
358, 370
357, 370
356, 370
355, 371
354, 372
353, 372
352, 373
352, 374
352, 375
352, 376
352, 377
352, 378
352, 379
352, 380
352, 381
352, 382
352, 383
352, 384
353, 385
353, 386
353, 387
353, 388
353, 389
353, 390
354, 391
354, 392
354, 393
354, 394
355, 395
355, 396
355, 397
355, 398
356, 399
356, 400
356, 401
356, 402
356, 403
357, 404
357, 405
357, 406
357, 407
358, 408
359, 409
360, 410
361, 410
362, 411
362, 412
362, 413
362, 414
361, 415
361, 416
361, 417
361, 418
361, 419
361, 420
361, 421
361, 422
362, 423
362, 424
362, 425
363, 426
364, 427
364, 428
364, 429
364, 430
365, 431
365, 432
365, 433
365, 434
365, 435
365, 436
365, 437
365, 438
365, 439
365, 440
365, 441
365, 442
365, 443
365, 444
365, 445
366, 446
366, 447
366, 448
366, 449
365, 450
365, 451
365, 452
365, 453
365, 454
365, 455
365, 456
366, 457
366, 458
365, 459
365, 460
365, 461
365, 462
365, 463
365, 464
365, 465
365, 466
365, 467
365, 468
365, 469
366, 470
365, 471
365, 472
365, 473
365, 474
365, 475
365, 476
365, 477
365, 478
365, 479
365, 480
365, 481
365, 482
365, 483
365, 484
365, 485
365, 486
365, 487
365, 488
365, 489
364, 490
364, 491
364, 492
364, 493
364, 494
364, 495
364, 496
364, 497
364, 498
364, 499
364, 500
364, 501
365, 502
365, 503
365, 504
365, 505
365, 506
365, 507
365, 508
365, 509
365, 510
365, 511
365, 512
365, 513
365, 514
366, 515
366, 516
366, 517
366, 518
366, 519
366, 520
366, 521
366, 522
366, 523
367, 524
367, 525
367, 526
367, 527
367, 528
367, 529
367, 530
367, 531
368, 532
368, 533
368, 534
368, 535
368, 536
368, 537
367, 538
367, 539
367, 540
367, 541
367, 542
367, 543
367, 544
367, 545
367, 546
367, 547
367, 548
367, 549
368, 550
368, 551
368, 552
368, 553
368, 554
368, 555
368, 556
368, 557
368, 558
368, 559
368, 560
368, 561
368, 562
369, 563
369, 564
369, 565
369, 566
369, 567
369, 568
369, 569
369, 570
369, 571
369, 572
369, 573
370, 574
370, 575
370, 576
370, 577
370, 578
370, 579
370, 580
371, 581
371, 582
371, 583
371, 584
371, 585
371, 586
371, 587
371, 588
371, 589
372, 590
372, 591
373, 592
374, 593
375, 593
375, 594
375, 595
374, 595
373, 596
372, 597
372, 598
372, 599
372, 600
372, 601
372, 602
372, 603
372, 604
372, 605
372, 606
372, 607
373, 608
373, 609
373, 610
373, 611
374, 612
373, 613
373, 614
373, 615
373, 616
373, 617
373, 618
373, 619
373, 620
373, 621
373, 622
373, 623
373, 624
373, 625
373, 626
373, 627
373, 628
373, 629
373, 630
374, 631
374, 632
374, 633
374, 634
374, 635
374, 636
374, 637
374, 638
374, 639
374, 640
374, 641
374, 642
374, 643
374, 644
374, 645
374, 646
374, 647
374, 648
374, 649
374, 650
374, 651
374, 652
374, 653
374, 654
374, 655
374, 656
374, 657
374, 658
373, 659
373, 660
373, 661
373, 662
373, 663
373, 664
373, 665
373, 666
373, 667
373, 668
373, 669
373, 670
373, 671
373, 672
373, 673
373, 674
373, 675
373, 676
373, 677
374, 678
375, 679
376, 680
376, 681
376, 682
376, 683
376, 684
376, 685
376, 686
376, 687
376, 688
376, 689
376, 690
377, 691
377, 692
377, 693
377, 694
377, 695
378, 696
377, 696
376, 696
375, 697
374, 697
373, 698
372, 698
371, 699
371, 700
371, 701
371, 702
371, 703
371, 704
371, 705
371, 706
371, 707
371, 708
371, 709
372, 710
373, 711
374, 711
375, 711
376, 712
377, 712
378, 713
379, 713
380, 713
381, 713
382, 713
383, 713
384, 713
385, 713
386, 712
387, 711
388, 710
389, 709
390, 709
391, 710
392, 710
393, 710
394, 710
395, 710
396, 710
397, 709
398, 709
399, 710
400, 710
401, 711
402, 712
402, 713
403, 714
404, 714
405, 714
406, 714
407, 714
408, 714
409, 714
410, 714
411, 714
411, 715
410, 716
410, 717
409, 718
408, 719
407, 720
407, 721
407, 722
407, 723
407, 724
407, 725
407, 726
408, 727
408, 728
408, 729
408, 730
408, 731
409, 732
409, 733
409, 734
409, 735
408, 736
408, 737
408, 738
408, 739
407, 740
407, 741
406, 742
406, 743
405, 744
405, 745
404, 746
404, 747
403, 748
403, 749
403, 750
402, 751
402, 752
401, 753
401, 754
400, 755
400, 756
399, 757
399, 758
398, 759
398, 760
397, 761
396, 762
396, 763
396, 764
396, 765
395, 765
394, 766
393, 767
393, 768
392, 769
392, 770
391, 771
391, 772
390, 773
390, 774
390, 775
389, 776
388, 777
388, 778
387, 779
387, 780
386, 781
386, 782
385, 783
385, 784
384, 785
383, 786
383, 787
382, 788
382, 789
381, 790
380, 791
380, 792
379, 793
379, 794
378, 795
377, 796
377, 797
377, 798
376, 799
376, 800
375, 801
375, 802
374, 803
374, 804
374, 805
373, 806
373, 807
372, 808
371, 809
371, 810
370, 811
369, 812
369, 813
369, 814
368, 815
368, 816
367, 817
367, 818
367, 819
366, 820
366, 821
365, 822
364, 823
363, 824
363, 825
362, 826
362, 827
362, 828
361, 829
361, 830
361, 831
361, 832
360, 833
359, 834
359, 835
358, 836
358, 837
358, 838
358, 839
357, 839
356, 840
355, 841
354, 842
353, 843
352, 844
352, 845
351, 846
351, 847
350, 848
350, 849
349, 850
349, 851
349, 852
348, 853
348, 854
348, 855
348, 856
348, 857
348, 858
348, 859
347, 860
347, 861
347, 862
347, 863
347, 864
347, 865
347, 866
347, 867
346, 868
345, 869
345, 870
344, 871
344, 872
343, 873
343, 874
342, 875
341, 876
340, 877
339, 878
338, 879
338, 880
337, 881
336, 881
335, 881
334, 881
333, 880
332, 879
332, 878
332, 877
331, 876
330, 875
329, 875
328, 875
327, 875
326, 876
325, 877
325, 878
324, 878
323, 878
322, 877
321, 876
320, 875
319, 874
318, 873
317, 872
316, 871
316, 870
315, 869
315, 868
314, 867
313, 866
312, 865
312, 864
311, 863
310, 862
310, 861
309, 860
308, 859
308, 858
307, 857
306, 856
305, 855
305, 854
304, 853
303, 852
303, 851
302, 850
301, 849
300, 848
300, 847
299, 846
299, 845
298, 844
297, 843
296, 842
295, 841
295, 840
294, 839
293, 838
292, 837
292, 836
291, 835
290, 834
290, 833
289, 832
288, 831
288, 830
287, 829
286, 828
285, 827
284, 826
283, 825
283, 824
282, 823
281, 822
280, 821
280, 820
279, 819
278, 818
278, 817
277, 816
276, 815
276, 814
275, 813
274, 813
274, 812
273, 811
273, 810
272, 809
271, 808
270, 807
270, 806
269, 805
268, 805
268, 804
267, 803
266, 802
266, 801
265, 800
264, 799
263, 798
263, 797
262, 796
261, 795
261, 794
260, 793
259, 792
258, 791
258, 790
257, 789
256, 788
255, 787
255, 786
254, 785
253, 784
253, 783
252, 782
251, 781
251, 780
250, 779
249, 778
248, 777
248, 776
247, 775
246, 774
246, 773
245, 772
244, 771
243, 770
242, 769
242, 768
241, 767
240, 766
240, 765
239, 764
238, 763
238, 762
237, 761
236, 760
236, 759
235, 758
234, 757
234, 756
233, 755
232, 754
231, 753
231, 752
230, 751
229, 750
228, 749
228, 748
227, 747
226, 746
226, 745
225, 744
224, 743
223, 742
222, 741
222, 740
221, 739
221, 738
220, 737
219, 736
218, 735
218, 734
217, 733
216, 732
