144, 1104
144, 1103
144, 1102
144, 1101
144, 1100
144, 1099
144, 1098
144, 1097
144, 1096
144, 1095
144, 1094
144, 1093
144, 1092
145, 1091
145, 1090
145, 1089
145, 1088
145, 1087
145, 1086
145, 1085
145, 1084
145, 1083
145, 1082
145, 1081
145, 1080
145, 1079
145, 1078
145, 1077
145, 1076
145, 1075
145, 1074
145, 1073
146, 1072
146, 1071
146, 1070
146, 1069
146, 1068
146, 1067
146, 1066
146, 1065
146, 1064
147, 1063
147, 1062
147, 1061
147, 1060
147, 1059
147, 1058
147, 1057
147, 1056
147, 1055
147, 1054
147, 1053
147, 1052
147, 1051
147, 1050
147, 1049
147, 1048
147, 1047
147, 1046
148, 1045
148, 1044
148, 1043
148, 1042
148, 1041
148, 1040
148, 1039
149, 1038
149, 1037
149, 1036
149, 1035
149, 1034
149, 1033
149, 1032
149, 1031
149, 1030
149, 1029
149, 1028
149, 1027
150, 1026
150, 1025
150, 1024
150, 1023
150, 1022
151, 1021
151, 1020
151, 1019
151, 1018
151, 1017
151, 1016
152, 1015
152, 1014
152, 1013
153, 1012
153, 1011
153, 1010
153, 1009
154, 1008
154, 1007
155, 1006
155, 1005
155, 1004
156, 1003
157, 1002
157, 1001
157, 1000
158, 999
158, 998
159, 997
159, 996
160, 995
160, 994
161, 993
161, 992
161, 991
162, 990
163, 989
163, 988
163, 987
164, 986
165, 985
165, 984
165, 983
166, 982
167, 981
167, 980
168, 979
168, 978
169, 977
169, 976
169, 975
170, 974
171, 973
171, 972
171, 971
172, 970
172, 969
173, 968
173, 967
173, 966
174, 965
174, 964
175, 963
175, 962
176, 961
176, 960
177, 959
177, 958
177, 957
177, 956
178, 955
178, 954
179, 953
179, 952
179, 951
179, 950
180, 949
180, 948
181, 947
181, 946
181, 945
181, 944
181, 943
182, 942
182, 941
182, 940
182, 939
183, 938
183, 937
183, 936
183, 935
183, 934
183, 933
183, 932
183, 931
184, 930
184, 929
184, 928
184, 927
184, 926
184, 925
185, 924
185, 923
185, 922
185, 921
185, 920
185, 919
185, 918
185, 917
185, 916
185, 915
185, 914
185, 913
185, 912
185, 911
185, 910
185, 909
185, 908
185, 907
185, 906
186, 905
186, 904
186, 903
186, 902
186, 901
187, 900
187, 899
187, 898
187, 897
187, 896
187, 895
187, 894
187, 893
187, 892
187, 891
187, 890
187, 889
187, 888
187, 887
187, 886
188, 885
188, 884
188, 883
188, 882
188, 881
189, 880
189, 879
189, 878
189, 877
189, 876
189, 875
189, 874
189, 873
189, 872
189, 871
189, 870
189, 869
189, 868
189, 867
189, 866
189, 865
190, 864
190, 863
190, 862
190, 861
190, 860
190, 859
191, 858
191, 857
191, 856
191, 855
191, 854
191, 853
191, 852
191, 851
191, 850
191, 849
191, 848
191, 847
191, 846
191, 845
192, 844
192, 843
192, 842
192, 841
192, 840
192, 839
192, 838
193, 837
193, 836
193, 835
192, 834
192, 833
192, 832
192, 831
192, 830
191, 829
191, 828
191, 827
191, 826
191, 825
190, 824
190, 823
190, 822
189, 821
189, 820
189, 819
189, 818
189, 817
190, 816
190, 815
191, 814
191, 813
192, 812
193, 811
193, 810
194, 809
195, 808
196, 808
197, 807
198, 806
199, 806
200, 805
201, 805
202, 805
203, 804
204, 804
205, 804
206, 804
207, 803
208, 803
209, 803
210, 803
211, 803
212, 803
213, 803
214, 803
215, 803
216, 803
217, 803
218, 803
219, 803
220, 803
221, 803
222, 802
223, 802
224, 802
225, 802
226, 801
226, 800
226, 799
226, 798
226, 797
226, 796
226, 795
226, 794
226, 793
226, 792
226, 791
226, 790
226, 789
226, 788
226, 787
226, 786
225, 785
225, 784
226, 783
226, 782
226, 781
226, 780
226, 779
226, 778
226, 777
226, 776
226, 775
226, 774
226, 773
226, 772
227, 771
227, 770
227, 769
227, 768
227, 767
227, 766
227, 765
227, 764
227, 763
227, 762
227, 761
228, 760
228, 759
228, 758
228, 757
228, 756
228, 755
228, 754
228, 753
228, 752
228, 751
228, 750
229, 749
230, 748
230, 747
231, 746
231, 745
231, 744
231, 743
231, 742
231, 741
231, 740
231, 739
231, 738
231, 737
231, 736
232, 735
232, 734
232, 733
232, 732
232, 731
232, 730
232, 729
233, 728
233, 727
233, 726
233, 725
233, 724
233, 723
233, 722
233, 721
233, 720
233, 719
233, 718
233, 717
233, 716
233, 715
233, 714
234, 713
234, 712
234, 711
234, 710
234, 709
234, 708
234, 707
234, 706
234, 705
234, 704
234, 703
234, 702
235, 701
235, 700
235, 699
235, 698
235, 697
235, 696
235, 695
236, 694
236, 693
236, 692
235, 691
234, 690
234, 689
233, 688
232, 688
231, 688
231, 687
232, 686
232, 685
232, 684
233, 683
233, 682
233, 681
232, 680
232, 679
233, 678
233, 677
233, 676
232, 675
232, 674
232, 673
232, 672
232, 671
232, 670
232, 669
232, 668
233, 667
233, 666
233, 665
233, 664
233, 663
233, 662
233, 661
234, 660
234, 659
234, 658
234, 657
234, 656
234, 655
234, 654
234, 653
235, 652
235, 651
235, 650
235, 649
235, 648
235, 647
235, 646
235, 645
235, 644
235, 643
236, 642
236, 641
236, 640
236, 639
235, 638
235, 637
235, 636
235, 635
236, 634
236, 633
236, 632
236, 631
236, 630
236, 629
236, 628
236, 627
236, 626
237, 626
238, 625
238, 624
238, 623
238, 622
238, 621
238, 620
238, 619
238, 618
238, 617
238, 616
238, 615
238, 614
238, 613
238, 612
238, 611
238, 610
238, 609
238, 608
238, 607
238, 606
238, 605
238, 604
239, 603
239, 602
239, 601
239, 600
240, 599
240, 598
240, 597
240, 596
240, 595
239, 594
239, 593
239, 592
240, 591
240, 590
240, 589
240, 588
240, 587
240, 586
240, 585
240, 584
240, 583
240, 582
240, 581
240, 580
240, 579
241, 580
242, 580
243, 580
244, 579
245, 578
245, 577
245, 576
245, 575
244, 574
243, 574
242, 574
241, 575
241, 574
240, 573
240, 572
240, 571
241, 570
242, 569
242, 568
243, 567
244, 566
244, 565
244, 564
244, 563
243, 562
242, 561
242, 560
242, 559
242, 558
242, 557
242, 556
242, 555
242, 554
243, 553
243, 552
243, 551
243, 550
243, 549
243, 548
243, 547
243, 546
243, 545
244, 544
244, 543
244, 542
244, 541
244, 540
244, 539
244, 538
244, 537
244, 536
244, 535
244, 534
245, 533
245, 532
246, 531
246, 530
246, 529
246, 528
246, 527
245, 526
245, 525
245, 524
245, 523
245, 522
245, 521
246, 520
246, 519
246, 518
246, 517
247, 516
247, 515
247, 514
247, 513
247, 512
247, 511
246, 510
246, 509
246, 508
246, 507
247, 506
247, 505
247, 504
247, 503
247, 502
248, 501
248, 500
248, 499
248, 498
249, 497
249, 496
249, 495
248, 494
248, 493
249, 492
249, 491
249, 490
250, 489
250, 488
250, 487
249, 486
249, 485
249, 484
249, 483
250, 482
250, 481
250, 480
250, 479
251, 478
252, 477
253, 476
254, 475
255, 475
256, 474
256, 473
256, 472
256, 471
256, 470
256, 469
256, 468
256, 467
256, 466
256, 465
256, 464
256, 463
257, 462
258, 461
258, 460
258, 459
258, 458
258, 457
258, 456
258, 455
258, 454
259, 453
259, 452
259, 451
259, 450
258, 449
258, 448
258, 447
258, 446
258, 445
259, 444
259, 443
259, 442
259, 441
259, 440
259, 439
259, 438
259, 437
260, 436
260, 435
260, 434
260, 433
260, 432
260, 431
260, 430
260, 429
260, 428
260, 427
260, 426
260, 425
260, 424
260, 423
261, 422
261, 421
261, 420
261, 419
261, 418
261, 417
261, 416
261, 415
261, 414
262, 413
262, 412
262, 411
262, 410
262, 409
262, 408
262, 407
262, 406
262, 405
261, 404
261, 403
261, 402
261, 401
261, 400
261, 399
261, 398
261, 397
261, 396
261, 395
261, 394
261, 393
261, 392
261, 391
261, 390
261, 389
261, 388
261, 387
261, 386
261, 385
261, 384
261, 383
261, 382
261, 381
262, 380
262, 379
262, 378
262, 377
262, 376
262, 375
263, 374
263, 373
263, 372
263, 371
263, 370
264, 369
264, 368
264, 367
264, 366
265, 365
265, 364
265, 363
266, 362
266, 361
266, 360
266, 359
266, 358
267, 357
267, 356
267, 355
268, 354
268, 353
269, 352
269, 351
269, 352
269, 353
269, 354
269, 355
269, 356
269, 357
270, 358
271, 359
271, 360
270, 361
270, 362
270, 363
270, 364
270, 365
271, 366
272, 366
273, 366
274, 366
274, 367
274, 368
274, 369
274, 370
274, 371
274, 372
274, 373
273, 373
272, 373
271, 374
271, 375
271, 376
271, 377
272, 378
273, 378
274, 378
274, 379
274, 380
274, 381
274, 382
273, 382
273, 381
272, 380
271, 380
270, 380
269, 381
269, 382
269, 383
269, 384
269, 385
269, 386
269, 387
270, 388
271, 388
272, 388
273, 387
274, 387
275, 387
275, 388
275, 389
275, 390
275, 391
275, 392
275, 393
274, 394
273, 394
272, 394
271, 395
271, 396
271, 397
272, 398
273, 398
274, 398
274, 399
274, 400
274, 401
273, 402
273, 403
273, 404
273, 405
273, 406
273, 407
273, 408
273, 409
273, 410
273, 411
273, 412
273, 413
273, 414
272, 415
271, 416
271, 417
271, 418
271, 419
272, 420
272, 421
271, 422
271, 423
271, 424
271, 425
272, 426
271, 427
271, 428
271, 429
271, 430
271, 431
272, 432
272, 433
271, 434
271, 435
271, 436
271, 437
271, 438
271, 439
270, 440
270, 441
270, 442
271, 443
271, 444
271, 445
271, 446
271, 447
271, 448
271, 449
270, 450
270, 451
270, 452
270, 453
270, 454
270, 455
270, 456
270, 457
269, 458
269, 459
269, 460
269, 461
269, 462
269, 463
269, 464
269, 465
269, 466
269, 467
269, 468
268, 469
268, 470
268, 471
268, 472
268, 473
268, 474
268, 475
268, 476
268, 477
269, 478
269, 479
269, 480
269, 481
269, 482
269, 483
269, 484
269, 485
269, 486
270, 487
270, 488
270, 489
270, 490
270, 491
270, 492
270, 493
269, 494
269, 495
269, 496
269, 497
269, 498
269, 499
268, 500
268, 501
268, 502
268, 503
268, 504
268, 505
268, 506
268, 507
268, 508
268, 509
268, 510
268, 511
268, 512
268, 513
268, 514
268, 515
268, 516
268, 517
268, 518
268, 519
267, 520
267, 521
267, 522
267, 523
267, 524
267, 525
266, 526
266, 527
266, 528
266, 529
266, 530
266, 531
266, 532
266, 533
266, 534
265, 535
265, 536
265, 537
265, 538
265, 539
265, 540
265, 541
265, 542
265, 543
265, 544
264, 545
264, 546
264, 547
264, 548
264, 549
264, 550
264, 551
264, 552
264, 553
263, 554
263, 555
263, 556
263, 557
263, 558
263, 559
262, 560
262, 561
262, 562
262, 563
262, 564
262, 565
262, 566
262, 567
262, 568
262, 569
262, 570
262, 571
262, 572
262, 573
262, 574
262, 575
261, 576
261, 577
261, 578
261, 579
260, 580
260, 581
260, 582
261, 583
260, 584
260, 585
260, 586
260, 587
260, 588
260, 589
260, 590
260, 591
259, 592
259, 593
259, 594
259, 595
259, 596
259, 597
259, 598
258, 599
258, 600
258, 601
258, 602
258, 603
258, 604
258, 605
259, 606
259, 607
259, 608
258, 609
258, 610
258, 611
258, 612
258, 613
258, 614
258, 615
258, 616
257, 617
257, 618
257, 619
257, 620
257, 621
257, 622
257, 623
257, 624
257, 625
256, 626
256, 627
256, 628
256, 629
256, 630
256, 631
256, 632
256, 633
256, 634
256, 635
256, 636
255, 637
255, 638
255, 639
255, 640
255, 641
255, 642
255, 643
255, 644
255, 645
255, 646
255, 647
254, 648
254, 649
254, 650
254, 651
254, 652
254, 653
254, 654
254, 655
254, 656
254, 657
253, 658
253, 659
253, 660
253, 661
253, 662
253, 663
253, 664
253, 665
253, 666
253, 667
252, 668
252, 669
252, 670
252, 671
252, 672
252, 673
252, 674
252, 675
252, 676
252, 677
252, 678
252, 679
252, 680
252, 681
251, 682
251, 683
251, 684
251, 685
251, 686
251, 687
251, 688
251, 689
251, 690
250, 691
249, 691
248, 692
248, 693
248, 694
247, 695
247, 696
247, 697
247, 698
247, 699
246, 700
246, 701
246, 702
246, 703
246, 704
246, 705
246, 706
246, 707
246, 708
246, 709
246, 710
246, 711
246, 712
246, 713
246, 714
245, 715
245, 716
245, 717
245, 718
245, 719
245, 720
245, 721
245, 722
245, 723
245, 724
245, 725
245, 726
245, 727
244, 728
244, 729
244, 730
244, 731
244, 732
244, 733
244, 734
244, 735
244, 736
244, 737
244, 738
244, 739
244, 740
244, 741
244, 742
244, 743
243, 744
243, 745
243, 746
243, 747
243, 748
243, 749
243, 750
243, 751
243, 752
242, 753
242, 754
242, 755
242, 756
242, 757
242, 758
242, 759
241, 760
241, 761
241, 762
242, 763
241, 764
241, 765
241, 766
241, 767
241, 768
241, 769
240, 770
240, 771
240, 772
240, 773
240, 774
241, 775
240, 776
240, 777
240, 778
240, 779
240, 780
240, 781
240, 782
240, 783
239, 784
239, 785
239, 786
239, 787
239, 788
239, 789
239, 790
239, 791
239, 792
239, 793
238, 794
238, 795
238, 796
238, 797
238, 798
238, 799
237, 800
237, 801
237, 802
237, 803
238, 804
239, 804
240, 805
241, 805
242, 805
243, 805
244, 806
245, 806
246, 806
247, 807
248, 807
249, 807
250, 807
251, 808
252, 809
253, 809
254, 810
255, 810
256, 811
257, 811
258, 812
259, 813
260, 814
261, 814
261, 815
262, 816
263, 817
264, 818
265, 819
265, 820
265, 821
266, 822
266, 823
266, 824
266, 825
266, 826
266, 827
266, 828
265, 829
265, 830
265, 831
264, 832
264, 833
264, 834
263, 835
262, 836
262, 837
261, 838
261, 839
261, 840
260, 841
260, 842
260, 843
260, 844
259, 845
259, 846
259, 847
259, 848
259, 849
259, 850
259, 851
259, 852
259, 853
259, 854
258, 855
258, 856
258, 857
258, 858
258, 859
258, 860
258, 861
258, 862
257, 863
257, 864
257, 865
257, 866
257, 867
257, 868
257, 869
257, 870
257, 871
257, 872
257, 873
257, 874
257, 875
257, 876
256, 877
256, 878
256, 879
256, 880
256, 881
256, 882
256, 883
256, 884
256, 885
256, 886
255, 887
255, 888
255, 889
255, 890
255, 891
255, 892
255, 893
255, 894
255, 895
255, 896
254, 897
254, 898
254, 899
254, 900
254, 901
254, 902
254, 903
254, 904
254, 905
254, 906
253, 907
253, 908
253, 909
253, 910
253, 911
253, 912
253, 913
253, 914
253, 915
253, 916
253, 917
252, 918
252, 919
252, 920
252, 921
252, 922
252, 923
252, 924
252, 925
252, 926
251, 927
251, 928
251, 929
251, 930
251, 931
251, 932
251, 933
251, 934
251, 935
251, 936
251, 937
251, 938
250, 939
250, 940
250, 941
250, 942
250, 943
250, 944
250, 945
250, 946
250, 947
250, 948
250, 949
250, 950
250, 951
250, 952
250, 953
250, 954
250, 955
250, 956
250, 957
250, 958
250, 959
250, 960
251, 961
251, 962
251, 963
251, 964
251, 965
252, 966
252, 967
252, 968
252, 969
252, 970
253, 971
253, 972
253, 973
253, 974
253, 975
254, 976
254, 977
254, 978
254, 979
254, 980
255, 981
255, 982
255, 983
255, 984
255, 985
256, 986
256, 987
257, 988
257, 989
257, 990
257, 991
258, 992
258, 993
259, 994
259, 995
259, 996
259, 997
259, 998
259, 999
259, 1000
260, 1001
260, 1002
261, 1003
261, 1004
261, 1005
261, 1006
261, 1007
262, 1008
262, 1009
263, 1010
263, 1011
263, 1012
263, 1013
264, 1014
264, 1015
264, 1016
264, 1017
265, 1018
265, 1019
265, 1020
265, 1021
265, 1022
265, 1023
266, 1024
266, 1025
266, 1026
266, 1027
266, 1028
266, 1029
266, 1030
266, 1031
266, 1032
266, 1033
266, 1034
266, 1035
266, 1036
266, 1037
266, 1038
266, 1039
266, 1040
266, 1041
266, 1042
266, 1043
265, 1044
265, 1045
265, 1046
265, 1047
265, 1048
265, 1049
265, 1050
265, 1051
265, 1052
265, 1053
265, 1054
265, 1055
265, 1056
265, 1057
264, 1058
264, 1059
264, 1060
264, 1061
264, 1062
264, 1063
264, 1064
264, 1065
264, 1066
263, 1067
263, 1068
263, 1069
263, 1070
263, 1071
263, 1072
263, 1073
263, 1074
263, 1075
263, 1076
262, 1077
262, 1078
262, 1079
262, 1080
262, 1081
262, 1082
262, 1083
262, 1084
261, 1085
261, 1086
261, 1087
261, 1088
261, 1089
261, 1090
261, 1091
261, 1092
261, 1093
261, 1094
260, 1095
260, 1096
260, 1097
260, 1098
260, 1099
260, 1100
260, 1101
259, 1102
259, 1103
259, 1104
259, 1105
259, 1106
259, 1107
259, 1108
259, 1109
258, 1110
258, 1111
258, 1112
258, 1113
258, 1114
258, 1115
257, 1116
257, 1117
257, 1118
257, 1119
257, 1120
257, 1121
256, 1122
256, 1123
256, 1124
256, 1125
256, 1126
256, 1127
255, 1128
255, 1129
255, 1130
255, 1131
255, 1132
254, 1133
254, 1134
254, 1135
254, 1136
254, 1137
253, 1138
253, 1139
253, 1140
253, 1141
252, 1142
252, 1143
252, 1144
251, 1145
251, 1146
251, 1147
250, 1147
249, 1148
249, 1149
249, 1150
249, 1151
248, 1152
248, 1153
247, 1154
247, 1155
246, 1156
246, 1157
245, 1158
245, 1159
244, 1160
244, 1161
243, 1162
243, 1163
242, 1164
242, 1165
242, 1166
242, 1167
243, 1168
243, 1169
243, 1170
243, 1171
243, 1172
243, 1173
243, 1174
242, 1175
242, 1176
242, 1177
241, 1178
241, 1179
241, 1180
241, 1181
240, 1182
240, 1183
240, 1184
240, 1185
239, 1186
239, 1187
239, 1188
239, 1189
239, 1190
238, 1191
238, 1192
238, 1193
237, 1194
237, 1195
237, 1196
237, 1197
236, 1198
236, 1199
235, 1200
235, 1201
234, 1202
233, 1203
233, 1204
232, 1205
231, 1206
230, 1207
229, 1208
228, 1208
227, 1209
226, 1210
225, 1210
224, 1210
223, 1211
222, 1211
221, 1212
220, 1212
219, 1213
218, 1213
217, 1213
216, 1213
215, 1213
214, 1213
213, 1213
212, 1213
211, 1214
210, 1214
209, 1214
208, 1214
207, 1214
206, 1214
205, 1214
204, 1214
203, 1214
202, 1214
201, 1213
200, 1213
199, 1213
198, 1212
197, 1212
196, 1212
195, 1212
194, 1212
193, 1212
192, 1212
191, 1212
190, 1212
189, 1213
189, 1214
188, 1214
187, 1214
186, 1214
185, 1214
184, 1213
183, 1213
182, 1213
181, 1213
180, 1212
179, 1212
178, 1211
177, 1211
176, 1210
175, 1210
174, 1210
173, 1209
172, 1209
171, 1208
170, 1208
169, 1207
168, 1207
167, 1207
166, 1207
165, 1206
164, 1205
163, 1205
162, 1205
161, 1204
160, 1203
159, 1203
158, 1202
157, 1201
156, 1201
155, 1200
155, 1199
154, 1198
153, 1197
153, 1196
152, 1195
151, 1194
151, 1193
151, 1192
151, 1191
150, 1190
150, 1189
150, 1188
150, 1187
150, 1186
149, 1185
149, 1184
149, 1183
149, 1182
149, 1181
149, 1180
149, 1179
149, 1178
149, 1177
149, 1176
148, 1175
148, 1174
148, 1173
148, 1172
148, 1171
148, 1170
148, 1169
148, 1168
148, 1167
148, 1166
148, 1165
148, 1164
148, 1163
147, 1162
148, 1161
148, 1160
148, 1159
148, 1158
149, 1157
149, 1156
149, 1155
149, 1154
149, 1153
149, 1152
148, 1151
148, 1150
148, 1149
147, 1148
147, 1147
147, 1146
146, 1145
146, 1144
145, 1143
145, 1142
145, 1141
145, 1140
145, 1139
145, 1138
145, 1137
144, 1136
144, 1135
144, 1134
144, 1133
144, 1132
144, 1131
144, 1130
143, 1129
143, 1128
143, 1127
143, 1126
143, 1125
143, 1124
143, 1123
143, 1122
143, 1121
143, 1120
143, 1119
143, 1118
143, 1117
143, 1116
143, 1115
143, 1114
143, 1113
143, 1112
143, 1111
143, 1110
143, 1109
143, 1108
143, 1107
143, 1106
143, 1105
