106, 951
107, 950
108, 949
108, 948
109, 947
110, 947
111, 946
112, 945
113, 945
114, 944
115, 944
116, 944
117, 943
118, 943
119, 942
120, 942
121, 942
122, 942
123, 942
124, 941
125, 941
126, 941
127, 941
128, 941
129, 940
130, 940
131, 939
131, 938
132, 939
133, 939
134, 939
135, 938
135, 937
135, 936
135, 935
135, 934
135, 933
134, 932
133, 932
132, 932
131, 932
131, 931
131, 930
131, 929
131, 928
131, 927
131, 926
131, 925
131, 924
131, 923
131, 922
131, 921
130, 920
131, 920
132, 920
133, 919
133, 918
133, 917
133, 916
133, 915
133, 914
133, 913
133, 912
133, 911
133, 910
133, 909
133, 908
133, 907
133, 906
133, 905
133, 904
133, 903
133, 902
133, 901
133, 900
133, 899
133, 898
133, 897
133, 896
133, 895
133, 894
133, 893
133, 892
132, 891
132, 890
131, 889
130, 889
129, 889
130, 889
131, 889
132, 889
133, 888
133, 887
133, 886
132, 885
132, 884
131, 883
130, 883
129, 883
129, 882
129, 881
130, 881
131, 881
132, 880
132, 879
132, 878
132, 877
131, 876
130, 876
129, 876
128, 877
128, 878
128, 877
128, 876
128, 875
128, 874
128, 873
128, 872
128, 871
127, 870
127, 869
127, 868
127, 867
127, 866
127, 865
127, 864
127, 863
127, 862
127, 861
127, 860
127, 859
127, 858
127, 857
127, 856
127, 855
127, 854
127, 853
127, 852
127, 851
127, 850
127, 849
127, 848
127, 847
127, 846
128, 846
129, 846
130, 845
130, 844
130, 843
130, 842
130, 841
129, 840
128, 840
127, 840
127, 839
127, 838
128, 838
129, 838
130, 837
130, 836
130, 835
130, 834
130, 833
130, 832
130, 831
129, 830
128, 830
127, 830
127, 829
126, 828
126, 827
126, 826
127, 826
128, 826
129, 825
129, 824
129, 823
128, 822
127, 822
126, 822
127, 822
128, 822
129, 821
129, 820
129, 819
129, 818
129, 817
129, 816
129, 815
130, 815
131, 815
132, 814
132, 813
132, 812
132, 811
132, 810
132, 809
132, 808
132, 807
132, 806
132, 805
132, 804
131, 803
130, 803
129, 803
129, 802
129, 801
129, 800
129, 799
129, 798
129, 797
130, 797
131, 796
131, 795
131, 794
131, 793
130, 792
129, 792
128, 791
128, 790
128, 789
128, 788
128, 787
128, 786
128, 785
128, 784
128, 783
129, 783
130, 782
131, 781
131, 780
131, 779
130, 778
130, 777
130, 776
130, 775
130, 774
130, 773
130, 772
130, 771
130, 770
130, 769
130, 768
130, 767
130, 766
130, 765
130, 764
130, 763
130, 762
130, 761
130, 760
130, 759
130, 758
130, 757
130, 756
129, 755
128, 754
127, 754
128, 754
129, 754
130, 753
130, 752
130, 751
130, 750
129, 749
129, 748
129, 747
129, 746
129, 745
128, 744
127, 744
126, 743
126, 742
126, 741
126, 740
126, 739
127, 739
128, 738
128, 737
128, 736
128, 735
128, 734
128, 733
128, 732
128, 731
128, 730
128, 729
128, 728
128, 727
128, 726
128, 725
128, 724
128, 723
128, 722
128, 721
128, 720
128, 719
128, 718
128, 717
128, 716
128, 715
128, 714
128, 713
128, 712
128, 711
128, 710
128, 709
128, 708
127, 707
127, 706
127, 705
127, 704
127, 703
127, 702
127, 701
127, 700
127, 699
127, 698
127, 697
127, 696
127, 695
127, 694
127, 693
127, 692
127, 691
126, 690
126, 689
126, 688
126, 687
126, 686
125, 685
124, 685
123, 685
122, 686
121, 686
120, 687
120, 688
120, 689
120, 690
120, 691
120, 692
120, 693
120, 694
120, 695
120, 696
120, 697
120, 696
120, 695
120, 694
120, 693
120, 692
120, 691
120, 690
120, 689
120, 688
120, 687
120, 686
120, 685
120, 684
120, 683
119, 682
119, 681
119, 680
119, 679
119, 678
119, 677
119, 676
119, 675
119, 674
119, 673
119, 672
119, 671
119, 670
119, 669
119, 668
119, 667
119, 666
119, 665
119, 664
119, 663
120, 663
121, 662
122, 661
122, 660
122, 659
121, 658
121, 657
121, 656
121, 655
121, 654
121, 653
121, 652
121, 651
121, 650
120, 649
120, 648
120, 647
120, 646
121, 646
122, 646
123, 645
123, 644
123, 643
122, 642
122, 641
122, 640
121, 639
121, 638
121, 637
120, 636
120, 635
119, 634
120, 634
121, 634
122, 633
123, 632
123, 633
124, 634
124, 635
124, 636
124, 637
124, 638
124, 639
124, 640
124, 641
124, 642
124, 643
124, 644
124, 645
124, 646
125, 647
125, 648
126, 649
126, 650
126, 651
126, 652
126, 653
126, 654
126, 655
126, 656
125, 657
125, 658
125, 659
126, 660
127, 661
128, 661
128, 662
128, 663
128, 664
128, 665
128, 666
128, 667
128, 668
128, 669
128, 670
128, 671
128, 672
128, 673
128, 674
128, 675
129, 676
129, 677
130, 678
130, 679
130, 680
130, 681
130, 682
130, 683
130, 684
130, 685
130, 686
130, 687
130, 688
130, 689
130, 690
130, 691
130, 692
130, 693
130, 694
130, 695
130, 696
130, 697
130, 698
130, 699
130, 700
130, 701
130, 702
130, 703
130, 704
130, 705
130, 706
130, 707
130, 708
130, 709
130, 710
130, 711
130, 712
130, 713
130, 714
130, 715
130, 716
131, 717
131, 718
131, 719
131, 720
131, 721
132, 722
132, 723
132, 724
132, 725
132, 726
132, 727
132, 728
132, 729
132, 730
132, 731
132, 732
132, 733
132, 734
132, 735
132, 736
132, 737
132, 738
132, 739
132, 740
132, 741
132, 742
132, 743
132, 744
132, 745
132, 746
132, 747
132, 748
132, 749
132, 750
132, 751
132, 752
132, 753
132, 754
132, 755
132, 756
132, 757
132, 758
132, 759
133, 760
133, 761
133, 762
133, 763
133, 764
133, 765
133, 766
133, 767
134, 768
134, 769
134, 770
134, 771
134, 772
134, 773
134, 774
134, 775
134, 776
134, 777
134, 778
134, 779
134, 780
134, 781
134, 782
134, 783
134, 784
134, 785
134, 786
134, 787
134, 788
134, 789
134, 790
134, 791
134, 792
134, 793
134, 794
134, 795
134, 796
134, 797
134, 798
134, 799
134, 800
134, 801
134, 802
134, 803
134, 804
135, 805
135, 806
135, 807
135, 808
136, 809
136, 810
136, 811
136, 812
136, 813
136, 814
136, 815
136, 816
136, 817
136, 818
136, 819
136, 820
136, 821
136, 822
136, 823
136, 824
136, 825
136, 826
136, 827
136, 828
136, 829
136, 830
136, 831
136, 832
136, 833
136, 834
136, 835
136, 836
136, 837
136, 838
136, 839
136, 840
136, 841
136, 842
136, 843
136, 844
136, 845
136, 846
136, 847
136, 848
136, 849
137, 850
137, 851
137, 852
137, 853
137, 854
138, 855
138, 856
138, 857
138, 858
138, 859
138, 860
138, 861
138, 862
138, 863
138, 864
138, 865
138, 866
138, 867
138, 868
138, 869
138, 870
138, 871
138, 872
138, 873
138, 874
138, 875
138, 876
138, 877
138, 878
138, 879
138, 880
138, 881
138, 882
138, 883
138, 884
138, 885
139, 886
139, 887
139, 888
139, 889
139, 890
139, 891
139, 892
139, 893
139, 894
139, 895
139, 896
139, 897
140, 898
140, 899
140, 900
140, 901
140, 902
140, 903
140, 904
140, 905
140, 906
140, 907
140, 908
140, 909
140, 910
140, 911
140, 912
140, 913
140, 914
140, 915
140, 916
140, 917
140, 918
140, 919
140, 920
140, 921
140, 922
140, 923
140, 924
140, 925
140, 926
140, 927
140, 928
140, 929
141, 930
141, 931
141, 932
141, 933
141, 934
142, 935
141, 936
141, 937
141, 938
141, 939
142, 940
143, 940
144, 941
145, 941
146, 941
147, 941
148, 941
149, 941
150, 942
151, 942
152, 942
153, 942
154, 942
155, 943
156, 943
157, 943
158, 944
159, 945
160, 945
161, 946
162, 947
163, 947
164, 948
165, 949
165, 950
166, 951
166, 952
165, 953
165, 954
165, 955
164, 956
164, 957
163, 958
163, 959
162, 960
162, 961
162, 962
162, 963
162, 964
162, 965
162, 966
162, 967
162, 968
162, 969
162, 970
161, 971
161, 972
161, 973
161, 974
161, 975
161, 976
162, 977
162, 978
162, 979
162, 980
162, 981
162, 982
162, 983
162, 984
162, 985
162, 986
162, 987
162, 988
162, 989
163, 990
163, 991
163, 992
163, 993
163, 994
163, 995
163, 996
163, 997
163, 998
163, 999
163, 1000
163, 1001
163, 1002
163, 1003
163, 1004
163, 1005
163, 1006
163, 1007
163, 1008
163, 1009
163, 1010
163, 1011
163, 1012
163, 1013
163, 1014
163, 1015
163, 1016
163, 1017
163, 1018
163, 1019
164, 1020
164, 1021
164, 1022
164, 1023
164, 1024
164, 1025
164, 1026
164, 1027
164, 1028
164, 1029
164, 1030
164, 1031
164, 1032
164, 1033
164, 1034
164, 1035
164, 1036
164, 1037
165, 1038
164, 1039
164, 1040
164, 1041
164, 1042
165, 1043
164, 1044
164, 1045
164, 1046
165, 1047
165, 1048
165, 1049
165, 1050
165, 1051
165, 1052
165, 1053
165, 1054
166, 1055
166, 1056
166, 1057
167, 1058
167, 1059
167, 1060
168, 1061
168, 1062
169, 1063
169, 1064
170, 1065
170, 1066
170, 1067
171, 1068
171, 1069
172, 1070
172, 1071
173, 1072
173, 1073
173, 1074
173, 1075
173, 1076
174, 1077
174, 1078
174, 1079
174, 1080
174, 1081
174, 1082
174, 1083
174, 1084
174, 1085
174, 1086
174, 1087
174, 1088
174, 1089
174, 1090
175, 1091
175, 1092
175, 1093
175, 1094
175, 1095
175, 1096
175, 1097
175, 1098
175, 1099
175, 1100
176, 1101
176, 1102
176, 1103
176, 1104
176, 1105
176, 1106
176, 1107
176, 1108
176, 1109
176, 1110
176, 1111
176, 1112
175, 1112
174, 1112
173, 1113
173, 1114
173, 1115
174, 1116
175, 1116
176, 1116
176, 1117
176, 1118
176, 1119
176, 1120
176, 1121
176, 1122
177, 1123
177, 1124
176, 1125
176, 1126
176, 1127
177, 1128
176, 1129
176, 1130
176, 1131
176, 1132
176, 1133
176, 1134
176, 1135
177, 1136
177, 1137
177, 1138
177, 1139
177, 1140
177, 1141
177, 1142
177, 1143
177, 1144
177, 1145
178, 1146
178, 1147
177, 1148
177, 1149
177, 1150
178, 1151
178, 1152
178, 1153
178, 1154
178, 1155
178, 1156
178, 1157
177, 1158
177, 1159
177, 1160
178, 1161
178, 1162
178, 1163
178, 1164
178, 1165
178, 1166
178, 1167
178, 1168
178, 1169
178, 1170
179, 1171
179, 1172
179, 1173
179, 1174
179, 1175
179, 1176
179, 1177
179, 1178
179, 1179
179, 1180
179, 1181
179, 1182
179, 1183
180, 1184
181, 1184
181, 1185
181, 1186
181, 1187
181, 1188
181, 1189
181, 1190
181, 1191
181, 1192
181, 1193
181, 1194
181, 1195
181, 1196
181, 1197
181, 1198
181, 1199
181, 1200
181, 1201
181, 1202
181, 1203
181, 1204
181, 1205
181, 1206
181, 1207
181, 1208
182, 1209
182, 1210
182, 1211
182, 1212
182, 1213
182, 1214
182, 1215
182, 1216
182, 1217
181, 1218
181, 1219
181, 1220
181, 1221
181, 1222
181, 1223
181, 1224
181, 1225
181, 1226
181, 1227
181, 1228
181, 1229
181, 1230
181, 1231
180, 1232
180, 1233
180, 1234
180, 1235
180, 1236
180, 1237
180, 1238
179, 1239
179, 1240
179, 1241
179, 1242
179, 1243
179, 1244
179, 1245
179, 1246
178, 1247
177, 1248
176, 1249
175, 1249
174, 1250
173, 1251
172, 1252
171, 1252
170, 1252
169, 1252
168, 1253
167, 1253
166, 1253
165, 1253
164, 1254
163, 1254
162, 1254
161, 1254
160, 1254
159, 1254
158, 1254
157, 1255
156, 1255
155, 1255
154, 1255
153, 1255
152, 1255
151, 1255
150, 1255
149, 1255
148, 1255
147, 1255
146, 1255
145, 1255
144, 1255
143, 1255
142, 1254
141, 1254
140, 1254
139, 1254
138, 1254
137, 1254
136, 1253
135, 1253
134, 1252
133, 1252
132, 1251
131, 1251
130, 1250
129, 1249
128, 1248
128, 1247
127, 1246
127, 1245
127, 1244
127, 1243
127, 1242
126, 1241
126, 1240
126, 1239
125, 1238
125, 1237
125, 1236
124, 1235
124, 1234
124, 1233
124, 1232
123, 1231
123, 1230
123, 1229
123, 1228
123, 1227
123, 1226
122, 1225
122, 1224
122, 1223
121, 1222
121, 1221
121, 1220
121, 1219
121, 1218
121, 1217
121, 1216
120, 1215
120, 1214
120, 1213
120, 1212
120, 1211
120, 1210
120, 1209
120, 1208
120, 1207
120, 1206
119, 1205
119, 1204
119, 1203
119, 1202
119, 1201
119, 1200
119, 1199
119, 1198
118, 1197
118, 1196
118, 1195
117, 1194
117, 1193
117, 1192
117, 1191
117, 1190
117, 1189
117, 1188
117, 1187
117, 1186
116, 1185
116, 1184
116, 1183
116, 1182
116, 1181
116, 1180
115, 1179
115, 1178
115, 1177
115, 1176
115, 1175
115, 1174
115, 1173
115, 1172
115, 1171
115, 1170
115, 1169
115, 1168
115, 1167
115, 1166
115, 1165
115, 1164
115, 1163
114, 1162
114, 1161
114, 1160
114, 1159
114, 1158
114, 1157
114, 1156
114, 1155
114, 1154
114, 1153
113, 1152
113, 1151
113, 1150
113, 1149
113, 1148
113, 1147
113, 1146
113, 1145
113, 1144
113, 1143
112, 1142
112, 1141
112, 1140
112, 1139
112, 1138
111, 1137
111, 1136
111, 1135
111, 1134
111, 1133
111, 1132
111, 1131
111, 1130
111, 1129
111, 1128
111, 1127
111, 1126
111, 1125
111, 1124
110, 1123
110, 1122
110, 1121
110, 1120
110, 1119
110, 1118
109, 1117
109, 1116
109, 1115
109, 1114
109, 1113
109, 1112
109, 1111
109, 1110
109, 1109
109, 1108
109, 1107
109, 1106
109, 1105
109, 1104
109, 1103
109, 1102
109, 1101
108, 1100
108, 1099
108, 1098
108, 1097
108, 1096
108, 1095
108, 1094
108, 1093
108, 1092
108, 1091
108, 1090
108, 1089
107, 1088
107, 1087
107, 1086
107, 1085
107, 1084
107, 1083
108, 1082
108, 1081
108, 1080
108, 1079
108, 1078
108, 1077
109, 1076
109, 1075
109, 1074
109, 1073
109, 1072
109, 1071
110, 1070
111, 1069
111, 1068
111, 1067
111, 1066
112, 1065
112, 1064
112, 1063
113, 1062
113, 1061
113, 1060
113, 1059
113, 1058
113, 1057
113, 1056
113, 1055
113, 1054
114, 1053
114, 1052
114, 1051
114, 1050
114, 1049
114, 1048
114, 1047
114, 1046
114, 1045
114, 1044
114, 1043
114, 1042
114, 1041
114, 1040
114, 1039
114, 1038
114, 1037
113, 1036
113, 1035
113, 1034
113, 1033
113, 1032
113, 1031
113, 1030
113, 1029
113, 1028
113, 1027
113, 1026
113, 1025
113, 1024
113, 1023
113, 1022
113, 1021
113, 1020
113, 1019
113, 1018
113, 1017
113, 1016
113, 1015
113, 1014
113, 1013
112, 1012
112, 1011
112, 1010
112, 1009
112, 1008
112, 1007
112, 1006
112, 1005
112, 1004
112, 1003
112, 1002
112, 1001
112, 1000
112, 999
112, 998
112, 997
112, 996
111, 995
111, 994
111, 993
111, 992
111, 991
111, 990
111, 989
111, 988
111, 987
111, 986
111, 985
111, 984
111, 983
111, 982
111, 981
111, 980
111, 979
111, 978
111, 977
111, 976
111, 975
111, 974
111, 973
111, 972
111, 971
110, 970
110, 969
110, 968
110, 967
109, 966
109, 965
109, 964
109, 963
108, 962
108, 961
107, 960
106, 959
106, 958
105, 957
105, 956
105, 955
105, 954
105, 953
105, 952
