85, 1113
85, 1112
85, 1111
85, 1110
85, 1109
85, 1108
85, 1107
85, 1106
85, 1105
85, 1104
85, 1103
85, 1102
85, 1101
85, 1100
85, 1099
85, 1098
85, 1097
85, 1096
86, 1095
86, 1094
86, 1093
86, 1092
86, 1091
86, 1090
86, 1089
86, 1088
86, 1087
86, 1086
86, 1085
86, 1084
86, 1083
86, 1082
86, 1081
86, 1080
86, 1079
86, 1078
86, 1077
86, 1076
86, 1075
86, 1074
86, 1073
86, 1072
87, 1071
87, 1070
87, 1069
87, 1068
87, 1067
87, 1066
87, 1065
88, 1064
88, 1063
88, 1062
88, 1061
88, 1060
88, 1059
88, 1058
88, 1057
88, 1056
88, 1055
88, 1054
88, 1053
88, 1052
88, 1051
88, 1050
88, 1049
88, 1048
89, 1047
90, 1047
91, 1046
91, 1045
91, 1044
91, 1043
90, 1042
90, 1041
90, 1040
90, 1039
91, 1039
92, 1038
92, 1037
92, 1036
92, 1035
92, 1034
91, 1033
90, 1033
90, 1032
90, 1031
91, 1031
92, 1030
93, 1029
93, 1028
93, 1027
93, 1026
92, 1025
93, 1025
94, 1024
94, 1023
94, 1022
93, 1021
93, 1020
93, 1019
93, 1018
93, 1017
93, 1016
93, 1015
94, 1014
94, 1013
94, 1012
94, 1011
94, 1010
94, 1009
94, 1008
94, 1007
94, 1006
94, 1005
94, 1004
95, 1004
96, 1004
97, 1003
97, 1002
97, 1001
98, 1000
98, 999
98, 998
97, 997
98, 996
98, 995
98, 994
98, 993
99, 992
100, 991
100, 990
100, 989
101, 988
102, 987
102, 986
102, 985
103, 984
104, 983
104, 982
104, 981
105, 980
106, 979
106, 978
106, 977
107, 976
108, 975
108, 974
108, 973
109, 972
110, 971
110, 970
110, 969
111, 968
112, 967
112, 966
112, 965
113, 964
114, 963
114, 962
114, 961
114, 960
115, 959
116, 958
116, 957
116, 956
117, 955
118, 954
118, 953
118, 952
119, 951
120, 950
120, 949
120, 948
121, 948
122, 947
122, 946
122, 945
122, 944
123, 943
124, 942
124, 941
124, 940
125, 939
126, 938
126, 937
126, 936
126, 935
127, 934
128, 933
128, 932
128, 931
129, 930
130, 929
130, 928
131, 928
132, 928
133, 927
133, 926
133, 925
132, 924
132, 923
133, 922
134, 921
134, 920
134, 919
135, 919
136, 918
136, 917
136, 916
136, 915
137, 914
138, 913
138, 912
138, 911
138, 910
139, 910
140, 909
140, 908
140, 907
140, 906
141, 905
142, 904
142, 903
142, 902
142, 901
143, 900
144, 899
144, 898
144, 897
144, 896
145, 895
145, 894
146, 893
146, 892
146, 891
146, 890
147, 890
148, 889
148, 888
148, 887
148, 886
148, 885
148, 884
148, 883
149, 882
150, 881
150, 880
150, 879
150, 878
150, 877
150, 876
151, 876
152, 875
152, 874
152, 873
152, 872
152, 871
152, 870
151, 869
152, 868
152, 867
152, 866
152, 865
152, 864
152, 863
152, 862
152, 861
152, 860
152, 859
152, 858
152, 857
153, 857
154, 856
154, 855
155, 854
155, 853
155, 852
155, 851
155, 850
155, 849
155, 848
155, 847
155, 846
155, 845
154, 844
154, 843
155, 843
156, 842
157, 841
157, 840
157, 839
157, 838
157, 837
157, 836
157, 835
157, 834
157, 833
157, 832
157, 831
157, 830
157, 829
157, 828
157, 827
158, 826
158, 825
158, 824
157, 823
158, 822
158, 821
158, 820
158, 819
158, 818
158, 817
158, 816
158, 815
158, 814
158, 813
158, 812
159, 812
160, 811
160, 810
160, 809
160, 808
160, 807
160, 806
160, 805
160, 804
161, 803
161, 802
161, 801
161, 800
161, 799
162, 798
162, 797
163, 796
163, 795
163, 794
163, 793
162, 792
162, 791
162, 790
162, 789
162, 788
163, 787
163, 786
163, 785
163, 784
163, 783
163, 782
162, 781
161, 780
160, 779
159, 779
158, 778
158, 777
158, 776
158, 775
157, 774
157, 773
157, 772
157, 771
157, 770
157, 769
157, 768
157, 767
157, 766
158, 765
158, 764
158, 763
159, 762
160, 761
160, 760
161, 759
162, 758
162, 757
163, 756
164, 755
165, 754
166, 753
167, 752
168, 752
169, 751
170, 751
171, 751
172, 750
173, 750
174, 749
175, 749
176, 749
177, 748
178, 748
179, 747
180, 747
181, 747
182, 747
183, 747
184, 746
185, 746
186, 746
187, 746
188, 746
189, 746
190, 746
191, 746
192, 745
193, 745
194, 745
195, 745
196, 745
197, 745
198, 744
199, 743
199, 742
199, 741
199, 740
199, 739
199, 738
199, 737
199, 736
199, 735
200, 734
200, 733
200, 732
200, 731
201, 730
201, 729
201, 728
201, 727
201, 726
201, 725
201, 724
201, 723
202, 722
202, 721
202, 720
202, 719
202, 718
202, 717
203, 716
203, 715
203, 714
203, 713
203, 712
203, 711
203, 710
203, 709
204, 708
204, 707
204, 706
204, 705
204, 704
204, 703
205, 702
205, 701
205, 700
205, 699
205, 698
205, 697
205, 696
206, 695
206, 694
206, 693
206, 692
206, 691
206, 690
206, 689
207, 688
207, 687
207, 686
207, 685
207, 684
207, 683
207, 682
208, 681
208, 680
208, 679
208, 678
208, 677
208, 676
209, 675
209, 674
209, 673
209, 672
209, 671
209, 670
209, 669
209, 668
209, 667
209, 666
209, 665
209, 664
210, 663
210, 662
210, 661
210, 660
210, 659
211, 658
211, 657
211, 656
211, 655
211, 654
211, 653
211, 652
211, 651
211, 650
211, 649
212, 648
212, 647
212, 646
213, 645
213, 644
213, 643
213, 642
213, 641
213, 640
213, 639
213, 638
213, 637
214, 636
214, 635
214, 634
214, 633
214, 632
214, 631
215, 630
215, 629
215, 628
215, 627
215, 626
215, 625
215, 624
216, 623
216, 622
216, 621
216, 620
215, 619
216, 618
216, 617
216, 616
217, 615
217, 614
217, 613
217, 612
217, 611
217, 610
217, 609
217, 608
217, 607
218, 606
218, 605
219, 604
219, 603
219, 602
219, 601
218, 600
218, 599
219, 598
219, 597
219, 596
219, 595
220, 594
220, 593
220, 592
220, 591
220, 590
220, 589
220, 588
220, 587
220, 586
220, 585
220, 584
220, 583
220, 582
221, 581
221, 580
221, 579
221, 578
221, 577
221, 576
221, 575
222, 574
222, 573
222, 572
222, 571
222, 570
222, 569
222, 568
222, 567
222, 566
222, 565
223, 564
223, 563
223, 562
223, 561
223, 560
223, 559
223, 558
223, 557
223, 556
223, 555
224, 554
224, 553
225, 552
225, 551
225, 550
225, 549
225, 548
225, 547
225, 546
225, 545
225, 544
225, 543
225, 542
225, 541
225, 540
225, 539
225, 538
226, 537
226, 536
226, 535
226, 534
226, 533
227, 532
227, 531
227, 530
227, 529
227, 528
227, 527
227, 526
227, 525
227, 524
227, 523
228, 522
228, 521
228, 520
228, 519
228, 518
229, 517
229, 516
229, 515
228, 514
228, 513
228, 512
228, 511
228, 510
228, 509
228, 508
228, 507
228, 506
229, 505
229, 504
230, 503
230, 502
230, 501
230, 500
230, 499
230, 498
230, 497
230, 496
230, 495
230, 494
230, 493
231, 492
231, 491
231, 490
231, 489
231, 488
231, 487
231, 486
231, 485
231, 484
231, 483
231, 482
231, 481
232, 480
232, 479
232, 478
232, 477
232, 476
232, 475
232, 474
233, 473
233, 472
233, 471
233, 470
233, 469
233, 468
233, 467
233, 466
233, 465
234, 464
234, 463
234, 462
234, 461
234, 460
234, 459
234, 458
234, 457
234, 456
234, 455
234, 454
234, 453
235, 452
235, 451
235, 450
235, 449
236, 448
236, 447
236, 446
237, 445
237, 444
237, 443
237, 442
237, 441
237, 440
237, 439
237, 438
237, 437
238, 436
238, 435
238, 434
238, 433
238, 432
238, 431
238, 430
238, 429
238, 428
239, 427
239, 426
239, 425
239, 424
239, 423
240, 422
240, 421
240, 420
240, 419
240, 418
240, 417
240, 416
240, 415
240, 414
240, 413
240, 412
241, 411
241, 410
241, 409
241, 408
241, 407
241, 406
241, 405
241, 404
242, 403
242, 402
242, 401
242, 400
242, 399
242, 398
243, 397
243, 396
243, 395
243, 394
243, 393
243, 392
243, 391
243, 390
244, 389
244, 388
244, 387
244, 386
244, 385
244, 384
244, 383
244, 382
244, 381
245, 380
245, 379
245, 378
245, 377
245, 376
245, 375
245, 374
246, 373
246, 372
246, 371
246, 370
247, 369
247, 368
247, 367
247, 366
247, 365
247, 364
247, 363
247, 362
247, 361
248, 360
248, 359
248, 358
248, 357
248, 356
248, 355
248, 354
248, 353
248, 352
248, 351
248, 350
249, 349
249, 348
249, 347
249, 346
249, 345
249, 344
249, 343
249, 342
250, 341
250, 340
250, 339
250, 338
250, 337
250, 336
250, 335
250, 334
250, 333
250, 332
250, 331
251, 330
251, 329
251, 328
251, 327
251, 326
251, 325
251, 324
252, 323
252, 322
252, 321
252, 320
252, 319
252, 318
252, 317
252, 316
252, 315
252, 314
252, 313
252, 312
253, 311
253, 310
253, 309
253, 308
254, 307
254, 306
254, 305
254, 304
254, 303
255, 302
255, 301
255, 300
255, 299
255, 298
255, 297
255, 296
255, 295
255, 294
255, 293
255, 292
256, 291
256, 290
256, 289
256, 288
256, 287
256, 286
257, 285
257, 284
257, 283
257, 282
257, 281
257, 280
257, 279
257, 278
257, 277
257, 276
257, 275
257, 274
257, 273
258, 272
258, 271
258, 270
258, 269
258, 268
258, 267
258, 266
258, 265
258, 264
259, 263
259, 262
259, 261
259, 260
259, 259
259, 258
259, 257
260, 256
260, 255
260, 254
261, 253
261, 252
261, 251
260, 250
260, 249
260, 248
260, 247
260, 246
261, 245
261, 244
261, 243
262, 242
262, 241
262, 240
262, 239
262, 238
262, 237
262, 236
262, 235
262, 234
262, 233
263, 232
263, 231
263, 230
263, 229
263, 228
264, 227
264, 226
264, 225
264, 224
264, 223
264, 222
265, 221
265, 220
265, 219
265, 218
265, 217
265, 216
265, 215
265, 214
265, 213
265, 212
265, 211
265, 210
265, 209
265, 208
265, 207
265, 206
265, 205
265, 204
265, 203
265, 202
266, 201
266, 200
266, 199
266, 198
266, 197
265, 196
266, 195
266, 194
266, 193
266, 192
267, 191
267, 190
267, 189
267, 188
267, 187
267, 186
267, 185
267, 184
267, 183
267, 182
267, 181
267, 180
267, 179
268, 178
268, 177
268, 176
268, 175
268, 174
268, 173
268, 172
268, 171
269, 170
269, 169
269, 168
269, 167
269, 166
269, 165
269, 164
268, 163
268, 162
268, 161
268, 160
268, 159
269, 158
269, 157
269, 156
268, 155
269, 154
269, 153
269, 152
269, 151
269, 150
269, 149
269, 148
269, 147
269, 146
269, 145
269, 144
269, 143
269, 142
269, 141
269, 140
269, 139
269, 138
269, 137
269, 136
269, 135
269, 134
269, 133
269, 132
269, 131
269, 130
269, 129
269, 128
269, 127
269, 126
269, 125
269, 124
269, 123
269, 122
269, 121
269, 120
269, 119
269, 118
269, 117
269, 116
269, 115
269, 114
269, 113
269, 112
269, 111
269, 110
269, 109
269, 108
269, 107
269, 106
269, 105
269, 104
269, 103
269, 102
269, 101
269, 100
269, 99
270, 98
270, 97
270, 96
270, 95
270, 94
270, 93
270, 92
270, 91
270, 90
271, 89
271, 88
271, 87
271, 86
272, 85
272, 84
272, 83
272, 82
272, 81
272, 80
272, 79
272, 78
273, 77
273, 76
273, 75
274, 74
274, 73
274, 72
275, 71
275, 70
275, 69
275, 68
275, 67
275, 66
276, 65
276, 64
277, 63
278, 63
279, 64
280, 65
281, 65
282, 65
283, 65
284, 65
285, 65
286, 65
287, 65
288, 65
289, 65
290, 65
291, 65
292, 65
293, 66
294, 66
295, 66
296, 67
297, 67
298, 67
299, 67
300, 67
301, 67
302, 67
303, 67
304, 67
305, 67
306, 68
307, 68
308, 68
309, 67
310, 67
311, 68
312, 68
313, 68
314, 68
313, 69
313, 70
313, 71
314, 72
314, 73
314, 74
314, 75
314, 76
314, 77
314, 78
314, 79
313, 80
313, 81
313, 82
313, 83
313, 84
313, 85
313, 86
313, 87
312, 88
312, 89
312, 90
312, 91
312, 92
312, 93
312, 94
312, 95
312, 96
311, 97
311, 98
311, 99
311, 100
311, 101
311, 102
311, 103
311, 104
311, 105
311, 106
311, 107
310, 108
310, 109
310, 110
310, 111
309, 112
309, 113
309, 114
309, 115
309, 116
309, 117
308, 118
308, 119
308, 120
307, 121
307, 122
307, 123
306, 124
306, 125
306, 126
306, 127
306, 128
306, 129
306, 130
305, 131
305, 132
305, 133
305, 134
305, 135
304, 136
304, 137
304, 138
304, 139
304, 140
303, 141
303, 142
303, 143
303, 144
302, 145
302, 146
302, 147
302, 148
302, 149
301, 150
301, 151
301, 152
301, 153
300, 154
300, 155
300, 156
300, 157
300, 158
300, 159
299, 160
299, 161
299, 162
299, 163
299, 164
298, 165
298, 166
298, 167
298, 168
298, 169
297, 170
297, 171
297, 172
297, 173
297, 174
297, 175
297, 176
296, 177
296, 178
296, 179
296, 180
296, 181
295, 182
295, 183
295, 184
295, 185
295, 186
294, 187
294, 188
294, 189
294, 190
294, 191
294, 192
293, 193
293, 194
293, 195
293, 196
293, 197
293, 198
293, 199
293, 200
292, 201
292, 202
292, 203
292, 204
292, 205
292, 206
292, 207
292, 208
291, 209
291, 210
291, 211
291, 212
291, 213
291, 214
290, 215
290, 216
290, 217
290, 218
290, 219
290, 220
289, 221
289, 222
289, 223
289, 224
289, 225
289, 226
289, 227
289, 228
289, 229
289, 230
289, 231
289, 232
288, 233
288, 234
288, 235
288, 236
287, 237
287, 238
287, 239
287, 240
287, 241
287, 242
287, 243
287, 244
287, 245
287, 246
286, 247
286, 248
286, 249
286, 250
286, 251
286, 252
286, 253
285, 254
285, 255
285, 256
285, 257
285, 258
285, 259
285, 260
285, 261
284, 262
284, 263
284, 264
284, 265
284, 266
284, 267
284, 268
284, 269
283, 270
283, 271
283, 272
283, 273
283, 274
283, 275
283, 276
283, 277
283, 278
282, 279
282, 280
282, 281
282, 282
282, 283
282, 284
282, 285
282, 286
282, 287
282, 288
282, 289
281, 290
281, 291
281, 292
281, 293
281, 294
281, 295
281, 296
280, 297
280, 298
280, 299
280, 300
280, 301
280, 302
279, 303
279, 304
279, 305
279, 306
279, 307
279, 308
279, 309
279, 310
279, 311
279, 312
278, 313
278, 314
278, 315
278, 316
278, 317
278, 318
278, 319
278, 320
278, 321
277, 322
277, 323
277, 324
277, 325
277, 326
277, 327
277, 328
277, 329
277, 330
277, 331
276, 332
276, 333
276, 334
276, 335
276, 336
276, 337
276, 338
276, 339
275, 340
275, 341
275, 342
275, 343
275, 344
275, 345
275, 346
275, 347
274, 348
274, 349
274, 350
274, 351
274, 352
273, 353
273, 354
273, 355
273, 356
273, 357
273, 358
273, 359
273, 360
273, 361
273, 362
273, 363
273, 364
273, 365
273, 366
273, 367
273, 368
273, 369
273, 370
273, 371
272, 372
272, 373
272, 374
272, 375
272, 376
272, 377
271, 378
271, 379
271, 380
271, 381
271, 382
271, 383
270, 384
270, 385
270, 386
270, 387
270, 388
270, 389
269, 390
269, 391
269, 392
269, 393
269, 394
269, 395
269, 396
269, 397
269, 398
268, 399
268, 400
268, 401
268, 402
268, 403
268, 404
268, 405
268, 406
267, 407
267, 408
267, 409
267, 410
267, 411
267, 412
267, 413
267, 414
267, 415
267, 416
267, 417
266, 418
266, 419
266, 420
266, 421
266, 422
266, 423
266, 424
265, 425
265, 426
265, 427
265, 428
265, 429
265, 430
265, 431
265, 432
265, 433
265, 434
265, 435
265, 436
264, 437
264, 438
264, 439
264, 440
263, 441
263, 442
263, 443
263, 444
263, 445
263, 446
263, 447
263, 448
263, 449
262, 450
262, 451
262, 452
262, 453
262, 454
261, 455
261, 456
261, 457
261, 458
261, 459
261, 460
261, 461
261, 462
261, 463
261, 464
260, 465
260, 466
260, 467
260, 468
260, 469
260, 470
260, 471
259, 472
259, 473
259, 474
259, 475
259, 476
259, 477
259, 478
259, 479
259, 480
259, 481
259, 482
258, 483
258, 484
258, 485
258, 486
258, 487
258, 488
258, 489
258, 490
257, 491
257, 492
257, 493
257, 494
257, 495
257, 496
257, 497
256, 498
256, 499
256, 500
256, 501
256, 502
256, 503
256, 504
255, 505
255, 506
255, 507
255, 508
255, 509
255, 510
255, 511
255, 512
254, 513
254, 514
254, 515
254, 516
254, 517
254, 518
254, 519
254, 520
253, 521
253, 522
253, 523
253, 524
253, 525
253, 526
253, 527
253, 528
252, 529
252, 530
252, 531
252, 532
252, 533
252, 534
252, 535
252, 536
252, 537
252, 538
251, 539
251, 540
251, 541
251, 542
251, 543
251, 544
251, 545
250, 546
250, 547
250, 548
250, 549
250, 550
250, 551
250, 552
250, 553
250, 554
250, 555
249, 556
249, 557
249, 558
249, 559
249, 560
249, 561
249, 562
249, 563
249, 564
249, 565
249, 566
248, 567
248, 568
248, 569
248, 570
248, 571
247, 572
247, 573
247, 574
247, 575
247, 576
247, 577
247, 578
247, 579
246, 580
246, 581
246, 582
246, 583
246, 584
246, 585
246, 586
246, 587
245, 588
245, 589
245, 590
245, 591
245, 592
245, 593
245, 594
244, 595
244, 596
244, 597
244, 598
244, 599
244, 600
244, 601
244, 602
243, 603
243, 604
243, 605
243, 606
243, 607
243, 608
242, 609
242, 610
242, 611
242, 612
242, 613
242, 614
242, 615
242, 616
242, 617
242, 618
241, 619
241, 620
241, 621
241, 622
241, 623
241, 624
241, 625
241, 626
241, 627
241, 628
240, 629
240, 630
240, 631
240, 632
240, 633
240, 634
240, 635
240, 636
239, 637
239, 638
239, 639
239, 640
239, 641
238, 642
238, 643
238, 644
238, 645
238, 646
238, 647
238, 648
238, 649
237, 650
237, 651
237, 652
236, 653
236, 654
236, 655
236, 656
236, 657
237, 658
237, 659
236, 660
236, 661
236, 662
236, 663
236, 664
236, 665
236, 666
236, 667
235, 668
235, 669
235, 670
235, 671
235, 672
235, 673
235, 674
235, 675
234, 676
234, 677
234, 678
234, 679
234, 680
234, 681
234, 682
234, 683
234, 684
234, 685
233, 686
233, 687
233, 688
233, 689
233, 690
233, 691
233, 692
233, 693
232, 694
232, 695
232, 696
232, 697
232, 698
232, 699
232, 700
232, 701
231, 702
231, 703
231, 704
231, 705
231, 706
230, 707
230, 708
230, 709
230, 710
230, 711
230, 712
230, 713
230, 714
230, 715
230, 716
230, 717
229, 718
229, 719
229, 720
229, 721
229, 722
229, 723
228, 724
228, 725
228, 726
229, 727
228, 728
228, 729
228, 730
228, 731
228, 732
228, 733
228, 734
228, 735
228, 736
228, 737
228, 738
228, 739
228, 740
228, 741
228, 742
227, 743
227, 744
226, 745
226, 746
226, 747
227, 748
228, 749
229, 749
230, 749
231, 750
232, 750
233, 751
234, 751
235, 752
236, 752
237, 752
238, 753
239, 753
240, 754
241, 755
242, 755
243, 756
244, 757
245, 758
246, 758
247, 759
248, 759
249, 760
250, 760
251, 761
252, 762
253, 763
254, 764
255, 765
256, 766
256, 767
257, 768
258, 769
258, 770
258, 771
258, 772
259, 773
259, 774
260, 775
260, 776
260, 777
260, 778
260, 779
260, 780
260, 781
260, 782
260, 783
259, 784
259, 785
259, 786
258, 787
257, 788
257, 789
256, 790
255, 791
254, 792
253, 793
252, 794
251, 795
251, 796
250, 797
250, 798
250, 799
249, 800
249, 801
249, 802
249, 803
249, 804
249, 805
249, 806
249, 807
249, 808
249, 809
249, 810
248, 811
248, 812
248, 813
248, 814
248, 815
248, 816
248, 817
248, 818
248, 819
248, 820
248, 821
247, 822
247, 823
247, 824
247, 825
247, 826
247, 827
247, 828
247, 829
247, 830
247, 831
247, 832
246, 833
246, 834
246, 835
246, 836
246, 837
246, 838
246, 839
245, 840
245, 841
245, 842
245, 843
245, 844
245, 845
245, 846
244, 847
244, 848
244, 849
244, 850
244, 851
244, 852
243, 853
243, 854
242, 854
241, 855
241, 856
241, 857
242, 858
243, 858
243, 859
243, 860
242, 861
242, 862
242, 863
242, 864
242, 865
242, 866
242, 867
241, 868
241, 869
241, 870
241, 871
241, 872
241, 873
241, 874
241, 875
241, 876
240, 877
240, 878
240, 879
239, 879
238, 880
238, 881
238, 882
239, 883
239, 884
239, 885
239, 886
239, 887
239, 888
239, 889
239, 890
239, 891
239, 892
239, 893
239, 894
239, 895
239, 896
239, 897
239, 898
239, 899
239, 900
239, 901
239, 902
239, 903
238, 903
237, 904
237, 905
237, 906
237, 907
237, 908
237, 909
237, 910
238, 911
239, 911
239, 912
239, 913
238, 914
238, 915
238, 916
238, 917
239, 918
240, 918
240, 919
240, 920
240, 921
241, 922
240, 922
239, 923
239, 924
239, 925
240, 926
241, 926
240, 927
240, 928
240, 929
240, 930
240, 931
240, 932
241, 933
242, 933
242, 934
242, 935
243, 936
243, 937
243, 938
243, 939
242, 940
242, 941
242, 942
242, 943
243, 944
244, 944
244, 945
245, 946
245, 947
244, 947
243, 948
243, 949
243, 950
244, 951
245, 951
245, 952
246, 953
246, 954
246, 955
246, 956
246, 957
247, 958
246, 958
245, 959
245, 960
245, 961
246, 962
247, 962
248, 963
247, 963
246, 964
246, 965
246, 966
247, 967
248, 967
249, 968
249, 969
249, 970
249, 971
249, 972
249, 973
249, 974
250, 975
250, 976
250, 977
250, 978
251, 979
251, 980
251, 981
251, 982
251, 983
251, 984
252, 985
252, 986
252, 987
252, 988
253, 989
253, 990
253, 991
253, 992
253, 993
253, 994
253, 995
254, 996
254, 997
254, 998
254, 999
255, 1000
255, 1001
255, 1002
254, 1003
254, 1004
254, 1005
254, 1006
255, 1007
256, 1007
256, 1008
256, 1009
256, 1010
256, 1011
255, 1012
255, 1013
255, 1014
256, 1015
257, 1015
257, 1016
257, 1017
257, 1018
258, 1019
258, 1020
258, 1021
258, 1022
258, 1023
258, 1024
258, 1025
258, 1026
258, 1027
258, 1028
258, 1029
258, 1030
258, 1031
258, 1032
258, 1033
257, 1034
257, 1035
257, 1036
256, 1036
255, 1037
255, 1038
255, 1039
256, 1040
257, 1040
257, 1041
256, 1042
256, 1043
256, 1044
256, 1045
256, 1046
255, 1047
255, 1048
255, 1049
255, 1050
255, 1051
255, 1052
255, 1053
254, 1054
254, 1055
254, 1056
254, 1057
254, 1058
253, 1059
253, 1060
253, 1061
253, 1062
253, 1063
253, 1064
253, 1065
252, 1066
252, 1067
252, 1068
252, 1069
252, 1070
251, 1071
251, 1072
251, 1073
251, 1074
251, 1075
251, 1076
250, 1077
250, 1078
250, 1079
250, 1080
250, 1081
249, 1082
249, 1083
249, 1084
249, 1085
249, 1086
248, 1087
248, 1088
248, 1089
248, 1090
248, 1091
247, 1092
247, 1093
247, 1094
247, 1095
247, 1096
246, 1097
246, 1098
246, 1099
246, 1100
245, 1101
245, 1102
245, 1103
245, 1104
245, 1105
244, 1106
244, 1107
244, 1108
244, 1109
243, 1110
243, 1111
243, 1112
243, 1113
243, 1114
242, 1115
242, 1116
242, 1117
242, 1118
241, 1119
241, 1120
241, 1121
241, 1122
241, 1123
240, 1124
240, 1125
240, 1126
240, 1127
240, 1128
239, 1129
239, 1130
239, 1131
238, 1132
238, 1133
238, 1134
238, 1135
237, 1136
237, 1137
237, 1138
237, 1139
237, 1140
236, 1141
236, 1142
236, 1143
236, 1144
235, 1145
235, 1146
235, 1147
234, 1148
234, 1149
234, 1150
234, 1151
234, 1152
233, 1153
233, 1154
233, 1155
233, 1156
232, 1157
232, 1158
232, 1159
231, 1160
231, 1161
231, 1162
231, 1163
231, 1164
230, 1165
230, 1166
230, 1167
229, 1168
229, 1169
229, 1170
229, 1171
229, 1172
228, 1173
228, 1174
227, 1175
227, 1176
226, 1177
226, 1178
226, 1179
226, 1180
226, 1181
225, 1182
225, 1183
225, 1184
224, 1185
224, 1186
223, 1187
223, 1188
223, 1189
223, 1190
223, 1191
222, 1192
222, 1193
222, 1194
221, 1195
221, 1196
220, 1197
220, 1198
220, 1199
219, 1200
219, 1201
218, 1202
218, 1203
218, 1204
218, 1205
217, 1206
217, 1207
217, 1208
216, 1209
216, 1210
215, 1211
215, 1212
215, 1213
214, 1214
214, 1215
214, 1216
213, 1217
213, 1218
212, 1219
212, 1220
211, 1221
210, 1222
210, 1223
209, 1224
208, 1224
207, 1224
206, 1224
205, 1225
205, 1226
204, 1226
203, 1227
203, 1228
203, 1229
202, 1230
201, 1231
200, 1231
199, 1232
198, 1233
197, 1233
196, 1233
195, 1234
194, 1234
193, 1234
192, 1235
191, 1235
190, 1235
189, 1235
188, 1236
187, 1236
186, 1237
185, 1237
184, 1237
183, 1237
182, 1237
181, 1237
180, 1237
179, 1237
178, 1238
177, 1238
176, 1238
175, 1238
174, 1238
173, 1239
172, 1239
171, 1239
170, 1239
169, 1239
168, 1239
167, 1239
166, 1239
165, 1240
164, 1240
163, 1240
162, 1240
161, 1240
160, 1241
159, 1241
158, 1241
157, 1241
156, 1242
155, 1242
154, 1243
153, 1242
152, 1242
151, 1242
150, 1243
149, 1243
148, 1242
147, 1242
146, 1242
145, 1242
144, 1242
143, 1242
142, 1242
141, 1241
140, 1241
139, 1240
138, 1240
137, 1239
136, 1238
135, 1237
134, 1236
133, 1235
132, 1234
131, 1234
130, 1233
129, 1233
128, 1232
127, 1232
126, 1232
125, 1231
124, 1231
123, 1231
122, 1230
121, 1230
120, 1230
119, 1229
118, 1229
117, 1229
116, 1228
115, 1228
114, 1227
113, 1227
112, 1226
111, 1226
110, 1226
109, 1225
108, 1225
107, 1224
106, 1223
105, 1223
104, 1223
103, 1222
102, 1222
101, 1221
100, 1220
99, 1220
98, 1219
97, 1218
96, 1217
95, 1216
94, 1215
93, 1214
93, 1213
92, 1212
92, 1211
91, 1210
90, 1209
90, 1208
89, 1207
89, 1206
89, 1205
89, 1204
89, 1203
88, 1202
88, 1201
88, 1200
87, 1199
87, 1198
87, 1197
87, 1196
87, 1195
87, 1194
87, 1193
87, 1192
87, 1191
87, 1190
87, 1189
87, 1188
87, 1187
87, 1186
86, 1185
86, 1184
86, 1183
86, 1182
86, 1181
86, 1180
87, 1179
87, 1178
87, 1177
87, 1176
87, 1175
87, 1174
86, 1173
86, 1172
86, 1171
86, 1170
86, 1169
86, 1168
86, 1167
86, 1166
86, 1165
86, 1164
86, 1163
86, 1162
86, 1161
86, 1160
86, 1159
86, 1158
86, 1157
86, 1156
86, 1155
86, 1154
86, 1153
86, 1152
86, 1151
86, 1150
86, 1149
86, 1148
85, 1147
85, 1146
85, 1145
85, 1144
85, 1143
85, 1142
85, 1141
85, 1140
85, 1139
85, 1138
85, 1137
85, 1136
85, 1135
85, 1134
85, 1133
85, 1132
85, 1131
85, 1130
85, 1129
85, 1128
85, 1127
85, 1126
84, 1125
84, 1124
84, 1123
84, 1122
84, 1121
84, 1120
84, 1119
85, 1118
85, 1117
85, 1116
84, 1115
84, 1114
