68, 1069
68, 1068
68, 1067
68, 1066
68, 1065
68, 1064
68, 1063
68, 1062
68, 1061
68, 1060
69, 1059
69, 1058
69, 1057
69, 1056
69, 1055
69, 1054
69, 1053
69, 1052
69, 1051
69, 1050
70, 1049
70, 1048
70, 1047
70, 1046
70, 1045
70, 1044
70, 1043
71, 1042
71, 1041
71, 1040
71, 1039
71, 1038
71, 1037
71, 1036
71, 1035
71, 1034
72, 1033
72, 1032
72, 1031
72, 1030
72, 1029
72, 1028
72, 1027
73, 1026
73, 1025
73, 1024
73, 1023
73, 1022
73, 1021
73, 1020
73, 1019
73, 1018
74, 1017
74, 1016
74, 1015
74, 1014
74, 1013
74, 1012
74, 1011
75, 1010
75, 1009
75, 1008
75, 1007
75, 1006
75, 1005
75, 1004
75, 1003
75, 1002
76, 1001
76, 1000
76, 999
76, 998
76, 997
76, 996
77, 995
77, 994
77, 993
77, 992
77, 991
77, 990
77, 989
77, 988
78, 987
78, 986
78, 985
78, 984
79, 983
79, 982
79, 981
79, 980
79, 979
80, 978
80, 977
81, 976
81, 975
81, 974
82, 973
82, 972
83, 971
83, 970
83, 969
84, 968
85, 967
85, 966
85, 965
86, 964
86, 963
87, 962
87, 961
88, 960
88, 959
89, 958
89, 957
90, 956
91, 955
91, 954
91, 953
92, 952
93, 951
93, 950
94, 949
94, 948
95, 947
95, 946
96, 945
96, 944
97, 943
97, 942
98, 941
98, 940
99, 939
99, 938
100, 937
101, 936
101, 935
102, 934
102, 933
103, 932
103, 931
104, 930
104, 929
105, 928
105, 927
106, 926
107, 925
107, 924
108, 923
108, 922
109, 921
109, 920
109, 919
110, 918
111, 917
111, 916
111, 915
112, 914
113, 913
113, 912
113, 911
114, 910
115, 909
115, 908
115, 907
116, 906
117, 905
117, 904
117, 903
118, 902
119, 901
119, 900
119, 899
120, 898
120, 897
121, 896
121, 895
121, 894
122, 893
122, 892
123, 891
123, 890
123, 889
123, 888
124, 887
124, 886
124, 885
125, 884
125, 883
125, 882
125, 881
125, 880
125, 879
125, 878
125, 877
125, 876
126, 875
126, 874
126, 873
126, 872
126, 871
127, 870
127, 869
127, 868
127, 867
127, 866
127, 865
127, 864
127, 863
127, 862
127, 861
127, 860
128, 859
128, 858
128, 857
128, 856
128, 855
128, 854
128, 853
129, 852
129, 851
129, 850
129, 849
129, 848
129, 847
129, 846
129, 845
130, 844
130, 843
130, 842
130, 841
130, 840
130, 839
130, 838
131, 837
131, 836
131, 835
131, 834
131, 833
131, 832
131, 831
132, 830
132, 829
132, 828
132, 827
132, 826
133, 825
133, 824
133, 823
133, 822
133, 821
133, 820
133, 819
134, 818
134, 817
134, 816
134, 815
134, 814
135, 813
135, 812
135, 811
135, 810
135, 809
136, 808
136, 807
136, 806
136, 805
137, 804
137, 803
137, 802
137, 801
137, 800
137, 799
138, 798
138, 797
138, 796
138, 795
138, 794
139, 793
139, 792
139, 791
139, 790
139, 789
139, 788
140, 787
140, 786
140, 785
140, 784
140, 783
139, 782
138, 781
137, 780
136, 779
136, 778
135, 777
135, 776
135, 775
134, 774
134, 773
134, 772
134, 771
134, 770
135, 769
135, 768
135, 767
136, 766
136, 765
137, 764
137, 763
138, 762
139, 761
140, 760
141, 759
142, 759
143, 758
144, 757
145, 757
146, 757
147, 756
148, 756
149, 755
150, 755
151, 755
152, 754
153, 754
154, 753
155, 753
156, 753
157, 753
158, 753
159, 753
160, 753
161, 753
162, 754
163, 754
164, 754
165, 754
166, 754
167, 754
168, 754
169, 754
170, 753
171, 752
171, 751
171, 750
171, 749
172, 748
172, 747
172, 746
172, 745
172, 744
173, 743
173, 742
173, 741
173, 740
173, 739
173, 738
174, 737
174, 736
174, 735
174, 734
174, 733
175, 732
175, 731
175, 730
175, 729
175, 728
175, 727
175, 726
176, 725
176, 724
176, 723
176, 722
176, 721
176, 720
177, 719
177, 718
177, 717
177, 716
177, 715
177, 714
178, 713
178, 712
178, 711
178, 710
178, 709
178, 708
178, 707
179, 706
179, 705
179, 704
179, 703
179, 702
179, 701
179, 700
180, 699
180, 698
180, 697
180, 696
181, 695
181, 694
181, 693
181, 692
181, 691
181, 690
181, 689
182, 688
182, 687
182, 686
182, 685
182, 684
183, 683
183, 682
183, 681
183, 680
183, 679
183, 678
183, 677
183, 676
183, 675
184, 674
184, 673
184, 672
184, 671
185, 670
185, 669
185, 668
185, 667
185, 666
185, 665
185, 664
186, 663
186, 662
186, 661
186, 660
186, 659
186, 658
187, 657
187, 656
187, 655
187, 654
187, 653
187, 652
187, 651
188, 650
188, 649
188, 648
188, 647
188, 646
189, 645
189, 644
189, 643
189, 642
189, 641
189, 640
189, 639
190, 638
190, 637
190, 636
190, 635
190, 634
191, 633
191, 632
191, 631
191, 630
191, 629
191, 628
191, 627
192, 626
192, 625
192, 624
192, 623
193, 622
193, 621
193, 620
193, 619
193, 618
193, 617
193, 616
193, 615
193, 614
194, 613
194, 612
194, 611
194, 610
194, 609
195, 608
195, 607
195, 606
195, 605
195, 604
195, 603
196, 602
196, 601
196, 600
196, 599
196, 598
197, 597
197, 596
197, 595
197, 594
197, 593
197, 592
197, 591
198, 590
198, 589
198, 588
198, 587
199, 586
199, 585
199, 584
199, 583
199, 582
200, 581
200, 580
200, 579
200, 578
200, 577
200, 576
201, 575
201, 574
201, 573
201, 572
201, 571
201, 570
201, 569
202, 568
202, 567
202, 566
202, 565
202, 564
202, 563
203, 562
203, 561
203, 560
203, 559
203, 558
203, 557
203, 556
204, 555
204, 554
204, 553
204, 552
204, 551
205, 550
205, 549
205, 548
205, 547
205, 546
205, 545
206, 544
206, 543
206, 542
206, 541
206, 540
207, 539
207, 538
207, 537
207, 536
207, 535
207, 534
208, 533
208, 532
208, 531
208, 530
208, 529
208, 528
209, 527
209, 526
209, 525
209, 524
209, 523
209, 522
209, 521
210, 520
210, 519
210, 518
210, 517
210, 516
211, 515
211, 514
211, 513
211, 512
211, 511
211, 510
212, 509
212, 508
212, 507
212, 506
213, 505
213, 504
213, 503
213, 502
213, 501
213, 500
213, 499
214, 498
214, 497
214, 496
214, 495
214, 494
215, 493
215, 492
215, 491
215, 490
215, 489
215, 488
215, 487
215, 486
216, 485
216, 484
216, 483
216, 482
216, 481
217, 480
217, 479
217, 478
217, 477
217, 476
217, 475
217, 474
218, 473
218, 472
218, 471
218, 470
219, 469
219, 468
219, 467
219, 466
219, 465
219, 464
219, 463
220, 462
220, 461
220, 460
220, 459
220, 458
220, 457
221, 456
221, 455
221, 454
221, 453
221, 452
221, 451
221, 450
222, 449
222, 448
222, 447
223, 446
223, 445
223, 444
223, 443
223, 442
223, 441
223, 440
223, 439
224, 438
224, 437
224, 436
224, 435
224, 434
224, 433
224, 432
225, 431
225, 430
225, 429
225, 428
225, 427
226, 426
226, 425
226, 424
226, 423
226, 422
227, 421
227, 420
227, 419
227, 418
227, 417
227, 416
227, 415
228, 414
228, 413
228, 412
229, 411
229, 410
229, 409
229, 408
229, 407
229, 406
229, 405
229, 404
230, 403
230, 402
230, 401
231, 400
231, 399
231, 398
231, 397
232, 396
232, 395
232, 394
232, 393
232, 392
232, 391
232, 390
233, 389
233, 388
233, 387
233, 386
233, 385
233, 384
233, 383
233, 382
233, 381
233, 380
234, 379
234, 378
234, 377
234, 376
235, 375
235, 374
235, 373
235, 372
235, 371
235, 370
235, 369
236, 368
236, 367
236, 366
236, 365
236, 364
237, 363
237, 362
237, 361
237, 360
237, 359
237, 358
237, 357
238, 356
238, 355
238, 354
238, 353
239, 352
239, 351
239, 350
239, 349
239, 348
239, 347
239, 346
240, 345
240, 344
240, 343
240, 342
241, 341
241, 340
241, 339
241, 338
241, 337
241, 336
241, 335
241, 334
242, 333
242, 332
243, 331
243, 330
243, 329
243, 328
243, 327
243, 326
243, 325
243, 324
243, 323
244, 322
244, 321
244, 320
244, 319
245, 318
245, 317
245, 316
245, 315
245, 314
245, 313
245, 312
246, 311
246, 310
246, 309
246, 308
246, 307
247, 306
247, 305
247, 304
247, 303
247, 302
247, 301
247, 300
248, 299
248, 298
248, 297
249, 296
249, 295
249, 294
249, 293
249, 292
249, 291
249, 290
250, 289
250, 288
250, 287
250, 286
250, 285
251, 284
251, 283
251, 282
251, 281
251, 280
251, 279
252, 278
252, 277
252, 276
252, 275
252, 274
253, 273
253, 272
253, 271
253, 270
253, 269
253, 268
254, 267
254, 266
254, 265
254, 264
255, 263
255, 262
255, 261
255, 260
255, 259
255, 258
255, 257
256, 256
256, 255
256, 254
256, 253
256, 252
257, 251
257, 250
257, 249
257, 248
258, 247
258, 246
259, 245
259, 244
259, 243
260, 242
260, 241
260, 240
260, 239
260, 238
260, 237
260, 236
260, 235
260, 234
260, 233
260, 232
261, 231
261, 230
261, 229
261, 228
262, 227
263, 226
263, 225
264, 224
265, 223
266, 222
267, 221
267, 220
268, 220
269, 220
270, 219
271, 219
272, 219
273, 219
274, 220
275, 220
276, 221
277, 222
277, 223
278, 224
278, 225
278, 226
279, 227
279, 228
280, 229
280, 230
281, 231
281, 232
281, 233
281, 234
281, 235
280, 236
280, 237
280, 238
279, 239
279, 240
279, 241
278, 242
278, 243
278, 244
277, 245
277, 246
277, 247
277, 248
277, 249
277, 250
277, 251
277, 252
277, 253
277, 254
277, 255
277, 256
277, 257
277, 258
277, 259
277, 260
277, 261
276, 262
276, 263
276, 264
276, 265
276, 266
275, 267
275, 268
275, 269
275, 270
275, 271
275, 272
275, 273
274, 274
274, 275
274, 276
274, 277
274, 278
273, 279
273, 280
273, 281
273, 282
273, 283
273, 284
273, 285
272, 286
272, 287
272, 288
271, 289
271, 290
271, 291
271, 292
271, 293
271, 294
271, 295
270, 296
270, 297
270, 298
270, 299
270, 300
270, 301
269, 302
269, 303
269, 304
269, 305
269, 306
269, 307
268, 308
268, 309
268, 310
268, 311
267, 312
267, 313
267, 314
267, 315
267, 316
267, 317
267, 318
266, 319
266, 320
266, 321
266, 322
266, 323
265, 324
265, 325
265, 326
265, 327
265, 328
265, 329
264, 330
264, 331
264, 332
264, 333
263, 334
263, 335
263, 336
263, 337
263, 338
263, 339
263, 340
263, 341
262, 342
262, 343
262, 344
262, 345
261, 346
261, 347
261, 348
261, 349
261, 350
261, 351
261, 352
261, 353
260, 354
260, 355
260, 356
260, 357
260, 358
259, 359
259, 360
259, 361
259, 362
259, 363
259, 364
258, 365
258, 366
258, 367
258, 368
258, 369
257, 370
257, 371
257, 372
257, 373
257, 374
257, 375
257, 376
257, 377
256, 378
255, 379
255, 380
255, 381
255, 382
255, 383
255, 384
255, 385
255, 386
255, 387
254, 388
254, 389
254, 390
254, 391
254, 392
254, 393
253, 394
253, 395
253, 396
253, 397
253, 398
253, 399
253, 400
252, 401
252, 402
252, 403
251, 404
251, 405
251, 406
251, 407
251, 408
251, 409
251, 410
251, 411
251, 412
250, 413
250, 414
250, 415
250, 416
249, 417
249, 418
249, 419
249, 420
249, 421
249, 422
249, 423
248, 424
248, 425
248, 426
248, 427
248, 428
247, 429
247, 430
247, 431
247, 432
247, 433
247, 434
247, 435
247, 436
246, 437
246, 438
246, 439
246, 440
246, 441
246, 442
245, 443
245, 444
245, 445
245, 446
245, 447
244, 448
244, 449
244, 450
244, 451
244, 452
243, 453
243, 454
243, 455
243, 456
243, 457
243, 458
243, 459
242, 460
242, 461
242, 462
242, 463
242, 464
242, 465
241, 466
241, 467
241, 468
241, 469
241, 470
241, 471
240, 472
240, 473
240, 474
240, 475
240, 476
239, 477
239, 478
239, 479
239, 480
239, 481
239, 482
238, 483
238, 484
238, 485
237, 486
237, 487
237, 488
237, 489
237, 490
237, 491
237, 492
237, 493
237, 494
237, 495
236, 496
236, 497
236, 498
236, 499
236, 500
236, 501
236, 502
235, 503
235, 504
235, 505
235, 506
235, 507
234, 508
234, 509
234, 510
234, 511
234, 512
234, 513
234, 514
233, 515
233, 516
233, 517
233, 518
233, 519
233, 520
232, 521
232, 522
232, 523
232, 524
232, 525
232, 526
231, 527
231, 528
231, 529
231, 530
231, 531
231, 532
230, 533
230, 534
230, 535
230, 536
230, 537
229, 538
229, 539
229, 540
229, 541
229, 542
229, 543
229, 544
229, 545
228, 546
228, 547
228, 548
228, 549
228, 550
228, 551
227, 552
227, 553
227, 554
227, 555
227, 556
227, 557
226, 558
226, 559
226, 560
226, 561
226, 562
226, 563
225, 564
225, 565
225, 566
225, 567
225, 568
225, 569
225, 570
224, 571
224, 572
224, 573
224, 574
223, 575
223, 576
223, 577
223, 578
223, 579
223, 580
223, 581
222, 582
222, 583
222, 584
222, 585
222, 586
221, 587
221, 588
221, 589
221, 590
221, 591
221, 592
221, 593
220, 594
220, 595
220, 596
220, 597
220, 598
220, 599
220, 600
220, 601
219, 602
219, 603
219, 604
219, 605
218, 606
218, 607
218, 608
218, 609
218, 610
218, 611
218, 612
217, 613
217, 614
217, 615
217, 616
217, 617
217, 618
217, 619
216, 620
216, 621
216, 622
216, 623
216, 624
216, 625
215, 626
215, 627
215, 628
215, 629
215, 630
215, 631
215, 632
214, 633
214, 634
214, 635
214, 636
214, 637
214, 638
213, 639
213, 640
213, 641
213, 642
213, 643
212, 644
212, 645
212, 646
212, 647
212, 648
212, 649
211, 650
211, 651
211, 652
211, 653
211, 654
211, 655
210, 656
210, 657
210, 658
210, 659
210, 660
210, 661
209, 662
209, 663
209, 664
209, 665
209, 666
209, 667
209, 668
208, 669
208, 670
208, 671
208, 672
208, 673
207, 674
207, 675
207, 676
207, 677
207, 678
207, 679
207, 680
207, 681
206, 682
206, 683
206, 684
206, 685
205, 686
205, 687
205, 688
205, 689
205, 690
205, 691
205, 692
204, 693
204, 694
204, 695
204, 696
204, 697
203, 698
203, 699
203, 700
203, 701
203, 702
203, 703
203, 704
203, 705
202, 706
202, 707
202, 708
202, 709
202, 710
202, 711
201, 712
201, 713
201, 714
201, 715
201, 716
201, 717
201, 718
200, 719
200, 720
200, 721
200, 722
200, 723
200, 724
199, 725
199, 726
199, 727
199, 728
199, 729
199, 730
198, 731
198, 732
198, 733
198, 734
198, 735
198, 736
197, 737
197, 738
197, 739
197, 740
197, 741
197, 742
197, 743
196, 744
196, 745
196, 746
196, 747
196, 748
196, 749
196, 750
195, 751
195, 752
195, 753
195, 754
195, 755
195, 756
195, 757
195, 758
196, 759
197, 759
198, 759
199, 760
200, 760
201, 760
202, 761
203, 761
204, 762
205, 762
206, 763
207, 763
208, 764
209, 764
210, 765
211, 765
212, 766
213, 767
214, 767
215, 768
216, 769
217, 770
218, 771
219, 772
220, 773
220, 774
221, 775
222, 776
222, 777
222, 778
223, 779
223, 780
223, 781
223, 782
223, 783
223, 784
223, 785
223, 786
222, 787
222, 788
221, 789
220, 790
220, 791
219, 792
218, 793
217, 794
216, 795
215, 796
214, 797
213, 798
213, 799
213, 800
213, 801
212, 802
212, 803
212, 804
212, 805
212, 806
212, 807
212, 808
212, 809
212, 810
212, 811
212, 812
212, 813
212, 814
212, 815
212, 816
212, 817
211, 818
211, 819
211, 820
211, 821
210, 822
210, 823
210, 824
210, 825
210, 826
210, 827
210, 828
210, 829
210, 830
209, 831
209, 832
209, 833
209, 834
208, 835
208, 836
208, 837
208, 838
208, 839
208, 840
207, 841
207, 842
207, 843
207, 844
206, 845
206, 846
206, 847
206, 848
206, 849
206, 850
205, 851
205, 852
205, 853
205, 854
205, 855
204, 856
204, 857
204, 858
204, 859
204, 860
203, 861
203, 862
203, 863
203, 864
202, 865
202, 866
202, 867
202, 868
202, 869
202, 870
202, 871
201, 872
201, 873
201, 874
201, 875
200, 876
200, 877
200, 878
200, 879
200, 880
200, 881
199, 882
199, 883
199, 884
199, 885
199, 886
198, 887
198, 888
198, 889
198, 890
198, 891
198, 892
198, 893
198, 894
198, 895
198, 896
198, 897
198, 898
198, 899
198, 900
198, 901
198, 902
198, 903
198, 904
198, 905
198, 906
198, 907
198, 908
198, 909
198, 910
199, 911
199, 912
199, 913
199, 914
200, 915
200, 916
200, 917
200, 918
200, 919
200, 920
200, 921
201, 922
201, 923
201, 924
201, 925
202, 926
202, 927
202, 928
202, 929
202, 930
202, 931
203, 932
203, 933
203, 934
203, 935
204, 936
204, 937
204, 938
204, 939
204, 940
205, 941
205, 942
205, 943
205, 944
206, 945
206, 946
206, 947
206, 948
206, 949
206, 950
207, 951
207, 952
207, 953
208, 954
208, 955
208, 956
208, 957
208, 958
208, 959
209, 960
209, 961
209, 962
209, 963
210, 964
210, 965
210, 966
210, 967
210, 968
210, 969
210, 970
211, 971
211, 972
211, 973
212, 974
212, 975
212, 976
212, 977
212, 978
212, 979
212, 980
213, 981
213, 982
213, 983
213, 984
214, 985
214, 986
214, 987
214, 988
214, 989
214, 990
214, 991
214, 992
214, 993
214, 994
214, 995
214, 996
214, 997
214, 998
214, 999
214, 1000
214, 1001
214, 1002
214, 1003
214, 1004
214, 1005
214, 1006
214, 1007
213, 1008
213, 1009
213, 1010
213, 1011
213, 1012
213, 1013
212, 1014
212, 1015
212, 1016
212, 1017
212, 1018
212, 1019
212, 1020
212, 1021
212, 1022
211, 1023
211, 1024
211, 1025
211, 1026
211, 1027
210, 1028
210, 1029
210, 1030
210, 1031
210, 1032
210, 1033
210, 1034
209, 1035
209, 1036
209, 1037
209, 1038
209, 1039
209, 1040
208, 1041
208, 1042
208, 1043
208, 1044
208, 1045
208, 1046
208, 1047
208, 1048
207, 1049
207, 1050
207, 1051
207, 1052
206, 1053
206, 1054
206, 1055
206, 1056
206, 1057
206, 1058
206, 1059
206, 1060
206, 1061
205, 1062
205, 1063
205, 1064
205, 1065
205, 1066
205, 1067
204, 1068
204, 1069
204, 1070
204, 1071
204, 1072
204, 1073
203, 1074
203, 1075
203, 1076
203, 1077
202, 1078
202, 1079
202, 1080
202, 1081
202, 1082
202, 1083
201, 1084
201, 1085
201, 1086
200, 1087
200, 1088
200, 1089
200, 1090
200, 1091
200, 1092
199, 1093
199, 1094
198, 1095
198, 1096
198, 1097
198, 1098
197, 1099
197, 1100
196, 1101
196, 1102
195, 1103
195, 1104
194, 1105
194, 1106
193, 1107
192, 1108
192, 1109
191, 1110
190, 1111
189, 1112
189, 1113
188, 1114
187, 1115
186, 1116
186, 1117
185, 1118
184, 1119
183, 1120
182, 1121
182, 1122
182, 1123
182, 1124
183, 1125
183, 1126
184, 1127
184, 1128
183, 1129
183, 1130
183, 1131
182, 1132
182, 1133
182, 1134
182, 1135
181, 1136
181, 1137
181, 1138
181, 1139
180, 1140
180, 1141
180, 1142
180, 1143
179, 1144
179, 1145
179, 1146
179, 1147
178, 1148
178, 1149
178, 1150
177, 1151
177, 1152
176, 1153
176, 1154
175, 1155
175, 1156
174, 1157
173, 1158
172, 1159
171, 1160
170, 1161
169, 1161
168, 1162
167, 1163
166, 1163
165, 1163
164, 1164
163, 1164
162, 1164
161, 1164
160, 1165
159, 1165
158, 1165
157, 1164
156, 1164
155, 1164
154, 1164
153, 1164
152, 1164
151, 1164
150, 1163
149, 1163
148, 1163
147, 1163
146, 1164
145, 1164
144, 1163
143, 1163
142, 1163
141, 1163
140, 1163
139, 1163
138, 1163
137, 1163
136, 1163
135, 1163
134, 1163
133, 1163
132, 1163
131, 1162
130, 1162
129, 1162
128, 1162
127, 1162
126, 1161
125, 1161
124, 1161
123, 1161
122, 1161
121, 1161
120, 1161
119, 1160
118, 1160
117, 1159
116, 1159
115, 1159
114, 1159
113, 1159
112, 1158
111, 1158
110, 1158
109, 1157
108, 1157
107, 1157
106, 1157
105, 1156
104, 1156
103, 1156
102, 1155
101, 1155
100, 1154
99, 1154
98, 1154
97, 1154
96, 1154
95, 1154
94, 1154
93, 1154
92, 1154
91, 1154
90, 1154
89, 1154
88, 1154
87, 1153
86, 1153
85, 1153
84, 1153
83, 1152
82, 1152
81, 1151
80, 1150
79, 1149
78, 1148
77, 1147
76, 1146
75, 1145
75, 1144
74, 1143
74, 1142
74, 1141
73, 1140
73, 1139
73, 1138
73, 1137
73, 1136
73, 1135
72, 1134
72, 1133
72, 1132
72, 1131
72, 1130
72, 1129
72, 1128
72, 1127
72, 1126
73, 1125
73, 1124
73, 1123
73, 1122
73, 1121
73, 1120
73, 1119
73, 1118
73, 1117
73, 1116
73, 1115
73, 1114
73, 1113
73, 1112
73, 1111
73, 1110
74, 1109
74, 1108
74, 1107
74, 1106
74, 1105
74, 1104
73, 1103
73, 1102
72, 1101
72, 1100
71, 1099
71, 1098
70, 1097
70, 1096
70, 1095
69, 1094
69, 1093
69, 1092
69, 1091
68, 1090
68, 1089
68, 1088
68, 1087
68, 1086
67, 1085
67, 1084
67, 1083
67, 1082
67, 1081
67, 1080
67, 1079
67, 1078
67, 1077
67, 1076
67, 1075
67, 1074
67, 1073
67, 1072
67, 1071
67, 1070
