94, 1183
94, 1182
94, 1181
94, 1180
94, 1179
94, 1178
94, 1177
94, 1176
94, 1175
94, 1174
95, 1173
95, 1172
95, 1171
95, 1170
95, 1169
95, 1168
95, 1167
95, 1166
95, 1165
95, 1164
95, 1163
95, 1162
95, 1161
95, 1160
95, 1159
95, 1158
95, 1157
96, 1156
96, 1155
96, 1154
96, 1153
96, 1152
96, 1151
96, 1150
96, 1149
96, 1148
96, 1147
96, 1146
96, 1145
96, 1144
96, 1143
96, 1142
96, 1141
96, 1140
96, 1139
96, 1138
96, 1137
96, 1136
96, 1135
96, 1134
96, 1133
96, 1132
96, 1131
96, 1130
96, 1129
96, 1128
96, 1127
96, 1126
96, 1125
96, 1124
96, 1123
96, 1122
96, 1121
96, 1120
96, 1119
96, 1118
96, 1117
96, 1116
96, 1115
96, 1114
96, 1113
96, 1112
96, 1111
96, 1110
96, 1109
96, 1108
96, 1107
96, 1106
97, 1105
97, 1104
97, 1103
97, 1102
97, 1101
97, 1100
97, 1099
97, 1098
97, 1097
97, 1096
97, 1095
97, 1094
98, 1093
98, 1092
98, 1091
98, 1090
98, 1089
97, 1088
97, 1087
98, 1086
98, 1085
98, 1084
98, 1083
98, 1082
98, 1081
98, 1080
98, 1079
98, 1078
98, 1077
98, 1076
98, 1075
98, 1074
98, 1073
98, 1072
98, 1071
99, 1070
99, 1069
99, 1068
99, 1067
99, 1066
99, 1065
99, 1064
99, 1063
99, 1062
99, 1061
99, 1060
99, 1059
99, 1058
99, 1057
100, 1056
100, 1055
100, 1054
100, 1053
100, 1052
100, 1051
100, 1050
100, 1049
100, 1048
100, 1047
100, 1046
100, 1045
100, 1044
100, 1043
100, 1042
100, 1041
100, 1040
100, 1039
100, 1038
100, 1037
100, 1036
100, 1035
101, 1034
101, 1033
101, 1032
101, 1031
101, 1030
101, 1029
101, 1028
101, 1027
101, 1026
101, 1025
102, 1024
102, 1023
102, 1022
102, 1021
102, 1020
102, 1019
102, 1018
102, 1017
102, 1016
102, 1015
102, 1014
102, 1013
102, 1012
102, 1011
102, 1010
102, 1009
103, 1008
103, 1007
103, 1006
103, 1005
103, 1004
103, 1003
103, 1002
103, 1001
103, 1000
104, 999
104, 998
104, 997
104, 996
104, 995
104, 994
104, 993
104, 992
104, 991
104, 990
104, 989
104, 988
104, 987
104, 986
104, 985
104, 984
104, 983
104, 982
104, 981
104, 980
104, 979
104, 978
104, 977
104, 976
104, 975
104, 974
103, 973
103, 972
102, 971
102, 970
101, 969
101, 968
100, 967
99, 966
98, 965
98, 964
97, 963
97, 962
97, 961
97, 960
97, 959
97, 958
97, 957
97, 956
98, 955
99, 954
100, 953
101, 953
102, 953
103, 952
104, 952
105, 951
106, 951
107, 951
108, 951
109, 951
110, 951
111, 950
112, 950
113, 950
114, 950
115, 949
116, 949
117, 948
118, 947
118, 946
118, 945
118, 944
118, 943
118, 942
118, 941
118, 940
118, 939
118, 938
118, 937
118, 936
118, 935
118, 934
118, 933
118, 932
118, 931
118, 930
118, 929
118, 928
118, 927
118, 926
118, 925
118, 924
118, 923
118, 922
118, 921
118, 920
118, 919
118, 918
118, 917
118, 916
118, 915
118, 914
118, 913
118, 912
118, 911
118, 910
118, 909
118, 908
118, 907
119, 906
119, 905
119, 904
118, 903
118, 902
118, 901
119, 900
119, 899
119, 898
118, 897
118, 896
119, 895
119, 894
119, 893
119, 892
119, 891
119, 890
119, 889
119, 888
119, 887
119, 886
119, 885
119, 884
119, 883
119, 882
119, 881
119, 880
119, 879
119, 878
119, 877
119, 876
119, 875
119, 874
119, 873
119, 872
119, 871
119, 870
119, 869
119, 868
119, 867
119, 866
119, 865
119, 864
119, 863
119, 862
119, 861
119, 860
119, 859
119, 858
119, 857
119, 856
119, 855
119, 854
119, 853
119, 852
119, 851
119, 850
119, 849
119, 848
119, 847
119, 846
119, 845
119, 844
119, 843
119, 842
119, 841
119, 840
119, 839
119, 838
119, 837
119, 836
119, 835
119, 834
119, 833
119, 832
119, 831
120, 830
120, 829
120, 828
120, 827
120, 826
120, 825
120, 824
120, 823
120, 822
120, 821
120, 820
120, 819
120, 818
120, 817
120, 816
120, 815
120, 814
120, 813
120, 812
120, 811
120, 810
120, 809
120, 808
120, 807
120, 806
120, 805
120, 804
120, 803
120, 802
120, 801
120, 800
120, 799
120, 798
120, 797
120, 796
120, 795
120, 794
120, 793
120, 792
120, 791
120, 790
120, 789
121, 788
121, 787
121, 786
120, 785
120, 784
120, 783
120, 782
120, 781
120, 780
120, 779
120, 778
120, 777
120, 776
120, 775
120, 774
120, 773
120, 772
120, 771
120, 770
120, 769
121, 768
121, 767
121, 766
121, 765
120, 764
121, 763
121, 762
121, 761
121, 760
121, 759
121, 758
121, 757
121, 756
121, 755
121, 754
121, 753
121, 752
121, 751
121, 750
121, 749
121, 748
121, 747
121, 746
121, 745
121, 744
121, 743
121, 742
121, 741
121, 740
121, 739
121, 738
121, 737
121, 736
121, 735
121, 734
121, 733
121, 732
121, 731
121, 730
121, 729
121, 728
121, 727
121, 726
121, 725
121, 724
121, 723
121, 722
121, 721
121, 720
121, 719
121, 718
121, 717
121, 716
121, 715
121, 714
121, 713
121, 712
121, 711
121, 710
121, 709
121, 708
121, 707
121, 706
121, 705
121, 704
121, 703
121, 702
121, 701
121, 700
121, 699
121, 698
121, 697
121, 696
121, 695
121, 694
121, 693
121, 692
121, 691
121, 690
121, 689
121, 688
121, 687
121, 686
121, 685
121, 684
121, 683
121, 682
121, 681
121, 680
121, 679
121, 678
121, 677
121, 676
121, 675
121, 674
121, 673
121, 672
121, 671
121, 670
121, 669
121, 668
120, 667
120, 666
120, 665
120, 664
120, 663
120, 662
120, 661
120, 660
120, 659
120, 658
120, 657
120, 656
120, 655
120, 654
120, 653
121, 652
121, 651
122, 652
123, 652
124, 652
125, 652
126, 653
127, 653
127, 654
127, 655
127, 656
127, 657
128, 658
129, 659
129, 660
129, 661
129, 662
129, 663
129, 664
129, 665
129, 666
129, 667
129, 668
129, 669
129, 670
129, 671
129, 672
129, 673
129, 674
129, 675
129, 676
129, 677
129, 678
129, 679
129, 680
129, 681
129, 682
129, 683
129, 684
129, 685
129, 686
129, 687
129, 688
129, 689
129, 690
129, 691
129, 692
129, 693
129, 694
129, 695
129, 696
129, 697
129, 698
129, 699
129, 700
129, 701
129, 702
129, 703
129, 704
129, 705
129, 706
129, 707
129, 708
129, 709
129, 710
129, 711
129, 712
129, 713
129, 714
129, 715
129, 716
129, 717
129, 718
129, 719
129, 720
129, 721
129, 722
129, 723
129, 724
129, 725
129, 726
129, 727
129, 728
129, 729
129, 730
129, 731
129, 732
129, 733
129, 734
129, 735
129, 736
129, 737
129, 738
129, 739
129, 740
129, 741
129, 742
129, 743
129, 744
129, 745
129, 746
129, 747
129, 748
129, 749
129, 750
128, 751
128, 752
128, 753
129, 754
129, 755
129, 756
129, 757
129, 758
129, 759
129, 760
129, 761
129, 762
129, 763
129, 764
128, 765
128, 766
128, 767
128, 768
128, 769
128, 770
128, 771
128, 772
128, 773
128, 774
128, 775
128, 776
128, 777
128, 778
128, 779
128, 780
128, 781
128, 782
128, 783
128, 784
128, 785
128, 786
128, 787
128, 788
128, 789
128, 790
128, 791
128, 792
128, 793
128, 794
128, 795
128, 796
128, 797
128, 798
128, 799
128, 800
128, 801
128, 802
128, 803
128, 804
128, 805
128, 806
128, 807
128, 808
128, 809
128, 810
128, 811
128, 812
128, 813
128, 814
128, 815
128, 816
128, 817
128, 818
128, 819
128, 820
128, 821
128, 822
128, 823
128, 824
128, 825
128, 826
128, 827
128, 828
128, 829
128, 830
128, 831
128, 832
128, 833
128, 834
128, 835
128, 836
128, 837
128, 838
127, 839
127, 840
127, 841
128, 842
128, 843
127, 844
127, 845
127, 846
127, 847
127, 848
127, 849
127, 850
127, 851
127, 852
127, 853
127, 854
127, 855
127, 856
127, 857
127, 858
127, 859
127, 860
127, 861
127, 862
127, 863
127, 864
127, 865
127, 866
127, 867
127, 868
127, 869
127, 870
127, 871
127, 872
127, 873
127, 874
127, 875
127, 876
127, 877
127, 878
127, 879
127, 880
127, 881
127, 882
127, 883
127, 884
127, 885
127, 886
127, 887
127, 888
127, 889
127, 890
127, 891
127, 892
127, 893
127, 894
127, 895
127, 896
127, 897
127, 898
127, 899
127, 900
127, 901
127, 902
127, 903
127, 904
127, 905
127, 906
127, 907
127, 908
127, 909
127, 910
127, 911
127, 912
127, 913
127, 914
127, 915
127, 916
127, 917
127, 918
127, 919
127, 920
127, 921
127, 922
127, 923
127, 924
127, 925
127, 926
127, 927
127, 928
127, 929
127, 930
127, 931
127, 932
127, 933
127, 934
127, 935
127, 936
127, 937
127, 938
127, 939
127, 940
127, 941
127, 942
127, 943
127, 944
127, 945
127, 946
127, 947
128, 948
129, 948
130, 948
131, 949
132, 949
133, 949
134, 949
135, 950
136, 950
137, 951
138, 951
139, 952
140, 952
141, 953
142, 953
143, 954
143, 955
144, 956
144, 957
145, 958
145, 959
146, 960
146, 961
146, 962
146, 963
146, 964
146, 965
146, 966
145, 967
144, 968
143, 969
142, 970
142, 971
141, 972
141, 973
141, 974
141, 975
141, 976
140, 977
140, 978
140, 979
140, 980
140, 981
140, 982
140, 983
140, 984
140, 985
140, 986
141, 987
141, 988
141, 989
141, 990
141, 991
141, 992
141, 993
141, 994
141, 995
141, 996
141, 997
141, 998
141, 999
141, 1000
141, 1001
141, 1002
142, 1003
142, 1004
142, 1005
142, 1006
142, 1007
142, 1008
142, 1009
142, 1010
142, 1011
142, 1012
142, 1013
142, 1014
143, 1015
143, 1016
143, 1017
143, 1018
143, 1019
143, 1020
143, 1021
143, 1022
143, 1023
143, 1024
143, 1025
143, 1026
143, 1027
143, 1028
143, 1029
143, 1030
143, 1031
143, 1032
143, 1033
144, 1034
144, 1035
144, 1036
144, 1037
144, 1038
144, 1039
144, 1040
144, 1041
144, 1042
144, 1043
144, 1044
144, 1045
144, 1046
144, 1047
145, 1048
145, 1049
145, 1050
145, 1051
145, 1052
145, 1053
145, 1054
145, 1055
145, 1056
145, 1057
145, 1058
145, 1059
145, 1060
145, 1061
145, 1062
145, 1063
145, 1064
145, 1065
145, 1066
145, 1067
145, 1068
145, 1069
145, 1070
145, 1071
145, 1072
145, 1073
145, 1074
145, 1075
145, 1076
145, 1077
145, 1078
145, 1079
145, 1080
145, 1081
146, 1082
146, 1083
146, 1084
146, 1085
146, 1086
146, 1087
146, 1088
146, 1089
146, 1090
146, 1091
146, 1092
146, 1093
146, 1094
146, 1095
146, 1096
146, 1097
146, 1098
146, 1099
146, 1100
146, 1101
146, 1102
146, 1103
146, 1104
146, 1105
146, 1106
146, 1107
147, 1108
147, 1109
147, 1110
147, 1111
147, 1112
147, 1113
147, 1114
147, 1115
147, 1116
147, 1117
147, 1118
147, 1119
147, 1120
147, 1121
147, 1122
147, 1123
147, 1124
147, 1125
147, 1126
147, 1127
147, 1128
147, 1129
147, 1130
147, 1131
147, 1132
147, 1133
147, 1134
147, 1135
147, 1136
147, 1137
147, 1138
147, 1139
147, 1140
147, 1141
147, 1142
147, 1143
147, 1144
147, 1145
147, 1146
147, 1147
147, 1148
147, 1149
147, 1150
147, 1151
147, 1152
147, 1153
147, 1154
147, 1155
147, 1156
147, 1157
147, 1158
147, 1159
147, 1160
147, 1161
147, 1162
147, 1163
147, 1164
147, 1165
147, 1166
147, 1167
147, 1168
147, 1169
147, 1170
147, 1171
147, 1172
147, 1173
147, 1174
147, 1175
147, 1176
147, 1177
147, 1178
147, 1179
147, 1180
147, 1181
147, 1182
147, 1183
147, 1184
147, 1185
147, 1186
147, 1187
147, 1188
147, 1189
146, 1190
146, 1191
146, 1192
146, 1193
145, 1194
145, 1195
145, 1196
144, 1197
144, 1198
143, 1199
143, 1200
142, 1201
141, 1202
140, 1203
139, 1204
138, 1205
137, 1205
136, 1206
135, 1207
134, 1208
133, 1208
132, 1209
131, 1209
130, 1210
129, 1210
128, 1210
127, 1211
126, 1211
125, 1211
124, 1211
123, 1211
122, 1211
121, 1211
120, 1210
119, 1210
118, 1210
117, 1210
116, 1210
115, 1210
114, 1210
113, 1210
112, 1210
111, 1209
110, 1209
109, 1209
108, 1208
107, 1208
106, 1207
105, 1207
104, 1206
103, 1206
102, 1205
101, 1204
100, 1204
99, 1203
98, 1202
98, 1201
97, 1200
96, 1200
96, 1199
95, 1198
94, 1197
94, 1196
94, 1195
94, 1194
94, 1193
93, 1192
93, 1191
93, 1190
93, 1189
93, 1188
93, 1187
93, 1186
93, 1185
93, 1184
