130, 1094
130, 1093
130, 1092
130, 1091
130, 1090
130, 1089
130, 1088
130, 1087
130, 1086
130, 1085
130, 1084
130, 1083
130, 1082
130, 1081
130, 1080
130, 1079
130, 1078
130, 1077
130, 1076
130, 1075
130, 1074
130, 1073
130, 1072
130, 1071
130, 1070
130, 1069
130, 1068
130, 1067
131, 1066
131, 1065
131, 1064
131, 1063
131, 1062
131, 1061
131, 1060
131, 1059
132, 1058
132, 1057
132, 1056
132, 1055
132, 1054
132, 1053
132, 1052
132, 1051
132, 1050
132, 1049
132, 1048
132, 1047
132, 1046
132, 1045
132, 1044
132, 1043
132, 1042
132, 1041
132, 1040
132, 1039
132, 1038
132, 1037
132, 1036
133, 1035
133, 1034
133, 1033
133, 1032
133, 1031
133, 1030
133, 1029
133, 1028
133, 1027
133, 1026
133, 1025
133, 1024
133, 1023
133, 1022
133, 1021
133, 1020
133, 1019
133, 1018
133, 1017
133, 1016
133, 1015
133, 1014
133, 1013
133, 1012
133, 1011
133, 1010
133, 1009
133, 1008
133, 1007
133, 1006
133, 1005
133, 1004
133, 1003
134, 1002
134, 1001
134, 1000
134, 999
134, 998
134, 997
134, 996
134, 995
134, 994
134, 993
134, 992
134, 991
135, 990
135, 989
136, 988
136, 987
136, 986
136, 985
136, 984
137, 983
138, 982
138, 981
138, 980
139, 979
139, 978
140, 977
140, 976
140, 975
141, 974
141, 973
142, 972
142, 971
142, 970
142, 969
143, 968
143, 967
144, 966
144, 965
144, 964
144, 963
144, 962
144, 961
144, 960
145, 959
145, 958
145, 957
145, 956
145, 955
145, 954
146, 953
146, 952
146, 951
146, 950
146, 949
146, 948
146, 947
146, 946
146, 945
146, 944
146, 943
146, 942
146, 941
146, 940
146, 939
146, 938
146, 937
146, 936
146, 935
146, 934
146, 933
147, 932
147, 931
147, 930
147, 929
147, 928
147, 927
147, 926
147, 925
147, 924
147, 923
147, 922
148, 921
148, 920
148, 919
148, 918
148, 917
148, 916
148, 915
148, 914
148, 913
148, 912
148, 911
148, 910
148, 909
148, 908
148, 907
148, 906
148, 905
148, 904
148, 903
148, 902
148, 901
148, 900
148, 899
148, 898
149, 897
149, 896
149, 895
149, 894
149, 893
149, 892
149, 891
149, 890
149, 889
149, 888
149, 887
149, 886
149, 885
149, 884
149, 883
149, 882
149, 881
149, 880
149, 879
149, 878
149, 877
149, 876
149, 875
148, 874
148, 873
148, 872
148, 871
147, 870
147, 869
147, 868
147, 867
147, 866
147, 865
147, 864
148, 863
148, 862
148, 863
148, 864
149, 865
149, 866
150, 867
151, 867
151, 868
151, 869
152, 870
153, 870
154, 871
155, 871
155, 872
156, 873
157, 873
157, 874
157, 875
158, 876
158, 877
159, 878
160, 878
161, 878
162, 877
162, 876
162, 875
161, 874
161, 873
160, 872
159, 872
159, 871
160, 871
161, 871
162, 870
162, 869
162, 868
161, 867
160, 867
159, 867
158, 868
158, 869
157, 869
157, 868
156, 867
155, 867
154, 866
153, 866
153, 865
153, 864
153, 863
154, 862
154, 861
154, 860
153, 859
152, 859
153, 859
154, 858
155, 857
156, 857
157, 857
158, 856
159, 856
160, 856
161, 855
162, 855
163, 855
164, 855
165, 855
166, 855
167, 855
168, 855
169, 855
170, 854
171, 854
172, 854
173, 854
174, 854
175, 854
176, 853
176, 852
176, 851
175, 850
175, 849
175, 848
175, 847
175, 846
175, 845
175, 844
175, 843
175, 842
175, 841
175, 840
175, 839
176, 838
176, 837
176, 836
175, 835
175, 834
175, 833
175, 832
175, 831
175, 830
175, 829
175, 828
176, 827
176, 826
176, 825
176, 824
176, 823
176, 822
176, 821
176, 820
177, 819
177, 818
177, 817
177, 816
177, 815
177, 814
177, 813
177, 812
177, 811
177, 810
177, 809
177, 808
177, 807
177, 806
177, 805
178, 804
178, 803
178, 802
178, 801
178, 800
178, 799
178, 798
178, 797
178, 796
178, 795
178, 794
178, 793
179, 792
179, 791
179, 790
179, 789
179, 788
179, 787
179, 786
179, 785
179, 784
179, 783
179, 782
179, 781
179, 780
179, 779
179, 778
179, 777
179, 776
179, 775
180, 774
180, 773
180, 772
180, 771
180, 770
180, 769
180, 768
180, 767
180, 766
180, 765
180, 764
180, 763
181, 762
181, 761
181, 760
181, 759
181, 758
181, 757
181, 756
181, 755
181, 754
181, 753
181, 752
181, 751
181, 750
181, 749
181, 748
181, 747
181, 746
181, 745
181, 744
181, 743
181, 742
182, 741
182, 740
182, 739
182, 738
182, 737
182, 736
182, 735
182, 734
182, 733
182, 732
182, 731
182, 730
182, 729
182, 728
183, 727
183, 726
183, 725
183, 724
183, 723
183, 722
183, 721
183, 720
183, 719
183, 718
183, 717
183, 716
183, 715
183, 714
183, 713
183, 712
183, 711
183, 710
183, 709
183, 708
183, 707
183, 706
183, 705
184, 704
184, 703
184, 702
184, 701
184, 700
184, 699
184, 698
184, 697
184, 696
184, 695
184, 694
184, 693
185, 692
185, 691
185, 690
185, 689
185, 688
185, 687
185, 686
185, 685
185, 684
185, 683
185, 682
185, 681
185, 680
185, 679
185, 678
185, 677
185, 676
185, 675
185, 674
185, 673
185, 672
185, 671
185, 670
185, 669
185, 668
185, 667
185, 666
185, 665
185, 664
185, 663
185, 662
186, 661
186, 660
186, 659
186, 658
186, 657
186, 656
186, 655
186, 654
186, 653
186, 652
187, 651
187, 650
187, 649
187, 648
187, 647
187, 646
187, 645
187, 644
187, 643
187, 642
187, 641
187, 640
187, 639
187, 638
186, 637
187, 636
187, 635
187, 634
187, 633
187, 632
187, 631
187, 630
187, 629
187, 628
187, 627
187, 626
187, 625
188, 624
188, 623
188, 622
189, 621
189, 620
189, 619
189, 618
189, 617
189, 616
190, 615
190, 614
190, 613
190, 612
190, 611
190, 610
191, 609
191, 608
191, 607
191, 606
191, 605
191, 604
191, 603
190, 602
190, 601
190, 600
189, 599
188, 598
188, 597
188, 596
188, 595
187, 594
187, 593
187, 592
187, 591
187, 590
188, 589
188, 588
188, 587
189, 586
189, 585
189, 584
190, 583
190, 582
190, 581
190, 580
191, 579
192, 578
193, 577
194, 577
195, 576
196, 575
196, 574
196, 573
196, 572
197, 571
197, 570
197, 569
197, 568
197, 567
197, 566
197, 565
197, 564
197, 563
198, 562
198, 561
198, 560
198, 559
198, 558
198, 559
198, 560
198, 561
198, 562
198, 563
197, 564
197, 565
197, 566
197, 567
197, 568
197, 569
197, 570
197, 571
198, 572
199, 573
199, 574
199, 575
199, 576
199, 577
199, 578
200, 579
200, 580
200, 581
200, 582
200, 583
200, 584
200, 585
200, 586
200, 587
200, 588
200, 589
200, 590
199, 591
199, 592
198, 593
197, 594
197, 595
197, 596
197, 597
197, 598
197, 599
197, 600
197, 601
197, 602
197, 603
197, 604
197, 605
197, 606
197, 607
197, 608
197, 609
197, 610
197, 611
197, 612
197, 613
197, 614
197, 615
197, 616
197, 617
197, 618
197, 619
197, 620
197, 621
197, 622
196, 623
196, 624
196, 625
196, 626
196, 627
195, 628
195, 629
195, 630
195, 631
195, 632
195, 633
195, 634
195, 635
195, 636
195, 637
195, 638
195, 639
195, 640
195, 641
195, 642
195, 643
195, 644
195, 645
195, 646
195, 647
195, 648
195, 649
195, 650
195, 651
195, 652
195, 653
195, 654
195, 655
195, 656
195, 657
195, 658
195, 659
194, 660
194, 661
194, 662
194, 663
194, 664
194, 665
194, 666
194, 667
194, 668
193, 669
193, 670
193, 671
193, 672
193, 673
193, 674
193, 675
193, 676
193, 677
193, 678
193, 679
193, 680
193, 681
193, 682
193, 683
193, 684
193, 685
193, 686
193, 687
193, 688
193, 689
193, 690
193, 691
193, 692
193, 693
193, 694
193, 695
193, 696
193, 697
193, 698
193, 699
193, 700
192, 701
192, 702
192, 703
192, 704
191, 705
191, 706
191, 707
191, 708
191, 709
191, 710
191, 711
191, 712
191, 713
191, 714
191, 715
191, 716
191, 717
191, 718
191, 719
191, 720
191, 721
191, 722
191, 723
191, 724
191, 725
191, 726
191, 727
191, 728
191, 729
191, 730
191, 731
191, 732
191, 733
191, 734
191, 735
191, 736
191, 737
190, 738
190, 739
190, 740
190, 741
190, 742
190, 743
190, 744
190, 745
189, 746
189, 747
189, 748
189, 749
189, 750
189, 751
189, 752
189, 753
189, 754
189, 755
189, 756
189, 757
189, 758
189, 759
189, 760
189, 761
189, 762
189, 763
189, 764
189, 765
189, 766
189, 767
189, 768
189, 769
189, 770
189, 771
189, 772
189, 773
189, 774
189, 775
189, 776
189, 777
188, 778
188, 779
188, 780
188, 781
188, 782
187, 783
187, 784
187, 785
187, 786
187, 787
187, 788
187, 789
187, 790
187, 791
187, 792
187, 793
187, 794
187, 795
187, 796
187, 797
187, 798
187, 799
187, 800
187, 801
187, 802
187, 803
187, 804
187, 805
187, 806
187, 807
187, 808
187, 809
187, 810
187, 811
186, 812
186, 813
186, 814
186, 815
186, 816
186, 817
186, 818
186, 819
185, 820
185, 821
185, 822
185, 823
185, 824
185, 825
185, 826
185, 827
185, 828
185, 829
185, 830
185, 831
185, 832
185, 833
185, 834
185, 835
185, 836
185, 837
185, 838
185, 839
185, 840
185, 841
185, 842
185, 843
185, 844
185, 845
184, 846
184, 847
184, 848
183, 849
183, 850
183, 851
183, 852
183, 853
183, 854
184, 855
185, 856
186, 856
187, 856
188, 856
189, 857
190, 857
191, 857
192, 857
193, 858
194, 858
195, 858
196, 859
197, 859
198, 860
199, 861
200, 861
201, 862
202, 863
203, 863
203, 864
204, 865
205, 866
205, 867
205, 868
205, 869
204, 870
204, 871
204, 872
203, 873
202, 874
202, 875
201, 876
200, 877
200, 878
199, 879
199, 880
199, 881
200, 882
200, 883
200, 884
200, 885
200, 886
200, 887
200, 888
199, 889
199, 890
199, 891
199, 892
199, 893
198, 894
198, 895
198, 896
198, 897
198, 898
198, 899
198, 900
198, 901
198, 902
198, 903
198, 904
198, 905
198, 906
198, 907
198, 908
197, 909
197, 910
197, 911
196, 912
196, 913
196, 914
195, 915
194, 916
193, 917
193, 918
193, 919
193, 920
194, 921
194, 922
194, 923
194, 924
193, 925
193, 926
193, 927
193, 928
193, 929
194, 930
195, 930
196, 930
197, 930
197, 931
198, 932
199, 933
200, 934
201, 934
201, 935
201, 936
201, 937
201, 938
201, 939
200, 939
199, 940
199, 941
199, 942
199, 943
199, 944
199, 945
199, 946
199, 947
199, 948
199, 949
199, 950
199, 951
199, 950
199, 949
198, 948
197, 947
196, 946
195, 946
194, 946
193, 947
193, 948
193, 949
193, 950
193, 951
193, 952
194, 953
194, 954
194, 955
194, 956
194, 957
194, 958
194, 959
194, 960
194, 961
194, 962
194, 963
194, 964
194, 965
194, 966
194, 967
194, 968
194, 969
194, 970
194, 971
194, 972
194, 973
194, 974
194, 975
195, 976
195, 977
195, 978
196, 979
196, 980
196, 981
196, 982
197, 983
197, 984
197, 985
197, 986
197, 987
197, 988
198, 989
198, 990
198, 991
198, 992
198, 993
199, 994
199, 995
199, 996
200, 997
200, 998
200, 999
199, 1000
199, 1001
199, 1002
200, 1003
200, 1004
200, 1005
200, 1006
201, 1007
202, 1007
202, 1008
202, 1009
202, 1010
202, 1011
202, 1012
202, 1013
202, 1014
202, 1015
201, 1015
200, 1016
200, 1017
200, 1018
201, 1019
202, 1019
202, 1020
201, 1020
200, 1021
200, 1022
200, 1023
201, 1024
202, 1025
202, 1026
202, 1027
202, 1028
201, 1029
201, 1030
201, 1031
201, 1032
200, 1033
200, 1034
200, 1035
200, 1036
200, 1037
200, 1038
200, 1039
200, 1040
200, 1041
200, 1042
200, 1043
200, 1044
200, 1045
200, 1046
200, 1047
200, 1048
200, 1049
200, 1050
199, 1050
198, 1051
198, 1052
198, 1053
199, 1054
200, 1054
200, 1055
200, 1056
200, 1057
200, 1058
200, 1059
199, 1060
199, 1061
199, 1062
199, 1063
199, 1064
199, 1065
199, 1066
199, 1067
199, 1068
198, 1069
198, 1070
198, 1071
198, 1072
198, 1073
198, 1074
198, 1075
198, 1076
198, 1077
198, 1078
198, 1079
198, 1080
198, 1081
198, 1082
198, 1083
198, 1084
198, 1085
198, 1086
198, 1087
198, 1088
197, 1089
197, 1090
197, 1091
197, 1092
197, 1093
197, 1094
197, 1095
197, 1096
197, 1097
197, 1098
197, 1099
197, 1100
196, 1101
196, 1102
196, 1103
196, 1104
196, 1105
196, 1106
196, 1107
196, 1108
196, 1109
195, 1110
195, 1111
195, 1112
195, 1113
195, 1114
195, 1115
195, 1116
194, 1117
194, 1118
194, 1119
194, 1120
194, 1121
193, 1122
193, 1123
193, 1124
192, 1125
192, 1126
192, 1127
191, 1128
191, 1129
191, 1130
190, 1131
190, 1132
190, 1133
190, 1134
190, 1135
189, 1136
189, 1137
189, 1138
189, 1139
188, 1140
188, 1141
188, 1142
188, 1143
187, 1144
187, 1145
187, 1146
187, 1147
187, 1148
186, 1149
186, 1150
186, 1151
186, 1152
185, 1153
185, 1154
185, 1155
184, 1156
184, 1157
184, 1158
184, 1159
183, 1160
183, 1161
182, 1162
182, 1163
181, 1164
180, 1165
179, 1166
178, 1166
177, 1167
176, 1167
175, 1168
174, 1168
173, 1168
172, 1169
171, 1169
170, 1169
169, 1169
168, 1169
167, 1169
166, 1169
165, 1169
164, 1169
163, 1169
162, 1169
161, 1169
160, 1169
159, 1169
158, 1169
157, 1170
156, 1170
155, 1170
154, 1170
153, 1169
152, 1169
151, 1169
150, 1169
149, 1169
148, 1169
147, 1168
146, 1168
145, 1168
144, 1167
143, 1167
142, 1167
141, 1166
140, 1165
139, 1165
138, 1164
137, 1163
136, 1162
135, 1161
135, 1160
134, 1159
134, 1158
134, 1157
134, 1156
134, 1155
133, 1154
133, 1153
133, 1152
132, 1151
132, 1150
132, 1149
132, 1148
132, 1147
132, 1146
132, 1145
132, 1144
132, 1143
132, 1142
131, 1141
131, 1140
131, 1139
131, 1138
131, 1137
131, 1136
131, 1135
130, 1134
130, 1133
130, 1132
130, 1131
130, 1130
130, 1129
130, 1128
130, 1127
130, 1126
130, 1125
131, 1124
131, 1123
131, 1122
131, 1121
131, 1120
131, 1119
130, 1118
130, 1117
130, 1116
130, 1115
130, 1114
130, 1113
130, 1112
130, 1111
130, 1110
130, 1109
130, 1108
130, 1107
130, 1106
130, 1105
130, 1104
129, 1103
129, 1102
130, 1101
130, 1100
130, 1099
129, 1098
129, 1097
129, 1096
129, 1095
