85, 392
85, 391
85, 390
86, 389
86, 388
86, 387
86, 386
87, 385
87, 384
87, 383
87, 382
88, 381
88, 380
88, 379
88, 378
88, 377
88, 376
89, 375
89, 374
89, 373
89, 372
90, 371
90, 370
90, 369
90, 368
91, 367
91, 366
91, 365
92, 364
92, 363
92, 362
92, 361
92, 360
92, 359
93, 358
93, 357
93, 356
93, 355
94, 354
94, 353
94, 352
94, 351
94, 350
95, 349
95, 348
95, 347
96, 346
96, 345
96, 344
96, 343
96, 342
97, 341
97, 340
98, 339
98, 338
98, 337
98, 336
98, 335
98, 334
98, 333
98, 332
99, 331
99, 330
100, 329
100, 328
100, 327
100, 326
101, 325
101, 324
101, 323
101, 322
102, 321
102, 320
102, 319
102, 318
102, 317
103, 316
103, 315
103, 314
104, 313
104, 312
104, 311
104, 310
105, 309
105, 308
105, 307
105, 306
106, 305
106, 304
106, 303
106, 302
106, 301
107, 300
107, 299
107, 298
107, 297
108, 296
108, 295
108, 294
108, 293
108, 292
108, 291
109, 290
109, 289
109, 288
110, 287
110, 286
110, 285
110, 284
110, 283
110, 282
110, 281
110, 280
111, 279
111, 278
112, 277
112, 276
112, 275
112, 274
112, 273
113, 272
113, 271
113, 270
113, 269
114, 268
114, 267
114, 266
114, 265
115, 264
115, 263
115, 262
115, 261
115, 260
116, 259
116, 258
116, 257
116, 256
117, 255
117, 254
117, 253
118, 252
118, 251
118, 250
118, 249
118, 248
118, 247
118, 246
118, 245
118, 244
117, 243
117, 242
118, 241
118, 240
119, 239
120, 238
121, 238
122, 237
123, 236
124, 236
125, 235
126, 235
127, 234
128, 234
129, 233
130, 232
131, 232
132, 231
133, 231
134, 231
135, 231
136, 231
137, 231
138, 231
139, 231
140, 230
141, 230
142, 230
143, 229
144, 229
145, 228
146, 228
147, 228
148, 228
149, 227
150, 227
151, 227
152, 226
153, 226
154, 226
155, 225
156, 225
157, 225
158, 224
159, 224
160, 224
161, 223
162, 223
163, 223
164, 222
165, 222
166, 222
167, 221
168, 221
169, 221
170, 221
171, 221
172, 221
173, 220
174, 220
175, 220
176, 220
177, 220
178, 219
179, 219
180, 219
181, 219
182, 218
183, 218
184, 218
185, 218
186, 217
187, 217
188, 217
189, 216
190, 216
191, 216
192, 216
193, 216
194, 215
195, 215
196, 215
197, 215
198, 214
199, 214
200, 214
201, 214
202, 213
203, 213
204, 213
205, 213
206, 213
207, 212
208, 212
209, 212
210, 211
211, 211
212, 211
213, 211
214, 211
215, 211
216, 210
217, 210
218, 210
219, 210
220, 209
221, 209
222, 209
223, 209
224, 209
225, 208
226, 208
227, 208
228, 208
229, 207
230, 207
231, 207
232, 207
233, 207
234, 206
235, 206
236, 206
237, 206
238, 205
239, 205
240, 205
241, 204
242, 204
243, 204
244, 203
245, 203
246, 203
247, 203
248, 203
249, 202
250, 202
251, 202
252, 202
253, 201
254, 201
255, 201
256, 201
257, 200
258, 200
259, 200
260, 200
261, 200
262, 199
263, 199
264, 199
265, 199
266, 198
267, 198
268, 198
269, 198
270, 197
271, 197
272, 197
273, 197
274, 197
275, 196
276, 196
277, 196
278, 196
279, 196
280, 196
281, 195
282, 195
283, 195
284, 195
285, 194
286, 194
287, 194
288, 194
289, 194
290, 194
291, 194
292, 193
293, 193
294, 193
295, 193
296, 192
297, 192
298, 192
299, 192
300, 191
301, 191
302, 191
303, 191
304, 190
305, 190
306, 190
307, 190
308, 189
309, 189
310, 189
311, 189
312, 189
313, 189
314, 188
315, 188
316, 188
317, 187
318, 187
319, 187
320, 187
321, 187
322, 187
323, 186
324, 186
325, 186
326, 186
327, 186
328, 185
329, 185
330, 185
331, 185
332, 185
333, 184
334, 184
335, 184
336, 184
337, 184
338, 184
339, 183
340, 183
341, 183
342, 183
343, 182
344, 182
345, 182
346, 182
347, 182
348, 182
349, 181
350, 181
351, 181
352, 181
353, 181
354, 180
355, 180
356, 180
357, 179
358, 179
359, 178
360, 178
361, 178
362, 178
363, 177
364, 177
365, 177
366, 177
367, 177
368, 177
369, 176
370, 176
371, 176
372, 176
373, 175
374, 175
375, 175
376, 175
377, 174
378, 174
379, 174
380, 174
381, 174
382, 173
383, 173
384, 173
385, 172
386, 172
387, 172
388, 172
389, 171
390, 171
391, 171
392, 171
393, 170
394, 170
395, 170
396, 170
397, 169
398, 169
399, 169
400, 169
401, 169
402, 169
403, 169
403, 170
404, 171
404, 172
405, 173
405, 174
405, 175
405, 176
406, 177
406, 178
406, 179
406, 180
407, 181
407, 182
407, 183
407, 184
407, 185
407, 186
408, 187
408, 188
408, 189
409, 190
409, 191
409, 192
409, 193
409, 194
409, 195
410, 196
410, 197
410, 198
411, 199
411, 200
411, 201
411, 202
411, 203
411, 204
412, 205
412, 206
412, 207
412, 208
412, 209
413, 210
413, 211
413, 212
413, 213
413, 214
413, 215
413, 216
414, 217
414, 218
414, 219
415, 220
415, 221
415, 222
415, 223
415, 224
416, 225
416, 226
416, 227
416, 228
416, 229
417, 230
417, 231
417, 232
417, 233
417, 234
418, 235
418, 236
418, 237
418, 238
419, 239
419, 240
419, 241
419, 242
419, 243
419, 244
420, 245
420, 246
420, 247
421, 248
421, 249
421, 250
421, 251
421, 252
421, 253
421, 254
422, 255
422, 256
422, 257
422, 258
422, 259
423, 260
423, 261
423, 262
423, 263
424, 264
424, 265
424, 266
424, 267
424, 268
425, 269
425, 270
425, 271
425, 272
425, 273
426, 274
426, 275
426, 276
426, 277
427, 278
427, 279
427, 280
427, 281
427, 282
427, 283
428, 284
428, 285
428, 286
428, 287
428, 288
428, 289
429, 290
429, 291
429, 292
429, 293
429, 294
430, 295
430, 296
430, 297
431, 298
431, 299
431, 300
431, 301
431, 302
431, 303
432, 304
432, 305
432, 306
432, 307
433, 308
433, 309
433, 310
433, 311
433, 312
434, 313
434, 314
434, 315
435, 316
435, 317
435, 318
435, 319
435, 320
436, 321
436, 322
436, 323
436, 324
436, 325
436, 326
437, 327
437, 328
437, 329
437, 330
437, 331
437, 332
437, 333
438, 334
438, 335
438, 336
439, 337
439, 338
439, 339
439, 340
440, 341
440, 342
440, 343
440, 344
440, 345
441, 346
441, 347
441, 348
441, 349
441, 350
441, 351
441, 352
442, 353
442, 354
442, 355
442, 356
442, 357
443, 358
443, 359
443, 360
443, 361
443, 362
443, 363
444, 364
444, 365
444, 366
444, 367
445, 368
445, 369
445, 370
445, 371
445, 372
445, 373
446, 374
446, 375
446, 376
447, 377
447, 378
447, 379
447, 380
447, 381
447, 382
447, 383
448, 384
448, 385
448, 386
448, 387
449, 388
449, 389
449, 390
449, 391
449, 392
450, 393
450, 394
450, 395
450, 396
451, 397
451, 398
451, 399
451, 400
451, 401
451, 402
451, 403
452, 404
452, 405
452, 406
452, 407
452, 408
453, 409
453, 410
453, 411
453, 412
453, 413
454, 414
454, 415
454, 416
454, 417
455, 418
455, 419
455, 420
455, 421
456, 422
456, 423
456, 424
456, 425
457, 426
457, 427
457, 428
457, 429
457, 430
457, 431
458, 432
458, 433
458, 434
457, 435
457, 436
457, 437
456, 438
455, 439
454, 439
453, 439
452, 439
451, 439
450, 439
449, 439
448, 439
447, 439
446, 439
445, 439
444, 439
443, 439
442, 439
441, 439
440, 439
439, 439
438, 439
437, 439
436, 439
435, 439
434, 439
433, 439
432, 439
431, 439
430, 439
429, 439
428, 439
427, 439
426, 439
425, 439
424, 440
423, 440
422, 440
421, 440
420, 440
419, 440
418, 440
417, 440
416, 440
415, 440
414, 440
413, 440
412, 440
411, 441
410, 441
409, 441
408, 441
407, 441
406, 441
405, 441
404, 441
403, 441
402, 441
401, 441
400, 441
399, 441
398, 441
397, 441
396, 441
395, 441
394, 441
393, 441
392, 441
391, 441
390, 441
389, 441
388, 441
387, 441
386, 441
385, 441
384, 441
383, 441
382, 441
381, 442
380, 442
379, 442
378, 442
377, 442
376, 442
375, 442
374, 442
373, 442
372, 442
371, 442
370, 442
369, 442
368, 443
367, 443
366, 443
365, 443
364, 443
363, 443
362, 443
361, 443
360, 443
359, 443
358, 443
357, 443
356, 443
355, 444
354, 444
353, 444
352, 444
351, 444
350, 444
349, 444
348, 445
347, 445
346, 445
345, 445
344, 445
343, 446
342, 447
341, 447
340, 447
339, 447
338, 447
337, 447
336, 447
335, 447
334, 448
333, 448
332, 448
331, 447
330, 447
329, 447
328, 447
327, 447
326, 447
325, 447
324, 447
323, 447
322, 448
321, 448
320, 448
319, 448
318, 448
317, 448
316, 448
315, 448
314, 449
313, 449
312, 449
311, 449
310, 449
309, 449
308, 449
307, 449
306, 449
305, 449
304, 449
303, 449
302, 449
301, 450
300, 450
299, 450
298, 450
297, 450
296, 450
295, 450
294, 451
293, 451
292, 451
291, 451
290, 451
289, 451
288, 451
287, 451
286, 451
285, 452
284, 452
283, 452
282, 452
281, 452
280, 452
279, 452
278, 452
277, 452
276, 452
275, 452
274, 453
273, 453
272, 453
271, 453
270, 453
269, 453
268, 453
267, 453
266, 454
265, 454
264, 454
263, 455
262, 455
261, 455
260, 455
259, 455
258, 455
257, 455
256, 455
255, 455
254, 455
253, 455
252, 455
251, 455
250, 455
249, 455
248, 455
247, 455
246, 455
245, 455
244, 455
243, 455
242, 455
241, 455
240, 455
239, 456
238, 456
237, 456
236, 456
235, 456
234, 456
233, 456
232, 456
231, 456
230, 456
229, 456
228, 456
227, 456
226, 456
225, 457
224, 457
223, 457
222, 457
221, 457
220, 457
219, 457
218, 457
217, 457
216, 458
215, 458
214, 458
213, 458
212, 458
211, 458
210, 458
209, 458
208, 458
207, 458
206, 458
205, 458
204, 458
203, 458
202, 458
201, 458
200, 458
199, 458
198, 458
197, 458
196, 458
195, 459
194, 459
193, 459
192, 459
191, 459
190, 459
189, 459
188, 459
187, 459
186, 459
185, 459
184, 460
183, 460
182, 460
181, 460
180, 460
179, 460
178, 460
177, 460
176, 460
175, 460
174, 460
173, 460
172, 461
171, 461
170, 461
169, 461
168, 461
167, 461
166, 461
165, 462
164, 462
163, 462
162, 462
161, 462
160, 462
159, 462
158, 462
157, 462
156, 462
155, 463
154, 463
153, 463
152, 463
151, 463
150, 463
149, 463
148, 464
147, 465
147, 466
147, 467
147, 468
147, 469
148, 470
148, 471
149, 472
149, 473
150, 474
150, 475
150, 476
150, 477
149, 476
148, 476
147, 476
147, 475
146, 474
146, 473
146, 472
145, 471
144, 470
143, 470
142, 469
141, 468
140, 468
139, 467
138, 467
137, 467
136, 467
135, 466
134, 465
133, 464
132, 463
131, 462
131, 461
130, 460
129, 459
128, 458
128, 457
127, 456
126, 455
125, 454
124, 453
124, 452
123, 451
123, 450
122, 449
121, 448
120, 447
120, 446
119, 445
118, 444
117, 443
117, 442
116, 441
116, 440
115, 439
114, 438
113, 438
113, 437
113, 436
112, 435
111, 434
110, 433
110, 432
109, 431
108, 430
107, 429
107, 428
106, 427
106, 426
105, 425
104, 424
103, 423
103, 422
102, 421
101, 420
101, 419
100, 418
99, 417
98, 416
98, 415
97, 414
96, 413
96, 412
95, 411
94, 410
94, 409
93, 408
92, 407
91, 406
91, 405
90, 404
89, 403
88, 402
88, 401
87, 400
87, 399
86, 398
85, 397
85, 396
84, 395
84, 394
84, 393
