68, 147
69, 146
70, 145
70, 144
71, 143
71, 142
72, 141
72, 140
72, 139
72, 138
73, 137
73, 136
74, 136
75, 136
76, 136
77, 135
78, 135
79, 135
80, 134
81, 134
82, 134
83, 134
84, 134
85, 134
86, 134
87, 133
88, 133
89, 133
90, 133
91, 132
92, 132
93, 132
94, 132
95, 131
96, 131
97, 131
98, 131
99, 130
100, 130
101, 130
102, 130
103, 129
104, 128
105, 128
106, 128
107, 128
108, 128
109, 128
110, 128
111, 128
112, 128
113, 129
114, 129
115, 130
116, 130
117, 130
118, 130
119, 130
120, 130
121, 129
122, 129
123, 129
124, 129
125, 129
126, 128
127, 128
128, 128
129, 128
130, 127
131, 127
132, 127
133, 127
134, 127
135, 126
136, 126
137, 126
138, 126
139, 126
140, 126
141, 125
142, 125
143, 125
144, 125
145, 124
146, 124
147, 124
148, 124
149, 124
150, 123
151, 123
152, 123
153, 123
154, 122
155, 122
156, 122
157, 122
158, 122
159, 122
160, 121
161, 121
162, 121
163, 120
164, 120
165, 120
166, 120
167, 120
168, 120
169, 120
170, 120
171, 120
172, 120
173, 120
174, 120
175, 120
176, 119
177, 119
178, 119
179, 119
180, 119
181, 119
182, 119
183, 118
184, 118
185, 118
186, 118
187, 118
188, 118
189, 118
190, 118
191, 117
192, 117
193, 117
194, 117
195, 117
196, 117
197, 116
198, 116
199, 116
200, 116
201, 116
202, 116
203, 116
204, 115
205, 115
206, 115
207, 115
208, 115
209, 115
210, 115
211, 114
212, 114
213, 114
214, 114
215, 114
216, 114
217, 114
218, 113
219, 113
220, 113
221, 112
222, 112
223, 112
224, 111
225, 110
226, 111
227, 111
228, 111
229, 111
230, 111
231, 111
232, 111
233, 112
234, 112
235, 112
236, 112
237, 112
238, 112
239, 112
240, 111
241, 111
242, 111
243, 111
244, 111
245, 111
246, 110
247, 110
248, 110
249, 110
250, 110
251, 110
252, 110
253, 110
254, 109
255, 109
256, 109
257, 109
258, 109
259, 109
260, 108
261, 108
262, 108
263, 108
264, 108
265, 108
266, 108
267, 108
268, 108
269, 107
270, 107
271, 107
272, 107
273, 107
274, 106
275, 106
276, 106
277, 106
278, 106
279, 106
280, 106
281, 106
282, 106
283, 105
284, 105
285, 105
286, 105
287, 105
288, 104
289, 104
290, 104
291, 104
292, 104
293, 104
294, 104
295, 104
296, 104
297, 104
298, 104
299, 104
300, 104
301, 104
302, 104
303, 104
304, 104
305, 104
306, 104
307, 104
308, 104
309, 104
310, 104
311, 104
312, 103
313, 103
314, 103
315, 103
316, 103
317, 103
318, 102
319, 102
320, 102
321, 102
322, 102
323, 102
324, 102
325, 102
326, 101
327, 100
328, 100
329, 100
330, 100
331, 100
332, 100
333, 100
334, 100
335, 100
336, 100
337, 100
338, 100
339, 99
340, 99
341, 99
342, 99
343, 99
344, 99
345, 98
346, 98
347, 98
348, 98
349, 98
350, 98
351, 98
352, 97
353, 97
354, 97
355, 97
356, 97
357, 97
358, 97
359, 97
360, 97
361, 97
362, 97
363, 97
364, 97
365, 97
366, 97
367, 97
368, 97
369, 97
370, 96
371, 96
372, 96
373, 96
374, 96
375, 96
376, 96
377, 96
378, 96
379, 96
380, 96
381, 95
382, 95
383, 95
384, 95
385, 95
386, 94
387, 94
388, 94
389, 94
390, 94
391, 94
392, 94
393, 94
394, 94
395, 94
396, 94
397, 93
398, 93
399, 93
400, 93
401, 93
402, 92
403, 92
404, 92
405, 92
406, 92
407, 92
408, 92
409, 91
410, 91
411, 91
412, 91
413, 90
414, 90
415, 90
416, 89
417, 89
418, 89
419, 88
420, 88
421, 89
422, 89
423, 90
424, 90
425, 90
426, 90
427, 90
428, 90
429, 90
430, 90
431, 90
432, 89
433, 89
434, 89
435, 89
436, 89
437, 89
438, 89
439, 89
440, 89
441, 89
442, 88
443, 88
444, 88
445, 88
446, 88
447, 88
448, 87
449, 87
450, 87
451, 87
452, 87
453, 87
454, 86
455, 86
456, 86
457, 86
458, 86
459, 86
460, 86
461, 86
462, 86
463, 86
464, 86
465, 86
466, 86
467, 86
468, 86
469, 85
470, 85
471, 85
472, 85
473, 84
474, 84
475, 84
476, 83
477, 83
478, 83
479, 82
480, 82
481, 82
482, 82
483, 82
484, 83
485, 83
486, 83
487, 83
488, 83
489, 84
490, 84
491, 84
492, 83
493, 83
494, 83
495, 83
496, 83
497, 83
498, 83
499, 83
500, 83
501, 83
502, 83
503, 82
504, 82
505, 82
506, 82
507, 82
508, 82
509, 81
510, 81
511, 81
512, 81
513, 81
514, 81
515, 81
516, 81
517, 81
518, 80
519, 80
520, 80
521, 80
522, 79
523, 79
524, 79
525, 78
526, 78
527, 78
528, 78
529, 78
530, 78
531, 78
532, 77
533, 77
534, 77
535, 77
536, 76
537, 76
538, 76
539, 76
540, 76
541, 76
542, 76
543, 76
544, 76
545, 76
546, 76
547, 75
548, 75
549, 75
550, 75
551, 75
552, 75
553, 75
554, 74
555, 74
556, 74
557, 73
558, 73
559, 73
560, 73
561, 73
562, 73
563, 73
564, 73
565, 73
566, 73
567, 73
568, 73
569, 73
570, 73
571, 73
572, 73
573, 72
574, 72
575, 72
576, 72
577, 72
578, 72
579, 72
580, 72
581, 71
582, 71
583, 71
584, 71
585, 71
586, 70
587, 70
588, 70
589, 70
590, 69
591, 69
592, 69
593, 69
594, 68
595, 68
596, 68
597, 68
598, 68
599, 67
600, 67
601, 67
602, 66
603, 66
604, 67
605, 67
606, 67
607, 66
608, 66
609, 66
610, 66
611, 66
612, 66
613, 66
614, 66
615, 66
616, 65
617, 65
618, 65
619, 65
620, 65
621, 65
622, 64
623, 64
624, 64
625, 64
626, 64
627, 64
628, 64
629, 63
630, 63
631, 63
632, 63
633, 63
634, 63
635, 62
636, 62
637, 62
638, 62
639, 62
640, 62
641, 62
642, 61
643, 61
644, 61
645, 61
646, 61
647, 61
648, 61
649, 61
650, 60
651, 60
652, 60
653, 60
654, 60
655, 60
656, 59
657, 59
658, 59
659, 59
660, 59
661, 59
662, 58
663, 58
664, 58
665, 58
666, 58
667, 58
668, 58
669, 58
670, 58
671, 58
672, 58
673, 57
674, 57
675, 57
676, 57
677, 57
678, 57
679, 57
680, 57
681, 57
682, 57
683, 57
684, 56
685, 56
686, 56
687, 56
688, 56
689, 56
690, 56
691, 56
692, 56
693, 55
694, 55
695, 55
696, 55
697, 55
698, 54
699, 54
700, 54
701, 54
702, 54
703, 54
704, 54
705, 53
706, 53
707, 53
708, 53
709, 53
710, 53
711, 53
712, 52
713, 52
714, 52
715, 52
716, 52
717, 52
718, 52
719, 52
720, 52
721, 51
722, 51
723, 51
724, 51
725, 50
726, 50
727, 50
728, 50
729, 50
730, 50
731, 50
732, 50
733, 50
734, 50
735, 49
736, 49
737, 49
738, 49
739, 49
740, 49
741, 49
742, 49
743, 48
744, 48
745, 48
746, 48
747, 48
748, 47
749, 47
750, 47
751, 47
752, 47
753, 47
754, 47
755, 46
756, 46
757, 46
758, 46
759, 46
760, 46
761, 46
762, 45
763, 45
764, 45
765, 45
766, 45
767, 45
768, 44
769, 44
770, 44
771, 44
772, 44
773, 44
774, 43
775, 43
776, 43
777, 43
778, 43
779, 42
780, 42
781, 42
782, 42
783, 42
784, 42
785, 42
786, 42
787, 41
788, 41
789, 41
790, 40
791, 40
792, 40
793, 40
794, 40
795, 40
796, 40
797, 40
798, 40
799, 40
800, 40
801, 39
802, 39
803, 39
804, 39
805, 39
806, 39
807, 39
808, 39
809, 39
810, 38
811, 38
812, 38
813, 38
814, 38
815, 38
816, 38
817, 38
818, 38
819, 37
820, 37
821, 37
822, 36
823, 36
824, 36
825, 36
826, 36
827, 36
828, 36
829, 36
830, 35
831, 35
832, 35
833, 35
834, 35
835, 35
836, 34
837, 34
838, 34
839, 34
840, 34
841, 33
842, 33
843, 33
844, 33
845, 33
846, 33
847, 33
848, 33
849, 32
850, 32
851, 32
852, 32
853, 32
854, 31
855, 31
856, 31
857, 32
858, 32
859, 32
860, 33
860, 34
861, 35
862, 36
862, 37
862, 38
862, 39
863, 40
863, 41
863, 42
863, 43
864, 44
864, 45
865, 46
865, 47
865, 48
865, 49
866, 50
866, 51
866, 52
866, 53
867, 54
867, 55
867, 56
867, 57
868, 58
868, 59
868, 60
868, 61
868, 62
868, 63
868, 64
869, 65
869, 66
869, 67
869, 68
869, 69
869, 70
870, 71
870, 72
870, 73
870, 74
870, 75
871, 76
871, 77
871, 78
871, 79
872, 80
872, 81
872, 82
872, 83
872, 84
872, 85
873, 86
873, 87
873, 88
873, 89
873, 90
873, 91
874, 92
874, 93
874, 94
875, 95
875, 96
875, 97
875, 98
875, 99
875, 100
876, 101
876, 102
876, 103
876, 104
876, 105
876, 106
876, 107
876, 108
877, 109
877, 110
877, 111
877, 112
877, 113
878, 114
878, 115
878, 116
878, 117
878, 118
878, 119
878, 120
878, 121
879, 122
879, 123
879, 124
879, 125
879, 126
880, 127
880, 128
880, 129
880, 130
880, 131
880, 132
880, 133
881, 134
881, 135
881, 136
881, 137
881, 138
881, 139
882, 140
882, 141
882, 142
882, 143
882, 144
883, 145
883, 146
883, 147
883, 148
883, 149
884, 150
884, 151
884, 152
884, 153
884, 154
884, 155
884, 156
884, 157
884, 158
884, 159
885, 160
885, 161
885, 162
885, 163
885, 164
885, 165
886, 166
886, 167
886, 168
886, 169
886, 170
887, 171
887, 172
887, 173
887, 174
887, 175
887, 176
887, 177
888, 178
888, 179
888, 180
888, 181
889, 182
889, 183
889, 184
889, 185
889, 186
889, 187
889, 188
890, 189
890, 190
890, 191
890, 192
890, 193
890, 194
890, 195
890, 196
890, 197
890, 198
890, 199
891, 200
891, 201
891, 202
891, 203
892, 204
892, 205
892, 206
892, 207
892, 208
892, 209
892, 210
892, 211
892, 212
893, 213
894, 214
894, 215
893, 216
893, 217
893, 218
894, 219
894, 220
894, 221
894, 222
894, 223
894, 224
894, 225
895, 226
895, 227
895, 228
895, 229
895, 230
895, 231
895, 232
895, 233
895, 234
895, 235
896, 236
896, 237
896, 238
896, 239
896, 240
896, 241
896, 242
896, 243
896, 244
897, 245
897, 246
897, 247
897, 248
897, 249
897, 250
897, 251
897, 252
897, 253
898, 254
898, 255
898, 256
898, 257
898, 258
898, 259
898, 260
898, 261
898, 262
898, 263
898, 264
898, 265
898, 266
899, 267
899, 268
899, 269
899, 270
899, 271
899, 272
899, 273
900, 274
900, 275
900, 276
900, 277
900, 278
900, 279
900, 280
900, 281
901, 282
901, 283
901, 284
901, 285
901, 286
902, 287
902, 288
902, 289
902, 290
902, 291
902, 292
902, 293
902, 294
902, 295
902, 296
902, 297
903, 298
903, 299
903, 300
903, 301
903, 302
903, 303
903, 304
903, 305
903, 306
903, 307
904, 308
904, 309
904, 310
904, 311
904, 312
904, 313
904, 314
904, 315
904, 316
904, 317
904, 318
904, 319
904, 320
904, 321
904, 322
904, 323
904, 324
905, 325
905, 326
905, 327
905, 328
905, 329
905, 330
905, 331
906, 332
906, 333
906, 334
906, 335
906, 336
906, 337
906, 338
906, 339
906, 340
906, 341
906, 342
906, 343
907, 344
907, 345
907, 346
907, 347
907, 348
907, 349
907, 350
907, 351
907, 352
907, 353
907, 354
907, 355
907, 356
908, 357
908, 358
908, 359
908, 360
908, 361
908, 362
908, 363
908, 364
908, 365
909, 366
909, 367
909, 368
909, 369
909, 370
909, 371
909, 372
909, 373
909, 374
909, 375
908, 375
907, 376
906, 376
905, 376
904, 376
903, 376
902, 377
901, 378
901, 379
901, 380
901, 381
901, 382
901, 383
900, 384
899, 384
898, 384
897, 384
896, 384
895, 384
894, 384
893, 384
892, 384
891, 384
890, 384
889, 384
888, 384
887, 384
886, 385
885, 385
884, 385
883, 385
882, 385
881, 385
880, 385
879, 385
878, 386
877, 386
876, 386
875, 386
874, 386
873, 386
872, 387
871, 387
870, 387
869, 387
868, 387
867, 387
866, 387
865, 387
864, 387
863, 388
862, 388
861, 388
860, 388
859, 389
858, 389
857, 389
856, 389
855, 389
854, 389
853, 389
852, 389
851, 390
850, 390
849, 390
848, 390
847, 390
846, 390
845, 390
844, 391
843, 391
842, 391
841, 391
840, 391
839, 391
838, 392
837, 392
836, 392
835, 392
834, 392
833, 392
832, 392
831, 393
830, 393
829, 393
828, 393
827, 393
826, 393
825, 393
824, 393
823, 394
822, 394
821, 394
820, 394
819, 394
818, 395
817, 395
816, 395
815, 395
814, 395
813, 395
812, 395
811, 395
810, 395
809, 395
808, 396
807, 396
806, 396
805, 396
804, 396
803, 396
802, 396
801, 396
800, 396
799, 397
798, 397
797, 397
796, 397
795, 397
794, 397
793, 398
792, 398
791, 398
790, 398
789, 398
788, 398
787, 398
786, 399
785, 399
784, 399
783, 399
782, 399
781, 399
780, 399
779, 400
778, 400
777, 400
776, 400
775, 400
774, 400
773, 400
772, 400
771, 400
770, 401
769, 401
768, 401
767, 401
766, 401
765, 401
764, 401
763, 401
762, 401
761, 401
760, 401
759, 401
758, 402
757, 402
756, 402
755, 402
754, 402
753, 402
752, 402
751, 403
750, 403
749, 403
748, 403
747, 403
746, 403
745, 403
744, 403
743, 403
742, 403
741, 403
740, 403
739, 403
738, 404
737, 404
736, 404
735, 404
734, 404
733, 404
732, 404
731, 405
730, 405
729, 405
728, 405
727, 405
726, 406
725, 406
724, 406
723, 406
722, 406
721, 406
720, 407
719, 407
718, 407
717, 407
716, 407
715, 407
714, 407
713, 407
712, 407
711, 408
710, 408
709, 408
708, 408
707, 408
706, 408
705, 408
704, 409
703, 409
702, 409
701, 409
700, 409
699, 409
698, 409
697, 409
696, 409
695, 409
694, 410
693, 410
692, 410
691, 410
690, 410
689, 410
688, 410
687, 410
686, 410
685, 410
684, 411
683, 411
682, 411
681, 411
680, 411
679, 411
678, 411
677, 411
676, 411
675, 412
674, 412
673, 412
672, 412
671, 412
670, 412
669, 412
668, 413
667, 413
666, 413
665, 413
664, 413
663, 414
662, 414
661, 414
660, 414
659, 414
658, 415
657, 415
656, 415
655, 415
654, 415
653, 415
652, 415
651, 416
650, 416
649, 416
648, 416
647, 416
646, 416
645, 417
644, 417
643, 417
642, 417
641, 417
640, 417
639, 417
638, 417
637, 417
636, 417
635, 417
634, 417
633, 418
632, 418
631, 418
630, 418
629, 418
628, 418
627, 419
626, 419
625, 419
624, 419
623, 419
622, 419
621, 419
620, 419
619, 419
618, 419
617, 420
616, 420
615, 420
614, 420
613, 420
612, 420
611, 420
610, 420
609, 420
608, 421
607, 421
606, 421
605, 421
604, 421
603, 421
602, 421
601, 422
600, 422
599, 422
598, 422
597, 422
596, 422
595, 422
594, 422
593, 423
592, 423
591, 423
590, 423
589, 423
588, 423
587, 424
586, 424
585, 424
584, 424
583, 425
582, 425
581, 425
580, 425
579, 425
578, 425
577, 425
576, 425
575, 425
574, 425
573, 425
572, 426
571, 426
570, 426
569, 426
568, 426
567, 427
566, 427
565, 427
564, 427
563, 427
562, 427
561, 427
560, 427
559, 427
558, 427
557, 427
556, 427
555, 427
554, 427
553, 427
552, 428
551, 428
550, 428
549, 428
548, 428
547, 428
546, 428
545, 429
544, 429
543, 429
542, 429
541, 429
540, 429
539, 430
538, 430
537, 430
536, 430
535, 430
534, 430
533, 431
532, 431
531, 431
530, 431
529, 431
528, 431
527, 431
526, 431
525, 432
524, 432
523, 432
522, 432
521, 432
520, 433
519, 433
518, 433
517, 433
516, 433
515, 433
514, 433
513, 433
512, 433
511, 433
510, 433
509, 434
508, 434
507, 434
506, 434
505, 434
504, 434
503, 435
502, 435
501, 435
500, 435
499, 435
498, 435
497, 435
496, 435
495, 435
494, 435
493, 435
492, 436
491, 436
490, 436
489, 436
488, 436
487, 436
486, 436
485, 436
484, 437
483, 437
482, 437
481, 437
480, 437
479, 437
478, 438
477, 438
476, 438
475, 438
474, 438
473, 438
472, 438
471, 438
470, 439
469, 439
468, 439
467, 439
466, 439
465, 439
464, 440
463, 440
462, 440
461, 440
460, 440
459, 440
458, 441
457, 441
456, 441
455, 441
454, 441
453, 441
452, 441
451, 441
450, 441
449, 442
448, 442
447, 442
446, 442
445, 442
444, 442
443, 442
442, 443
441, 443
440, 443
439, 443
438, 443
437, 443
436, 444
435, 444
434, 444
433, 444
432, 444
431, 444
430, 444
429, 444
428, 444
427, 444
426, 445
425, 445
424, 445
423, 445
422, 445
421, 445
420, 445
419, 446
418, 446
417, 446
416, 446
415, 446
414, 446
413, 447
412, 447
411, 447
410, 447
409, 447
408, 447
407, 447
406, 447
405, 448
404, 448
403, 448
402, 448
401, 448
400, 449
399, 449
398, 449
397, 449
396, 449
395, 449
394, 449
393, 450
392, 450
391, 450
390, 450
389, 450
388, 450
387, 450
386, 451
385, 451
384, 451
383, 451
382, 451
381, 451
380, 451
379, 451
378, 452
377, 452
376, 452
375, 452
374, 452
373, 452
372, 452
371, 452
370, 453
369, 453
368, 453
367, 453
366, 453
365, 453
364, 453
363, 454
362, 454
361, 454
360, 454
359, 454
358, 454
357, 455
356, 455
355, 455
354, 455
353, 455
352, 455
351, 456
350, 456
349, 456
348, 456
347, 456
346, 456
345, 456
344, 457
343, 457
342, 457
341, 457
340, 457
339, 458
338, 458
337, 458
336, 458
335, 459
334, 459
333, 459
332, 459
331, 459
330, 460
329, 460
328, 460
327, 460
326, 460
325, 461
324, 461
323, 461
322, 461
321, 461
320, 462
319, 462
318, 462
317, 462
316, 462
315, 462
314, 462
313, 462
312, 462
311, 463
310, 463
309, 463
308, 463
307, 463
306, 463
305, 463
304, 463
303, 463
302, 463
301, 463
300, 463
299, 463
298, 463
297, 463
296, 464
295, 464
294, 464
293, 464
292, 464
291, 464
290, 464
289, 464
288, 465
287, 465
286, 465
285, 465
284, 465
283, 465
282, 465
281, 465
280, 466
279, 466
278, 466
277, 466
276, 466
275, 466
274, 467
273, 467
272, 467
271, 467
270, 468
269, 468
268, 468
267, 468
266, 469
265, 469
264, 469
263, 469
262, 469
261, 469
260, 470
259, 470
258, 470
257, 470
256, 470
255, 471
254, 471
253, 471
252, 471
251, 471
250, 471
249, 471
248, 471
247, 472
246, 472
245, 472
244, 472
243, 472
242, 472
241, 472
240, 472
239, 472
238, 472
237, 472
236, 472
235, 472
234, 472
233, 472
232, 472
231, 472
230, 472
229, 472
228, 473
227, 473
226, 473
225, 473
224, 474
223, 474
222, 474
221, 474
220, 474
219, 475
218, 475
217, 475
216, 475
215, 475
214, 475
213, 475
212, 475
211, 476
210, 476
209, 476
208, 476
207, 476
206, 476
205, 476
204, 476
203, 477
202, 477
201, 477
200, 477
199, 477
198, 477
197, 477
196, 477
195, 477
194, 477
193, 477
192, 477
191, 477
190, 478
189, 478
188, 478
187, 478
186, 478
185, 479
184, 479
183, 479
182, 479
181, 479
180, 479
179, 479
178, 479
177, 479
176, 479
175, 480
174, 480
173, 480
172, 480
171, 480
170, 481
169, 481
168, 481
167, 481
166, 481
165, 481
164, 481
163, 481
162, 481
161, 482
160, 482
159, 482
158, 482
157, 482
156, 482
155, 482
154, 482
153, 482
152, 482
151, 482
150, 482
149, 483
148, 483
147, 483
146, 483
145, 483
144, 483
143, 483
142, 483
141, 483
140, 484
139, 484
138, 484
137, 484
136, 484
135, 484
134, 485
133, 485
132, 485
131, 485
130, 485
129, 485
128, 485
127, 485
126, 485
125, 485
124, 485
123, 485
122, 485
121, 486
120, 486
119, 486
118, 486
117, 485
116, 485
115, 484
114, 483
114, 482
114, 481
114, 480
114, 479
113, 478
113, 477
113, 476
113, 475
113, 474
112, 473
112, 472
112, 471
112, 470
112, 469
112, 468
112, 467
111, 466
111, 465
110, 464
110, 463
110, 462
110, 461
110, 460
110, 459
110, 458
110, 457
110, 456
110, 455
110, 454
109, 453
109, 452
109, 451
108, 450
108, 449
108, 448
108, 447
108, 446
108, 445
108, 444
108, 443
107, 442
107, 441
107, 440
107, 439
107, 438
107, 437
106, 436
106, 435
106, 434
106, 433
106, 432
106, 431
106, 430
106, 429
105, 428
105, 427
105, 426
105, 425
105, 424
105, 423
105, 422
104, 421
104, 420
104, 419
104, 418
104, 417
104, 416
104, 415
103, 414
103, 413
103, 412
103, 411
103, 410
103, 409
102, 408
102, 407
102, 406
102, 405
102, 404
102, 403
102, 402
102, 401
101, 400
101, 399
101, 398
101, 397
101, 396
101, 395
101, 394
101, 393
100, 392
100, 391
100, 390
100, 389
100, 388
100, 387
99, 386
99, 385
99, 384
99, 383
99, 382
99, 381
98, 380
98, 379
98, 378
98, 377
98, 376
98, 375
98, 374
98, 373
97, 372
97, 371
97, 370
97, 369
97, 368
97, 367
97, 366
96, 365
96, 364
96, 363
96, 362
96, 361
96, 360
95, 359
95, 358
95, 357
95, 356
94, 355
94, 354
94, 353
93, 352
93, 351
93, 350
92, 349
92, 348
92, 347
92, 346
92, 345
92, 344
92, 343
92, 342
92, 341
91, 340
91, 339
90, 338
90, 337
90, 336
90, 335
90, 334
90, 333
90, 332
90, 331
89, 330
89, 329
89, 328
89, 327
89, 326
89, 325
88, 324
88, 323
87, 322
87, 321
87, 320
86, 319
86, 318
86, 317
86, 316
86, 315
86, 314
86, 313
86, 312
86, 311
86, 310
86, 309
86, 308
86, 307
85, 306
85, 305
85, 304
85, 303
85, 302
85, 301
85, 300
85, 299
85, 298
84, 297
84, 296
84, 295
84, 294
84, 293
84, 292
84, 291
84, 290
83, 289
83, 288
83, 287
83, 286
83, 285
83, 284
83, 283
83, 282
83, 281
83, 280
82, 279
82, 278
82, 277
81, 276
81, 275
81, 274
81, 273
81, 272
81, 271
81, 270
81, 269
81, 268
81, 267
81, 266
81, 265
81, 264
81, 263
80, 262
81, 261
81, 260
81, 259
81, 258
80, 257
80, 256
80, 255
80, 254
80, 253
80, 252
80, 251
80, 250
80, 249
80, 248
80, 247
80, 246
80, 245
79, 244
79, 243
79, 242
79, 241
79, 240
79, 239
79, 238
79, 237
79, 236
78, 235
78, 234
78, 233
78, 232
78, 231
78, 230
78, 229
78, 228
78, 227
78, 226
78, 225
77, 224
77, 223
77, 222
77, 221
77, 220
77, 219
77, 218
76, 217
76, 216
76, 215
76, 214
76, 213
76, 212
76, 211
76, 210
76, 209
76, 208
76, 207
76, 206
75, 205
75, 204
75, 203
75, 202
75, 201
74, 200
74, 199
75, 198
75, 197
75, 196
74, 195
74, 194
74, 193
74, 192
74, 191
74, 190
73, 189
73, 188
73, 187
73, 186
73, 185
73, 184
72, 183
72, 182
72, 181
72, 180
72, 179
72, 178
71, 177
71, 176
71, 175
71, 174
70, 173
70, 172
70, 171
70, 170
70, 169
70, 168
69, 167
69, 166
69, 165
69, 164
69, 163
69, 162
69, 161
69, 160
68, 159
68, 158
68, 157
68, 156
68, 155
67, 154
67, 153
67, 152
67, 151
67, 150
67, 149
67, 148
