99, 203
100, 202
101, 202
102, 202
103, 201
104, 201
105, 200
106, 200
107, 200
108, 199
109, 199
110, 198
111, 198
112, 198
113, 197
114, 197
115, 196
116, 196
117, 195
118, 195
119, 195
120, 194
121, 194
122, 194
123, 193
124, 193
125, 193
126, 192
127, 192
128, 191
129, 191
130, 190
131, 190
132, 189
133, 189
134, 188
135, 188
136, 187
137, 187
138, 186
139, 186
140, 186
141, 185
142, 185
143, 184
144, 184
145, 184
146, 183
147, 183
148, 182
149, 182
150, 181
151, 181
152, 181
153, 180
154, 180
155, 179
156, 179
157, 178
158, 178
159, 177
160, 177
161, 177
162, 176
163, 176
164, 176
165, 175
166, 175
167, 175
168, 174
169, 174
170, 174
171, 174
172, 173
173, 173
174, 173
175, 173
176, 172
177, 172
178, 172
179, 172
180, 171
181, 171
182, 170
183, 170
184, 170
185, 169
186, 169
187, 168
188, 168
189, 167
190, 167
191, 166
192, 166
193, 166
194, 165
195, 165
196, 164
197, 164
198, 164
199, 163
200, 163
201, 162
202, 162
203, 162
204, 161
205, 161
206, 160
207, 160
208, 160
209, 159
210, 158
211, 158
212, 157
213, 157
214, 156
215, 156
216, 155
217, 155
218, 154
219, 154
220, 154
221, 154
222, 153
223, 153
224, 152
225, 152
226, 152
227, 151
228, 151
229, 151
230, 150
231, 150
232, 149
233, 149
234, 149
235, 148
236, 147
236, 146
237, 146
238, 146
239, 146
240, 146
241, 146
242, 145
243, 145
244, 144
245, 144
246, 143
247, 143
248, 143
249, 142
250, 142
251, 141
252, 141
253, 140
254, 140
255, 139
256, 139
257, 138
258, 138
259, 138
260, 137
261, 137
262, 137
263, 136
264, 136
265, 135
266, 135
267, 134
268, 134
269, 134
270, 133
271, 133
272, 132
273, 132
274, 131
275, 131
276, 130
277, 130
278, 129
279, 129
280, 128
281, 128
282, 127
283, 127
284, 127
285, 126
286, 126
287, 126
288, 126
289, 125
290, 125
291, 125
292, 124
293, 124
294, 124
295, 123
296, 123
297, 123
298, 123
299, 122
300, 122
301, 122
302, 121
303, 121
304, 120
305, 120
306, 119
307, 119
308, 119
309, 118
310, 118
311, 117
312, 117
313, 116
314, 116
315, 115
316, 115
317, 115
318, 114
319, 114
320, 113
321, 113
322, 113
323, 112
324, 112
325, 112
326, 111
327, 111
328, 110
329, 110
330, 110
331, 109
332, 109
333, 108
334, 108
335, 107
336, 107
337, 107
338, 106
339, 106
340, 105
341, 105
342, 104
343, 104
344, 104
345, 103
346, 103
347, 102
348, 102
349, 101
350, 101
351, 100
352, 100
353, 99
354, 99
355, 98
356, 98
357, 98
358, 97
359, 97
360, 96
361, 96
362, 96
363, 95
364, 95
365, 94
366, 93
367, 93
368, 93
369, 92
370, 92
371, 91
372, 91
373, 90
374, 90
375, 89
376, 89
377, 89
378, 88
379, 88
380, 88
381, 87
382, 87
383, 86
384, 86
385, 85
386, 85
387, 84
388, 84
389, 83
390, 83
391, 82
392, 82
393, 81
393, 80
394, 80
395, 80
396, 80
397, 79
398, 79
399, 78
400, 78
401, 77
402, 77
403, 76
404, 76
405, 76
406, 75
407, 75
408, 74
409, 74
410, 73
411, 73
412, 72
413, 72
414, 72
415, 72
416, 71
417, 71
418, 71
419, 70
420, 70
421, 69
422, 69
423, 69
424, 68
425, 68
426, 67
427, 67
428, 67
429, 66
430, 66
431, 66
432, 65
433, 64
434, 64
435, 64
436, 63
437, 63
438, 63
439, 62
440, 62
441, 61
442, 61
443, 60
444, 60
445, 60
446, 59
447, 58
448, 58
449, 58
450, 57
451, 57
452, 56
453, 56
454, 55
455, 55
456, 54
457, 54
458, 53
459, 53
460, 53
461, 52
462, 52
463, 52
464, 51
465, 51
466, 51
467, 50
468, 50
469, 50
470, 50
471, 50
472, 49
473, 49
474, 48
475, 48
476, 47
477, 47
478, 47
479, 47
480, 47
481, 47
482, 48
482, 49
483, 50
484, 51
485, 52
485, 53
486, 54
487, 55
488, 56
488, 57
489, 58
490, 59
490, 60
491, 61
492, 62
493, 63
494, 64
494, 65
495, 66
496, 67
496, 68
497, 69
498, 70
498, 71
499, 72
500, 73
501, 74
501, 75
502, 76
503, 77
503, 78
504, 79
505, 80
506, 81
507, 82
507, 83
508, 84
508, 85
509, 86
510, 87
510, 88
511, 89
511, 90
512, 91
513, 92
514, 93
514, 94
515, 95
516, 96
516, 97
517, 98
518, 99
518, 100
519, 101
520, 102
520, 103
521, 104
522, 105
523, 106
523, 107
524, 108
525, 109
525, 110
526, 111
526, 112
527, 113
528, 114
528, 115
529, 116
529, 117
530, 118
531, 119
532, 120
532, 121
533, 122
533, 123
534, 124
535, 125
535, 126
536, 127
537, 128
537, 129
537, 130
538, 131
538, 132
539, 133
540, 134
540, 135
541, 136
541, 137
542, 138
543, 139
543, 140
543, 141
544, 142
545, 143
546, 144
546, 145
547, 146
547, 147
548, 148
548, 149
549, 150
549, 151
550, 152
550, 153
551, 154
551, 155
552, 156
553, 156
553, 157
553, 158
553, 159
554, 160
554, 161
555, 162
556, 163
556, 164
556, 165
557, 166
557, 167
558, 168
558, 169
559, 170
560, 171
560, 172
561, 173
561, 174
562, 175
562, 176
563, 177
564, 178
564, 179
565, 180
565, 181
566, 182
566, 183
567, 184
567, 185
568, 186
569, 187
569, 188
570, 189
570, 190
571, 191
571, 192
572, 193
572, 194
573, 195
573, 196
574, 197
574, 198
575, 199
576, 200
576, 201
577, 202
577, 203
578, 204
578, 205
579, 206
580, 207
580, 208
581, 209
581, 210
582, 211
582, 212
583, 213
584, 214
585, 215
585, 216
585, 217
586, 218
587, 219
587, 220
588, 221
588, 222
589, 223
590, 224
590, 225
591, 226
591, 227
592, 228
593, 229
593, 230
593, 231
594, 232
595, 233
596, 234
596, 235
597, 236
597, 237
598, 238
598, 239
599, 240
600, 241
600, 242
601, 243
601, 244
602, 245
602, 246
603, 247
604, 248
604, 249
605, 250
606, 251
606, 252
607, 253
607, 254
608, 255
609, 256
609, 257
610, 258
610, 259
611, 260
612, 261
612, 262
613, 263
614, 264
614, 265
615, 266
616, 267
617, 268
617, 269
618, 270
618, 271
619, 272
620, 273
621, 274
621, 275
622, 276
623, 277
623, 278
624, 279
625, 280
626, 281
627, 282
627, 283
627, 284
626, 285
625, 286
624, 287
623, 288
622, 289
622, 290
621, 291
620, 292
619, 293
618, 294
618, 295
617, 296
617, 297
616, 298
615, 299
614, 300
613, 301
612, 302
612, 303
611, 304
611, 305
610, 306
609, 307
608, 308
607, 309
606, 310
606, 311
605, 312
604, 313
603, 314
603, 315
602, 316
601, 317
601, 318
600, 319
599, 320
599, 321
598, 322
597, 323
597, 324
596, 325
595, 326
595, 327
594, 328
593, 329
593, 330
592, 331
592, 332
591, 333
590, 334
590, 335
589, 336
589, 337
588, 338
587, 339
587, 340
586, 341
585, 342
585, 343
584, 343
583, 344
583, 345
582, 346
581, 347
581, 348
580, 349
579, 350
579, 351
578, 352
577, 353
576, 354
575, 355
575, 356
574, 357
574, 358
574, 359
573, 360
572, 360
571, 361
570, 362
569, 363
568, 364
567, 365
567, 366
566, 367
565, 368
565, 369
564, 370
563, 371
563, 372
562, 373
561, 374
560, 375
559, 376
559, 377
558, 378
557, 379
556, 380
556, 381
555, 382
555, 383
554, 383
553, 384
553, 385
552, 386
551, 387
551, 388
550, 389
549, 390
549, 391
548, 392
547, 393
546, 394
545, 395
545, 396
544, 397
543, 398
542, 399
541, 400
541, 401
540, 402
540, 403
539, 404
538, 405
537, 406
536, 407
535, 408
535, 409
534, 410
533, 411
532, 412
531, 413
530, 414
530, 415
529, 415
528, 416
528, 417
527, 418
526, 419
525, 420
524, 421
523, 422
522, 423
521, 424
521, 425
520, 426
519, 427
518, 428
518, 429
517, 430
516, 431
516, 432
515, 433
514, 433
513, 434
512, 435
512, 436
511, 437
510, 438
509, 439
508, 440
507, 441
506, 442
505, 443
504, 444
503, 445
503, 446
502, 447
501, 448
500, 449
500, 450
499, 451
498, 452
498, 453
497, 454
496, 455
495, 456
495, 457
494, 458
493, 459
492, 460
492, 461
491, 462
490, 463
489, 464
488, 465
487, 466
486, 467
485, 468
484, 469
484, 470
483, 471
482, 472
481, 473
480, 474
479, 475
479, 476
478, 477
477, 478
477, 479
476, 479
475, 480
475, 481
474, 482
473, 483
473, 484
472, 485
471, 486
470, 487
469, 488
469, 489
468, 490
468, 491
467, 492
467, 493
466, 494
465, 495
464, 496
463, 497
462, 498
461, 498
460, 498
459, 498
458, 499
457, 499
456, 499
455, 499
454, 499
453, 499
452, 500
451, 500
450, 500
449, 500
448, 500
447, 500
446, 500
445, 500
444, 500
443, 500
442, 500
441, 500
440, 500
439, 500
438, 500
437, 500
436, 501
435, 501
434, 501
433, 501
432, 502
431, 502
430, 501
429, 501
428, 501
427, 501
426, 501
425, 501
424, 501
423, 501
422, 501
421, 502
420, 502
419, 503
418, 503
417, 503
416, 503
415, 503
414, 503
413, 504
412, 504
411, 504
410, 504
409, 504
408, 505
407, 504
406, 504
405, 504
404, 504
403, 504
402, 505
401, 505
400, 505
399, 505
398, 505
397, 505
396, 505
395, 505
394, 505
393, 506
392, 506
391, 506
390, 506
389, 506
388, 506
387, 507
386, 507
385, 507
384, 507
384, 506
383, 505
382, 505
381, 505
380, 505
379, 506
379, 507
379, 508
378, 508
377, 508
376, 508
375, 508
374, 508
373, 508
372, 508
371, 508
370, 508
369, 508
368, 508
367, 508
366, 508
365, 508
364, 509
363, 508
362, 508
361, 508
360, 508
359, 508
358, 508
357, 509
356, 509
355, 509
354, 510
353, 509
352, 509
351, 509
350, 509
349, 509
348, 509
347, 510
346, 510
345, 510
344, 510
343, 510
342, 510
341, 509
340, 509
339, 509
338, 509
337, 509
336, 510
335, 510
334, 511
333, 510
332, 510
331, 510
330, 510
329, 510
328, 510
327, 510
326, 510
325, 510
324, 511
323, 512
322, 512
321, 512
320, 512
319, 512
318, 512
317, 512
316, 512
315, 512
314, 512
313, 513
312, 512
311, 512
310, 512
309, 512
308, 513
307, 513
306, 513
305, 513
304, 513
303, 513
302, 513
301, 513
300, 513
299, 513
298, 514
297, 514
296, 514
295, 514
294, 514
293, 514
292, 514
291, 514
290, 514
289, 514
288, 514
287, 514
286, 514
285, 514
284, 514
283, 514
282, 515
281, 515
280, 515
279, 515
278, 515
277, 515
276, 515
275, 515
274, 515
273, 515
272, 515
271, 515
270, 515
269, 515
268, 515
267, 515
266, 515
265, 515
264, 515
263, 515
262, 515
261, 515
260, 515
259, 515
258, 515
257, 516
256, 516
255, 516
254, 516
253, 516
252, 516
251, 516
250, 516
249, 516
248, 516
247, 517
246, 517
245, 517
244, 517
243, 518
242, 518
241, 518
240, 518
239, 518
238, 518
237, 518
236, 518
235, 517
234, 517
233, 517
232, 517
231, 518
230, 518
229, 518
228, 518
227, 518
226, 518
225, 518
224, 518
223, 518
222, 519
222, 518
221, 517
220, 517
219, 516
218, 516
217, 516
216, 516
215, 516
214, 515
214, 514
215, 513
215, 512
215, 511
216, 510
216, 509
216, 508
216, 507
216, 506
215, 505
215, 504
215, 503
214, 502
214, 501
214, 500
213, 499
213, 498
212, 497
212, 496
212, 495
211, 494
211, 493
210, 492
210, 491
210, 490
209, 489
208, 488
208, 487
208, 486
207, 485
207, 484
206, 483
206, 482
206, 481
205, 480
205, 479
204, 478
204, 477
203, 476
203, 475
202, 474
202, 473
201, 472
200, 471
200, 470
199, 469
199, 468
199, 467
198, 466
198, 465
197, 464
197, 463
197, 462
196, 461
196, 460
196, 459
195, 458
195, 457
195, 456
194, 455
194, 454
193, 453
193, 452
192, 451
192, 450
191, 449
191, 448
191, 447
190, 446
189, 445
188, 444
188, 443
188, 442
188, 441
188, 440
187, 439
187, 438
187, 437
186, 436
186, 435
185, 434
184, 433
184, 432
184, 431
184, 430
184, 429
183, 428
183, 427
182, 426
182, 425
181, 424
181, 423
181, 422
180, 421
179, 420
179, 419
179, 418
178, 417
178, 416
178, 415
177, 414
177, 413
176, 412
176, 411
176, 410
175, 409
175, 408
174, 407
174, 406
174, 405
174, 404
173, 403
173, 402
172, 401
172, 400
172, 399
171, 398
171, 397
170, 396
169, 396
169, 395
169, 394
169, 393
169, 392
168, 391
168, 390
168, 389
167, 388
167, 387
166, 386
166, 385
166, 384
165, 383
165, 382
164, 381
164, 380
164, 379
163, 378
163, 377
162, 376
162, 375
162, 374
161, 373
161, 372
161, 371
160, 370
160, 369
159, 368
159, 367
159, 366
158, 365
158, 364
157, 363
157, 362
157, 361
156, 360
156, 359
155, 358
155, 357
155, 356
154, 355
154, 354
154, 353
153, 352
153, 351
152, 350
152, 349
152, 348
151, 347
151, 346
151, 345
150, 344
150, 343
150, 342
149, 341
149, 340
148, 339
148, 338
148, 337
147, 336
147, 335
147, 334
146, 333
146, 332
145, 331
145, 330
145, 329
144, 328
144, 327
144, 326
143, 325
143, 324
142, 323
142, 322
141, 321
141, 320
140, 319
140, 318
140, 317
139, 316
139, 315
139, 314
138, 313
138, 312
137, 311
137, 310
136, 309
136, 308
135, 307
135, 306
135, 305
135, 304
134, 303
134, 302
134, 301
133, 300
133, 299
133, 298
132, 297
132, 296
131, 295
131, 294
131, 293
130, 292
130, 291
130, 290
129, 289
129, 288
128, 287
128, 286
128, 285
127, 284
127, 283
127, 282
126, 281
126, 280
125, 279
125, 278
125, 277
124, 276
124, 275
124, 274
123, 273
123, 272
123, 271
122, 270
122, 269
121, 268
121, 267
121, 266
120, 265
120, 264
119, 263
119, 262
119, 261
118, 260
118, 259
118, 258
117, 257
117, 256
117, 255
116, 254
116, 253
115, 252
115, 251
114, 250
114, 249
114, 248
113, 247
113, 246
112, 245
112, 244
112, 243
111, 242
111, 241
110, 240
110, 239
109, 238
109, 237
108, 236
108, 235
108, 234
107, 233
107, 232
107, 231
106, 230
106, 229
105, 228
105, 227
104, 226
104, 225
104, 224
103, 223
103, 222
103, 221
102, 220
102, 219
101, 218
101, 217
100, 216
100, 215
100, 214
99, 213
99, 212
98, 211
98, 210
98, 209
97, 208
97, 207
96, 206
97, 205
97, 204
98, 203
