89, 263
89, 262
89, 261
90, 260
90, 259
90, 258
91, 257
91, 256
92, 255
92, 254
92, 253
93, 252
93, 251
93, 250
93, 249
93, 248
93, 247
94, 246
94, 245
94, 244
95, 243
95, 242
95, 241
95, 240
96, 239
96, 238
96, 237
96, 236
97, 235
97, 234
97, 233
98, 232
98, 231
98, 230
99, 229
99, 228
99, 227
99, 226
100, 225
100, 224
100, 223
101, 222
101, 221
101, 220
102, 219
102, 218
102, 217
102, 216
103, 215
103, 214
103, 213
104, 212
104, 211
105, 210
105, 209
105, 208
105, 207
106, 206
106, 205
106, 204
107, 203
107, 202
107, 201
107, 200
108, 199
108, 198
108, 197
108, 196
109, 195
109, 194
109, 193
109, 192
109, 191
110, 190
110, 189
110, 188
110, 187
110, 186
111, 185
111, 184
112, 183
112, 182
112, 181
112, 180
113, 179
113, 178
113, 177
113, 176
113, 175
114, 174
114, 173
114, 172
114, 171
115, 170
115, 169
115, 168
116, 167
116, 166
116, 165
116, 164
117, 163
117, 162
118, 161
119, 160
120, 160
121, 159
122, 158
123, 158
124, 158
125, 158
126, 158
127, 158
128, 158
129, 158
130, 157
131, 157
132, 157
133, 157
134, 157
135, 157
136, 157
137, 156
138, 156
139, 155
140, 154
141, 153
142, 153
143, 152
144, 152
145, 151
146, 150
147, 149
148, 149
149, 148
150, 147
151, 146
152, 146
153, 145
154, 144
155, 143
156, 142
157, 142
158, 141
158, 140
159, 140
160, 139
161, 138
162, 137
163, 136
164, 135
165, 134
166, 134
167, 133
168, 132
169, 131
170, 130
171, 129
172, 128
173, 127
174, 126
175, 126
176, 125
176, 124
177, 124
178, 123
179, 122
180, 121
181, 120
182, 120
183, 119
184, 118
185, 118
186, 117
187, 116
188, 116
189, 115
190, 114
191, 113
192, 113
193, 112
194, 112
195, 111
196, 110
197, 110
198, 109
199, 108
200, 107
201, 106
202, 105
203, 104
204, 104
205, 103
206, 102
207, 101
208, 100
209, 99
210, 98
211, 98
212, 97
213, 96
214, 95
214, 94
215, 94
216, 93
217, 92
218, 91
219, 90
220, 90
221, 89
222, 89
223, 89
224, 90
225, 90
226, 90
227, 91
228, 91
229, 91
230, 90
231, 90
232, 89
233, 89
234, 89
235, 89
236, 89
237, 89
238, 89
239, 89
240, 89
241, 89
242, 89
243, 89
244, 90
245, 90
246, 90
247, 90
248, 91
249, 91
250, 91
251, 91
252, 92
253, 92
254, 92
255, 92
256, 93
257, 93
258, 93
259, 94
260, 94
261, 94
262, 95
263, 95
264, 95
265, 96
266, 96
267, 96
268, 97
269, 98
270, 98
271, 98
272, 99
273, 99
274, 99
275, 99
276, 100
277, 100
278, 100
279, 101
280, 101
281, 101
282, 102
283, 102
284, 103
285, 103
286, 103
287, 104
288, 104
289, 104
290, 104
291, 105
292, 105
293, 106
294, 106
295, 107
296, 107
297, 107
298, 108
299, 108
300, 108
301, 109
302, 109
303, 109
304, 110
305, 110
306, 110
307, 110
308, 111
309, 111
310, 112
311, 112
312, 112
313, 113
314, 113
315, 113
316, 113
317, 114
318, 114
319, 114
320, 114
321, 115
322, 115
323, 115
324, 116
325, 116
326, 116
327, 117
328, 117
329, 117
330, 118
331, 118
332, 119
333, 119
334, 119
335, 119
336, 120
337, 120
338, 121
339, 121
340, 121
341, 122
342, 122
343, 122
344, 123
345, 123
346, 123
347, 123
348, 124
349, 124
350, 124
351, 125
352, 125
353, 125
354, 126
355, 126
356, 126
357, 127
358, 127
359, 127
360, 128
361, 128
362, 128
363, 129
364, 129
365, 129
366, 130
367, 130
368, 130
369, 130
370, 131
371, 131
372, 132
373, 132
374, 132
375, 132
376, 132
377, 133
378, 134
379, 134
380, 135
381, 135
382, 136
383, 136
384, 136
385, 137
386, 137
387, 137
388, 137
389, 138
390, 138
391, 139
392, 139
393, 140
394, 140
395, 140
396, 140
397, 141
398, 141
399, 141
400, 142
401, 142
402, 142
403, 143
404, 143
405, 143
406, 144
407, 144
408, 145
409, 145
410, 145
411, 146
412, 146
413, 147
414, 147
415, 147
416, 148
417, 148
418, 148
419, 149
420, 149
421, 150
422, 150
423, 150
424, 151
425, 151
426, 151
427, 151
428, 152
429, 152
430, 152
431, 153
432, 154
433, 154
434, 154
435, 155
436, 155
437, 155
438, 156
439, 156
440, 156
441, 157
442, 157
443, 157
444, 158
445, 158
446, 159
447, 159
448, 159
449, 160
450, 160
451, 160
452, 161
453, 161
454, 162
455, 162
456, 162
457, 163
458, 163
459, 163
460, 164
461, 164
462, 164
463, 165
464, 165
465, 166
466, 166
467, 166
468, 167
469, 167
470, 168
471, 168
472, 168
473, 169
474, 169
475, 169
476, 169
477, 170
478, 171
479, 171
480, 171
481, 172
482, 172
483, 172
484, 172
485, 173
486, 173
487, 173
488, 174
489, 174
490, 174
491, 175
492, 175
493, 176
494, 176
495, 177
496, 178
497, 178
498, 179
499, 179
500, 180
501, 180
502, 181
503, 181
504, 182
505, 182
506, 182
507, 183
508, 183
509, 184
510, 184
511, 184
512, 185
513, 185
514, 185
515, 186
516, 186
517, 186
518, 186
519, 186
520, 187
521, 187
522, 188
523, 189
524, 189
525, 190
526, 190
527, 191
528, 191
529, 192
530, 192
531, 192
532, 193
533, 193
534, 193
535, 194
536, 194
537, 195
538, 195
539, 196
540, 196
541, 196
542, 197
543, 197
544, 198
545, 198
546, 198
547, 199
548, 199
549, 199
550, 200
551, 200
552, 201
553, 201
554, 202
555, 202
556, 202
557, 203
558, 203
559, 203
560, 203
561, 204
562, 204
563, 205
564, 205
565, 206
566, 206
567, 207
568, 207
569, 208
570, 208
571, 208
572, 209
573, 209
574, 210
575, 210
576, 211
577, 211
578, 211
579, 212
580, 212
581, 212
582, 213
583, 213
584, 214
585, 214
586, 214
587, 215
588, 215
589, 216
590, 216
591, 216
592, 217
593, 217
594, 217
595, 218
596, 218
597, 219
598, 219
599, 220
600, 220
601, 220
602, 221
603, 221
604, 222
605, 222
606, 222
607, 223
608, 223
609, 224
610, 224
611, 224
612, 225
613, 225
614, 226
615, 226
616, 226
617, 227
618, 227
619, 228
620, 229
621, 229
622, 229
623, 230
624, 230
625, 231
626, 231
627, 231
628, 231
629, 232
630, 232
631, 232
632, 233
633, 233
634, 234
635, 234
636, 235
637, 235
638, 235
639, 236
640, 236
641, 236
642, 236
643, 237
644, 237
645, 238
646, 238
647, 238
648, 239
649, 239
650, 239
651, 240
652, 240
653, 240
654, 241
655, 241
656, 241
657, 242
658, 242
659, 243
660, 243
661, 243
662, 243
663, 244
664, 244
665, 245
666, 245
667, 246
668, 246
669, 246
670, 247
671, 247
672, 248
673, 248
674, 248
675, 248
676, 249
677, 249
678, 250
679, 250
680, 250
681, 251
682, 251
683, 251
684, 252
685, 252
686, 252
687, 252
688, 253
689, 253
690, 254
691, 254
692, 254
693, 255
694, 255
695, 256
696, 256
697, 257
698, 257
699, 257
700, 258
701, 258
702, 259
703, 259
704, 260
705, 260
706, 260
707, 261
708, 261
709, 261
710, 262
711, 262
712, 263
713, 263
714, 263
715, 264
716, 264
717, 264
718, 265
719, 265
720, 265
721, 266
722, 266
723, 266
724, 267
725, 267
726, 267
727, 268
728, 268
729, 268
730, 268
731, 269
732, 269
733, 269
734, 270
735, 270
736, 270
737, 271
738, 271
739, 271
740, 272
741, 272
742, 272
743, 273
744, 273
745, 273
746, 274
747, 274
748, 274
749, 274
750, 274
751, 274
752, 273
752, 272
753, 271
753, 270
753, 269
753, 268
754, 267
754, 266
755, 265
756, 264
757, 263
757, 262
758, 262
759, 261
759, 260
760, 259
760, 258
761, 258
762, 258
762, 259
763, 260
764, 261
765, 262
765, 263
766, 264
766, 265
766, 266
766, 267
766, 268
766, 269
766, 270
766, 271
766, 272
765, 273
765, 274
765, 275
765, 276
765, 277
765, 278
766, 279
767, 280
768, 281
769, 281
770, 282
771, 282
772, 282
773, 283
774, 283
775, 283
776, 284
777, 284
778, 284
779, 284
780, 285
781, 285
782, 286
783, 286
784, 287
785, 288
786, 289
787, 289
788, 290
788, 291
788, 292
788, 293
787, 294
787, 295
786, 296
785, 297
784, 298
783, 298
782, 299
781, 300
780, 300
779, 301
778, 302
778, 303
778, 304
778, 305
777, 306
776, 307
775, 308
775, 309
774, 310
773, 311
773, 312
773, 313
773, 314
773, 315
773, 316
773, 317
773, 318
773, 319
773, 320
773, 321
772, 322
772, 323
771, 324
770, 325
769, 326
768, 326
767, 327
766, 328
766, 329
766, 330
765, 330
764, 331
763, 332
762, 333
762, 334
762, 335
761, 336
760, 337
760, 338
759, 338
758, 339
758, 340
757, 341
756, 342
755, 343
754, 344
753, 345
753, 346
752, 347
752, 348
752, 349
752, 350
751, 350
750, 351
750, 352
750, 353
750, 354
749, 354
748, 355
748, 356
747, 357
747, 358
747, 359
747, 360
746, 361
746, 362
746, 363
746, 364
746, 365
746, 366
745, 366
744, 367
743, 368
743, 369
743, 370
742, 371
741, 372
740, 373
740, 374
740, 375
739, 376
738, 377
738, 378
737, 379
737, 380
736, 381
736, 382
736, 383
736, 384
736, 385
735, 385
734, 386
734, 387
734, 388
733, 389
732, 390
732, 391
731, 392
731, 393
730, 394
730, 395
730, 396
730, 397
729, 398
728, 399
728, 400
728, 401
728, 402
727, 403
727, 404
727, 405
726, 406
726, 407
725, 408
725, 409
724, 410
724, 411
724, 412
723, 413
723, 414
723, 415
722, 416
722, 417
722, 418
721, 419
721, 420
720, 421
720, 422
719, 423
719, 424
719, 425
718, 426
718, 427
718, 428
718, 429
717, 430
716, 431
715, 432
714, 433
714, 434
714, 435
714, 436
714, 437
714, 438
714, 439
714, 440
713, 441
712, 442
712, 443
712, 444
712, 445
712, 446
711, 447
711, 448
710, 449
710, 450
709, 451
708, 452
707, 453
707, 454
707, 455
706, 456
706, 457
706, 458
706, 459
706, 460
706, 461
706, 462
705, 462
704, 463
704, 464
703, 464
702, 465
701, 466
700, 466
699, 466
698, 467
697, 468
696, 469
696, 470
696, 471
696, 472
696, 473
696, 474
695, 474
694, 475
693, 476
692, 477
692, 478
691, 479
690, 480
689, 481
688, 482
688, 483
688, 484
687, 485
686, 486
686, 487
686, 488
686, 489
686, 490
685, 491
685, 492
685, 493
684, 494
683, 495
682, 496
681, 497
681, 498
681, 499
680, 500
680, 501
680, 502
680, 503
680, 504
680, 505
679, 506
679, 507
678, 508
677, 509
676, 510
676, 511
676, 512
675, 513
674, 514
674, 515
673, 515
672, 516
671, 517
670, 518
670, 519
670, 520
670, 521
670, 522
669, 522
668, 523
667, 524
667, 525
667, 526
666, 527
666, 528
665, 529
665, 530
665, 531
665, 532
665, 533
665, 534
664, 535
663, 536
663, 537
662, 538
661, 539
660, 540
660, 541
659, 542
658, 543
658, 544
658, 545
658, 546
657, 547
656, 548
655, 549
655, 550
654, 551
654, 552
654, 553
655, 554
654, 555
654, 556
654, 557
653, 557
652, 558
652, 559
651, 560
651, 561
650, 561
649, 562
649, 563
648, 564
648, 565
647, 566
646, 567
646, 568
646, 569
646, 570
645, 571
644, 572
644, 573
643, 574
643, 575
642, 576
642, 577
641, 578
641, 579
640, 580
640, 581
639, 582
639, 583
638, 584
638, 585
638, 586
637, 587
637, 588
637, 589
636, 590
636, 591
635, 592
634, 593
633, 594
633, 595
632, 596
632, 597
631, 598
631, 599
631, 600
630, 601
630, 602
630, 603
629, 604
629, 605
629, 606
630, 607
629, 607
628, 608
627, 609
626, 610
626, 611
625, 612
625, 613
624, 614
624, 615
624, 616
624, 617
624, 618
623, 619
623, 620
623, 621
623, 622
624, 623
624, 624
624, 625
624, 626
624, 627
624, 628
623, 629
622, 630
622, 631
621, 632
620, 633
619, 634
619, 635
618, 636
618, 637
617, 638
616, 639
615, 640
615, 641
614, 642
613, 643
612, 644
612, 645
611, 646
610, 647
610, 648
609, 649
608, 650
607, 651
606, 651
605, 652
604, 653
603, 654
603, 655
602, 656
602, 657
602, 658
602, 659
601, 660
600, 661
599, 662
599, 663
598, 664
597, 665
597, 666
596, 667
596, 668
596, 669
597, 670
597, 671
598, 672
599, 673
600, 674
600, 675
599, 676
598, 677
598, 678
597, 679
596, 679
595, 680
594, 681
593, 682
593, 683
592, 683
591, 684
590, 685
590, 686
589, 686
588, 687
587, 688
587, 689
586, 690
586, 691
585, 692
584, 693
584, 694
583, 695
583, 696
583, 697
582, 698
581, 698
580, 699
579, 700
579, 701
578, 702
577, 703
577, 704
577, 705
577, 706
578, 707
577, 708
576, 709
575, 710
575, 711
574, 712
574, 713
574, 714
573, 714
572, 715
571, 716
571, 717
571, 718
570, 719
569, 720
569, 721
568, 722
568, 723
568, 724
568, 725
568, 726
567, 726
566, 727
565, 728
564, 729
564, 730
564, 731
564, 732
564, 733
563, 734
563, 735
563, 736
564, 737
564, 738
563, 738
562, 739
562, 740
562, 741
561, 742
560, 743
560, 744
559, 745
559, 746
558, 747
558, 748
558, 749
557, 750
557, 751
556, 752
556, 753
555, 754
555, 755
554, 756
554, 757
553, 758
553, 759
552, 760
552, 761
551, 762
551, 763
551, 764
550, 765
549, 766
549, 767
548, 768
548, 769
548, 770
547, 771
546, 772
546, 773
546, 774
545, 775
545, 776
544, 777
543, 778
542, 779
541, 780
541, 781
540, 782
539, 783
539, 784
538, 785
537, 786
537, 787
536, 788
536, 789
535, 790
534, 791
534, 792
533, 793
533, 794
533, 795
532, 796
532, 797
531, 798
530, 799
530, 800
530, 801
530, 802
529, 803
528, 804
528, 805
527, 806
527, 807
527, 808
526, 809
526, 810
525, 811
524, 812
524, 813
524, 814
523, 814
522, 815
521, 816
520, 817
519, 818
519, 819
518, 820
518, 821
518, 822
518, 823
518, 824
517, 825
516, 826
516, 827
516, 828
516, 829
515, 830
514, 831
514, 832
513, 833
513, 834
513, 835
512, 836
512, 837
511, 838
511, 839
510, 840
510, 841
510, 842
510, 843
509, 843
508, 844
508, 845
507, 846
507, 847
507, 848
506, 849
506, 850
505, 851
504, 851
503, 852
503, 853
502, 853
501, 854
501, 855
500, 856
499, 857
499, 858
499, 859
498, 860
498, 861
498, 862
497, 863
496, 864
496, 865
495, 865
494, 866
493, 867
492, 868
492, 869
492, 870
491, 871
490, 872
490, 873
490, 874
490, 875
489, 876
489, 877
488, 878
487, 879
486, 880
485, 881
484, 881
483, 882
482, 882
481, 881
480, 881
479, 881
478, 881
477, 881
476, 881
475, 880
474, 880
473, 880
473, 879
473, 878
472, 877
471, 877
470, 877
469, 876
468, 876
467, 876
466, 876
465, 875
464, 875
463, 875
462, 874
461, 873
460, 873
459, 872
458, 871
457, 870
456, 869
455, 869
454, 869
453, 868
452, 867
451, 867
450, 866
449, 866
448, 866
447, 865
446, 864
445, 863
444, 863
443, 863
442, 863
441, 863
440, 863
439, 862
438, 861
437, 860
436, 860
435, 859
434, 858
433, 858
432, 857
431, 856
430, 856
429, 855
428, 855
427, 854
426, 853
425, 853
424, 852
423, 852
422, 851
421, 851
421, 850
420, 849
419, 849
418, 849
417, 848
416, 847
415, 847
414, 846
413, 845
412, 845
411, 844
410, 843
409, 843
408, 842
407, 841
406, 840
405, 840
404, 839
403, 839
402, 838
401, 837
400, 837
399, 836
398, 835
397, 835
396, 835
395, 834
394, 834
393, 833
392, 832
391, 831
390, 830
389, 830
388, 829
387, 829
387, 828
386, 827
385, 827
384, 827
383, 827
382, 826
381, 825
380, 825
379, 824
378, 823
377, 823
376, 823
376, 822
375, 821
375, 820
374, 819
373, 819
372, 819
371, 818
370, 817
369, 816
368, 816
367, 816
366, 815
365, 814
364, 813
363, 813
363, 812
362, 811
361, 811
360, 810
359, 809
358, 808
357, 808
356, 807
355, 806
354, 805
353, 804
352, 803
351, 803
350, 802
349, 801
348, 801
347, 800
346, 799
345, 799
344, 798
343, 797
342, 797
341, 796
341, 795
340, 794
339, 794
338, 794
337, 793
336, 793
336, 792
335, 791
334, 790
333, 790
332, 789
331, 789
330, 788
329, 787
328, 787
327, 787
326, 786
325, 785
324, 784
323, 783
322, 783
321, 782
320, 781
319, 781
318, 780
317, 779
317, 778
316, 777
315, 776
314, 776
313, 776
312, 775
311, 774
310, 773
309, 773
308, 773
308, 772
307, 771
306, 771
306, 770
305, 769
304, 769
303, 768
302, 768
301, 768
300, 767
299, 766
298, 766
297, 766
297, 765
296, 764
295, 763
294, 763
293, 762
292, 762
291, 761
290, 761
289, 761
288, 760
288, 759
287, 758
286, 758
285, 757
284, 757
283, 756
282, 755
281, 755
280, 755
280, 754
279, 753
278, 753
277, 752
276, 751
275, 751
274, 750
273, 749
272, 749
271, 748
270, 747
269, 746
268, 745
267, 744
267, 743
267, 742
266, 741
266, 740
265, 739
265, 738
264, 737
263, 736
262, 736
261, 735
260, 735
259, 734
258, 733
257, 733
256, 732
255, 731
254, 731
253, 731
252, 730
252, 729
251, 728
250, 728
249, 728
248, 728
247, 728
246, 729
246, 730
245, 731
245, 732
245, 733
245, 734
246, 735
246, 736
246, 737
247, 738
248, 739
249, 740
249, 741
250, 742
250, 743
250, 744
250, 745
250, 746
250, 747
250, 748
250, 749
249, 750
249, 751
249, 752
248, 753
247, 753
246, 752
246, 751
246, 750
245, 749
245, 748
244, 747
244, 746
243, 745
242, 744
241, 743
240, 742
240, 741
239, 740
238, 739
238, 738
237, 737
236, 736
235, 735
235, 734
234, 733
233, 732
232, 731
232, 730
231, 729
230, 728
230, 727
229, 726
228, 725
228, 724
227, 723
226, 723
226, 722
225, 721
224, 720
223, 719
222, 718
221, 717
220, 717
219, 717
219, 716
219, 715
218, 714
218, 713
217, 712
217, 711
216, 710
215, 709
214, 708
213, 707
212, 707
212, 706
211, 705
210, 704
210, 703
210, 702
209, 701
208, 700
207, 699
206, 699
205, 698
204, 698
203, 697
202, 697
201, 697
200, 696
199, 696
198, 696
197, 696
196, 696
196, 695
196, 694
197, 694
198, 694
199, 694
200, 694
201, 694
202, 694
203, 695
204, 695
205, 695
206, 695
207, 695
208, 695
209, 695
210, 696
211, 696
212, 696
213, 696
214, 697
215, 697
216, 697
217, 697
218, 698
219, 698
220, 698
221, 699
222, 699
223, 699
224, 699
225, 700
226, 700
227, 700
228, 700
229, 701
230, 701
231, 702
232, 702
233, 702
234, 702
235, 703
236, 703
237, 704
238, 704
239, 704
240, 705
241, 705
242, 706
243, 706
244, 706
245, 707
246, 707
247, 707
248, 708
249, 708
250, 708
251, 708
252, 709
253, 709
254, 710
255, 710
256, 710
257, 710
258, 711
259, 711
260, 711
261, 711
262, 711
263, 712
264, 712
265, 712
266, 712
267, 712
268, 713
269, 713
270, 713
271, 713
272, 713
273, 713
274, 713
275, 714
276, 714
277, 714
278, 714
279, 715
280, 715
281, 715
282, 715
283, 716
284, 716
285, 716
286, 717
287, 717
288, 717
289, 717
290, 717
291, 718
292, 718
293, 718
294, 718
295, 718
296, 718
297, 718
298, 718
299, 718
300, 718
301, 718
302, 717
303, 717
304, 717
305, 717
306, 717
307, 717
308, 716
309, 716
310, 716
311, 716
312, 715
313, 715
313, 716
313, 717
314, 718
315, 718
316, 718
317, 718
318, 718
319, 718
320, 718
321, 718
322, 717
323, 717
324, 717
325, 717
326, 717
327, 717
328, 717
329, 717
330, 717
331, 716
332, 716
333, 716
334, 715
335, 715
336, 715
337, 715
338, 714
339, 714
340, 714
341, 714
342, 713
343, 713
344, 713
345, 713
346, 712
347, 712
348, 712
349, 712
350, 712
351, 711
352, 711
353, 711
354, 711
355, 711
356, 710
357, 710
358, 710
359, 710
360, 709
361, 709
362, 709
363, 709
364, 708
365, 708
366, 708
367, 708
368, 707
369, 707
370, 706
371, 706
372, 705
373, 705
374, 705
375, 704
376, 704
377, 704
378, 703
379, 703
380, 703
381, 702
382, 702
383, 701
384, 701
385, 701
386, 700
387, 700
388, 700
389, 699
390, 699
391, 698
392, 698
393, 697
394, 697
395, 697
396, 696
397, 696
398, 696
399, 695
400, 695
401, 694
402, 694
403, 693
404, 693
405, 693
406, 692
407, 692
408, 691
409, 690
410, 690
411, 689
412, 689
413, 688
414, 688
415, 687
416, 687
417, 686
418, 685
419, 685
420, 684
421, 684
422, 683
423, 683
424, 682
425, 681
426, 681
427, 680
428, 679
429, 679
430, 678
431, 678
432, 677
433, 677
434, 676
435, 676
436, 675
437, 674
438, 674
439, 673
440, 673
441, 672
442, 671
443, 671
444, 670
445, 670
446, 669
447, 668
448, 668
449, 667
450, 666
451, 666
452, 665
453, 665
454, 664
455, 664
456, 663
457, 663
458, 662
459, 662
460, 661
461, 660
462, 659
463, 659
464, 658
465, 658
466, 657
467, 656
468, 655
469, 655
470, 654
470, 653
471, 653
472, 652
473, 651
474, 650
475, 650
476, 649
477, 648
478, 647
479, 646
480, 645
481, 644
482, 644
483, 643
484, 642
485, 641
486, 640
487, 640
488, 639
489, 638
490, 637
491, 636
492, 635
493, 634
494, 633
495, 632
496, 631
496, 630
497, 629
498, 628
499, 627
500, 626
500, 625
501, 624
502, 623
503, 622
503, 621
504, 620
504, 619
505, 618
506, 617
506, 616
507, 615
507, 614
508, 613
509, 612
509, 611
510, 610
510, 609
511, 608
512, 607
512, 606
513, 605
513, 604
514, 603
514, 602
515, 601
516, 600
516, 599
517, 598
518, 597
518, 596
518, 595
519, 594
520, 593
520, 592
521, 591
521, 590
522, 589
522, 588
523, 587
523, 586
524, 585
524, 584
525, 583
525, 582
526, 581
526, 580
527, 579
527, 578
528, 577
528, 576
529, 575
529, 574
530, 573
530, 572
531, 571
531, 570
532, 569
532, 568
533, 567
533, 566
534, 565
535, 564
535, 563
536, 562
536, 561
536, 560
537, 559
537, 558
538, 557
538, 556
539, 555
539, 554
540, 553
540, 552
541, 551
541, 550
542, 549
542, 548
542, 547
542, 546
543, 545
543, 544
544, 543
544, 542
545, 541
545, 540
545, 539
546, 538
546, 537
546, 536
546, 535
547, 534
547, 533
548, 532
548, 531
548, 530
548, 529
548, 528
549, 527
549, 526
550, 525
550, 524
550, 523
550, 522
551, 521
551, 520
551, 519
551, 518
551, 517
552, 516
552, 515
552, 514
552, 513
552, 512
552, 511
553, 510
553, 509
553, 508
554, 507
554, 506
554, 505
554, 504
555, 503
555, 502
555, 501
555, 500
556, 499
556, 498
556, 497
557, 496
557, 495
557, 494
557, 493
557, 492
558, 491
558, 490
558, 489
558, 488
558, 487
558, 486
558, 485
558, 484
558, 483
558, 482
558, 481
558, 480
559, 479
559, 478
559, 477
559, 476
559, 475
559, 474
559, 473
559, 472
559, 471
559, 470
559, 469
559, 468
559, 467
559, 466
559, 465
559, 464
559, 463
559, 462
559, 461
559, 460
559, 459
559, 458
559, 457
559, 456
559, 455
559, 454
560, 453
560, 452
560, 451
560, 450
560, 449
561, 448
561, 447
561, 446
561, 445
561, 444
561, 443
561, 442
561, 441
561, 440
560, 439
561, 438
561, 437
561, 436
561, 435
561, 434
560, 433
560, 432
560, 431
560, 430
560, 429
560, 428
560, 427
560, 426
560, 425
560, 424
560, 423
560, 422
560, 421
560, 420
559, 419
559, 418
560, 417
560, 416
560, 415
560, 414
560, 413
560, 412
560, 411
559, 410
559, 409
560, 408
560, 407
560, 406
560, 405
559, 404
559, 403
559, 402
558, 401
558, 400
558, 399
557, 398
557, 397
557, 396
557, 395
557, 394
556, 393
556, 392
556, 391
555, 390
555, 389
555, 388
554, 387
554, 386
554, 385
554, 384
554, 383
553, 382
553, 381
553, 380
552, 379
552, 378
552, 377
552, 376
551, 375
550, 374
550, 373
550, 372
550, 371
549, 370
549, 369
548, 368
548, 367
548, 366
547, 365
547, 364
546, 363
546, 362
546, 361
545, 360
545, 359
544, 358
544, 357
544, 356
544, 355
543, 354
543, 353
543, 352
542, 351
542, 350
541, 349
541, 348
540, 347
540, 346
540, 345
539, 344
539, 343
538, 342
538, 341
538, 340
537, 339
537, 338
536, 337
536, 336
535, 335
535, 334
534, 333
533, 332
533, 331
533, 330
532, 329
532, 328
531, 327
531, 326
530, 325
530, 324
529, 323
528, 322
528, 321
527, 320
527, 319
526, 318
525, 317
525, 316
524, 315
524, 314
523, 313
522, 312
521, 311
521, 310
520, 309
520, 308
519, 307
519, 306
518, 305
517, 304
516, 303
515, 302
515, 301
514, 300
514, 299
513, 298
512, 297
512, 296
511, 295
510, 294
510, 293
509, 292
508, 291
508, 290
507, 289
506, 289
506, 288
505, 287
504, 286
503, 286
503, 285
503, 284
502, 283
501, 282
500, 281
499, 280
498, 279
497, 278
496, 277
495, 276
494, 275
494, 274
493, 273
492, 272
491, 271
490, 270
489, 269
488, 268
487, 267
487, 266
486, 265
485, 264
484, 263
483, 262
482, 261
481, 261
481, 260
480, 259
479, 258
478, 258
478, 257
477, 256
476, 256
475, 255
474, 254
473, 253
472, 252
471, 252
470, 251
470, 250
469, 249
468, 248
467, 247
466, 247
465, 246
464, 245
464, 244
463, 243
462, 242
461, 242
460, 241
459, 241
458, 240
457, 239
456, 238
455, 238
454, 237
454, 236
453, 235
452, 235
451, 234
450, 234
449, 234
449, 233
449, 232
448, 231
447, 230
446, 229
445, 229
444, 228
443, 228
442, 227
441, 226
440, 226
439, 225
438, 225
438, 224
437, 223
436, 223
435, 223
434, 222
433, 221
432, 221
431, 220
430, 219
429, 218
428, 218
427, 217
426, 217
425, 216
424, 215
423, 214
422, 213
421, 213
421, 212
420, 211
419, 211
418, 211
417, 210
416, 209
415, 209
414, 209
413, 208
412, 208
411, 207
410, 206
409, 206
408, 206
407, 205
406, 204
405, 204
404, 203
403, 203
402, 202
401, 202
400, 202
399, 202
398, 201
397, 201
396, 201
395, 200
394, 200
393, 200
392, 200
391, 199
390, 199
389, 198
388, 198
387, 198
386, 197
385, 197
384, 197
383, 197
382, 196
381, 196
380, 196
379, 196
378, 196
377, 195
376, 195
375, 195
374, 195
373, 195
372, 195
371, 195
370, 195
369, 194
368, 194
367, 194
366, 194
365, 194
364, 194
363, 194
362, 193
361, 193
360, 193
359, 192
358, 192
357, 192
356, 192
355, 192
354, 191
353, 191
352, 191
351, 191
350, 191
349, 191
348, 191
347, 191
346, 191
345, 190
344, 190
343, 190
342, 190
341, 190
340, 190
339, 190
338, 190
337, 189
336, 189
335, 189
334, 189
333, 189
332, 189
331, 189
330, 189
329, 189
328, 189
327, 189
326, 189
325, 189
324, 189
323, 189
322, 189
321, 188
320, 188
319, 188
318, 188
317, 188
316, 188
315, 188
314, 188
313, 188
312, 188
311, 188
310, 188
309, 187
308, 187
307, 187
306, 187
305, 187
304, 187
303, 187
302, 187
301, 187
300, 187
299, 187
298, 187
297, 187
296, 187
295, 187
294, 187
293, 187
292, 187
291, 187
290, 187
289, 187
288, 187
287, 187
286, 186
285, 186
284, 186
283, 186
282, 186
281, 186
280, 186
279, 187
278, 187
277, 187
276, 188
276, 189
275, 189
274, 189
273, 190
272, 190
271, 190
270, 190
269, 190
268, 190
267, 190
266, 189
265, 188
264, 188
263, 188
262, 188
261, 188
260, 188
259, 189
258, 190
257, 190
256, 190
255, 190
254, 191
253, 191
252, 191
251, 191
250, 191
249, 191
248, 192
247, 192
246, 192
245, 192
244, 192
243, 192
242, 192
241, 192
240, 193
239, 193
238, 194
237, 194
236, 194
235, 194
234, 194
233, 195
232, 195
231, 195
230, 195
229, 195
228, 196
227, 196
226, 196
225, 196
224, 196
223, 196
222, 196
221, 196
220, 197
219, 197
218, 197
217, 197
216, 197
215, 197
214, 198
213, 198
212, 198
211, 198
210, 199
209, 199
208, 199
207, 200
206, 200
205, 201
204, 201
203, 201
202, 201
201, 201
200, 201
199, 202
198, 202
197, 202
196, 202
195, 203
194, 203
193, 203
192, 203
191, 203
190, 203
189, 203
188, 204
187, 205
186, 205
185, 205
184, 206
183, 206
182, 206
181, 206
180, 207
179, 208
178, 208
177, 209
176, 209
175, 209
174, 209
173, 209
172, 209
171, 209
170, 210
169, 211
169, 212
168, 212
167, 212
166, 212
165, 213
164, 213
163, 213
162, 214
161, 215
160, 216
159, 217
158, 218
157, 218
156, 219
155, 219
154, 219
153, 219
152, 220
152, 221
151, 221
150, 222
150, 223
149, 223
148, 224
147, 225
146, 226
145, 227
144, 227
143, 227
142, 228
142, 229
141, 229
140, 230
139, 231
138, 232
137, 233
136, 234
135, 235
135, 236
134, 237
134, 238
133, 238
132, 239
131, 240
130, 241
129, 242
129, 243
128, 243
127, 244
127, 245
126, 246
125, 247
124, 248
123, 248
122, 248
121, 248
120, 249
120, 250
120, 251
119, 251
118, 251
117, 251
116, 252
116, 253
115, 254
114, 255
113, 255
112, 255
111, 256
110, 256
109, 257
108, 258
107, 259
106, 259
105, 260
104, 260
103, 261
102, 262
102, 263
101, 263
100, 264
99, 264
98, 265
97, 265
96, 266
95, 267
95, 268
94, 269
93, 270
92, 271
92, 270
91, 269
90, 269
89, 268
88, 268
88, 267
88, 266
88, 265
88, 264
