122, 256
123, 255
124, 254
125, 253
125, 252
126, 251
127, 250
127, 249
128, 248
129, 247
130, 246
130, 245
131, 244
132, 243
132, 242
133, 241
134, 240
135, 239
135, 238
135, 237
136, 236
136, 235
137, 234
138, 233
138, 232
139, 231
139, 230
140, 229
140, 228
141, 227
141, 226
142, 225
142, 224
143, 223
144, 222
144, 221
145, 220
145, 219
145, 218
146, 217
146, 216
146, 215
147, 214
148, 213
148, 212
148, 211
149, 210
150, 209
151, 208
152, 207
153, 206
154, 205
154, 204
154, 203
154, 202
155, 201
155, 200
156, 199
156, 198
157, 198
158, 197
159, 196
159, 195
160, 194
160, 193
161, 192
162, 191
163, 190
163, 189
164, 188
165, 187
165, 186
166, 185
166, 184
167, 183
168, 182
168, 181
169, 180
170, 179
170, 178
171, 177
172, 176
172, 175
173, 174
174, 173
174, 172
175, 171
176, 170
176, 169
177, 168
177, 167
178, 166
179, 165
180, 164
181, 163
181, 162
182, 161
182, 160
183, 159
184, 158
184, 157
185, 156
185, 155
186, 154
186, 153
187, 152
188, 151
188, 150
189, 149
190, 148
190, 147
191, 146
192, 145
193, 144
193, 143
194, 142
195, 141
195, 140
196, 139
196, 138
197, 137
197, 136
197, 135
198, 134
198, 133
199, 132
200, 131
200, 130
201, 129
202, 128
203, 127
203, 126
203, 125
204, 124
204, 123
205, 122
206, 121
206, 120
206, 119
206, 118
206, 117
206, 116
205, 115
205, 114
206, 115
207, 115
208, 115
209, 115
210, 114
211, 113
212, 112
212, 111
213, 110
214, 109
214, 108
215, 107
215, 106
216, 105
217, 104
218, 103
219, 102
219, 101
219, 100
220, 99
221, 98
221, 97
222, 96
223, 95
224, 94
225, 94
226, 93
227, 92
227, 91
228, 90
229, 89
230, 89
231, 89
232, 89
233, 89
234, 89
235, 88
236, 88
237, 87
238, 86
239, 86
240, 85
240, 84
241, 84
242, 83
243, 82
244, 82
245, 82
246, 82
247, 83
248, 83
249, 83
250, 84
251, 84
252, 85
253, 85
254, 86
255, 87
256, 87
257, 88
257, 89
258, 90
258, 91
259, 92
260, 92
261, 92
262, 93
263, 94
263, 95
264, 96
264, 97
264, 98
265, 99
266, 100
267, 100
268, 101
269, 102
270, 102
270, 103
271, 104
272, 104
273, 105
274, 106
275, 106
276, 107
276, 108
276, 109
276, 110
277, 111
278, 111
279, 112
280, 112
281, 112
282, 113
283, 113
284, 113
285, 113
286, 113
287, 113
288, 113
289, 114
290, 114
291, 114
292, 114
293, 114
294, 114
295, 115
296, 115
297, 115
298, 115
299, 115
300, 115
301, 115
302, 116
303, 116
304, 116
305, 116
306, 116
307, 116
308, 116
309, 116
310, 116
311, 116
312, 116
313, 117
314, 117
315, 117
316, 117
317, 117
318, 117
319, 118
320, 118
321, 118
322, 118
323, 118
324, 118
325, 118
326, 118
327, 119
328, 119
329, 119
330, 119
331, 119
332, 120
333, 120
334, 120
335, 120
336, 120
337, 120
338, 121
339, 121
340, 121
341, 121
342, 121
343, 122
344, 122
345, 122
346, 122
347, 122
348, 122
349, 123
350, 123
351, 123
352, 123
353, 123
354, 124
355, 124
356, 124
357, 124
358, 124
359, 124
360, 124
361, 124
362, 125
363, 125
364, 125
365, 125
366, 125
367, 126
368, 126
369, 126
370, 126
371, 126
372, 126
373, 127
374, 127
375, 127
376, 127
377, 128
378, 128
379, 128
380, 128
381, 129
382, 129
383, 129
384, 129
385, 130
386, 130
387, 130
388, 130
389, 130
390, 131
391, 131
392, 132
393, 133
394, 133
394, 134
394, 135
394, 136
394, 137
395, 138
395, 139
396, 140
396, 141
397, 142
397, 143
397, 144
397, 145
397, 146
397, 147
398, 148
398, 149
398, 150
398, 151
398, 152
398, 153
398, 154
399, 155
399, 156
399, 157
399, 158
399, 159
399, 160
399, 161
400, 162
400, 163
400, 164
400, 165
400, 166
400, 167
401, 168
401, 169
401, 170
401, 171
401, 172
401, 173
401, 174
401, 175
401, 176
401, 177
402, 178
401, 179
401, 180
401, 181
401, 182
401, 183
401, 184
402, 185
402, 186
402, 187
402, 188
402, 189
402, 190
402, 191
402, 192
402, 193
402, 194
402, 195
402, 196
402, 197
403, 198
403, 199
403, 200
403, 201
403, 202
403, 203
403, 204
403, 205
403, 206
403, 207
404, 208
404, 209
404, 210
404, 211
404, 212
404, 213
404, 214
404, 215
405, 216
405, 217
405, 218
406, 219
406, 220
406, 221
406, 222
406, 223
406, 224
407, 225
407, 226
407, 227
407, 228
407, 229
407, 230
407, 231
407, 232
407, 233
407, 234
407, 235
407, 236
407, 237
408, 238
408, 239
408, 240
408, 241
409, 242
409, 243
410, 244
410, 245
410, 246
410, 247
410, 248
410, 249
410, 250
410, 251
410, 252
411, 253
411, 254
411, 255
411, 256
411, 257
411, 258
411, 259
411, 260
411, 261
411, 262
411, 263
411, 264
411, 265
411, 266
411, 267
411, 268
411, 269
411, 270
411, 271
411, 272
411, 273
411, 274
411, 275
412, 276
412, 277
412, 278
412, 279
412, 280
413, 281
413, 282
413, 283
413, 284
414, 285
414, 286
414, 287
414, 288
414, 289
414, 290
414, 291
415, 292
415, 293
415, 294
416, 295
415, 296
415, 297
415, 298
415, 299
415, 300
416, 301
416, 302
416, 303
416, 304
416, 305
416, 306
416, 307
416, 308
416, 309
417, 310
417, 311
418, 312
418, 313
418, 314
418, 315
419, 316
419, 317
419, 318
419, 319
420, 320
420, 321
420, 322
420, 323
421, 324
421, 325
421, 326
421, 327
421, 328
421, 329
421, 330
422, 331
422, 332
422, 333
422, 334
422, 335
422, 336
422, 337
422, 338
423, 339
423, 340
423, 341
423, 342
424, 343
424, 344
424, 345
424, 346
424, 347
424, 348
424, 349
424, 350
424, 351
424, 352
425, 353
425, 354
425, 355
425, 356
425, 357
426, 358
426, 359
426, 360
426, 361
426, 362
426, 363
426, 364
426, 365
426, 366
427, 367
427, 368
427, 369
428, 370
428, 371
428, 372
428, 373
429, 374
430, 375
430, 376
429, 377
429, 378
429, 379
429, 380
429, 381
430, 382
430, 383
430, 384
430, 385
429, 386
429, 387
429, 388
429, 389
430, 390
430, 391
429, 392
428, 393
428, 394
428, 395
429, 396
429, 397
429, 398
429, 399
429, 400
429, 401
430, 402
430, 403
430, 404
430, 405
431, 406
432, 407
433, 408
434, 408
434, 409
433, 410
432, 411
431, 411
430, 412
429, 413
428, 413
427, 413
426, 413
425, 413
424, 413
423, 413
422, 413
421, 413
420, 413
419, 413
418, 413
417, 412
416, 412
415, 412
414, 412
413, 413
412, 413
411, 413
410, 413
409, 413
408, 413
407, 413
406, 414
405, 414
404, 414
403, 414
402, 414
401, 414
400, 414
399, 414
398, 414
397, 415
396, 415
395, 415
394, 415
393, 415
392, 415
391, 415
390, 415
389, 415
388, 416
387, 416
386, 416
385, 416
384, 416
383, 416
382, 416
381, 416
380, 416
379, 416
378, 417
377, 417
376, 417
375, 417
374, 417
373, 417
372, 417
371, 417
370, 417
369, 417
368, 417
367, 417
366, 418
365, 418
364, 418
363, 418
362, 418
361, 418
360, 418
359, 418
358, 418
357, 418
356, 418
355, 418
354, 418
353, 418
352, 418
351, 418
350, 419
349, 419
348, 419
347, 419
346, 420
345, 420
344, 420
343, 420
342, 420
341, 420
340, 420
339, 420
338, 420
337, 420
336, 420
335, 420
334, 420
333, 420
332, 420
331, 420
330, 420
329, 420
328, 421
327, 421
326, 421
325, 421
324, 421
323, 421
322, 422
321, 422
320, 422
319, 422
318, 422
317, 422
316, 422
315, 422
314, 422
313, 422
312, 422
311, 423
310, 423
309, 423
308, 423
307, 424
306, 424
305, 424
304, 424
303, 424
302, 424
301, 424
300, 424
299, 425
298, 425
297, 425
296, 425
295, 425
294, 425
293, 425
292, 425
291, 425
290, 425
289, 426
288, 426
287, 426
286, 426
285, 426
284, 426
283, 426
282, 427
281, 427
280, 427
279, 427
278, 427
277, 427
276, 428
275, 428
274, 428
273, 428
272, 428
271, 428
270, 428
269, 428
268, 428
267, 429
266, 429
265, 429
264, 429
263, 430
262, 430
261, 430
260, 430
259, 431
258, 431
257, 431
256, 431
255, 431
254, 431
253, 431
252, 431
251, 431
250, 432
249, 432
248, 432
247, 432
246, 432
245, 433
244, 433
243, 433
242, 433
241, 433
240, 434
239, 434
238, 434
237, 434
236, 435
235, 435
234, 436
233, 436
232, 436
231, 435
230, 435
229, 435
228, 435
227, 435
226, 435
225, 435
224, 435
223, 436
222, 437
221, 437
220, 437
219, 437
218, 437
217, 437
216, 437
215, 438
214, 438
213, 439
212, 439
211, 439
210, 439
209, 440
208, 440
207, 440
206, 440
205, 440
204, 440
203, 440
202, 440
201, 440
200, 439
199, 439
198, 439
198, 438
197, 437
196, 436
195, 435
195, 434
194, 433
194, 432
193, 431
193, 430
192, 429
192, 428
192, 427
191, 426
191, 425
191, 424
190, 423
190, 422
189, 421
189, 420
188, 419
188, 418
188, 417
187, 416
187, 415
187, 414
186, 413
186, 412
186, 411
185, 410
185, 409
184, 408
184, 407
184, 406
184, 405
183, 404
183, 403
182, 402
182, 401
181, 400
181, 399
180, 398
180, 397
179, 396
179, 395
178, 394
178, 393
178, 392
177, 391
177, 390
176, 389
176, 388
176, 387
176, 386
175, 385
175, 384
174, 383
174, 382
174, 381
174, 380
173, 379
173, 378
172, 377
172, 376
171, 375
171, 374
171, 373
171, 372
170, 371
170, 370
169, 369
169, 368
169, 367
168, 366
168, 365
168, 364
168, 363
168, 362
167, 361
167, 360
166, 359
166, 358
165, 357
165, 356
165, 355
164, 354
164, 353
164, 352
163, 351
163, 350
162, 349
162, 348
162, 347
161, 346
161, 345
160, 344
160, 343
159, 342
159, 341
159, 340
158, 339
158, 338
157, 337
157, 336
157, 335
156, 334
156, 333
155, 332
155, 331
154, 330
154, 329
153, 328
153, 327
153, 326
152, 325
152, 324
151, 323
151, 322
150, 321
150, 320
149, 319
149, 318
148, 317
148, 316
147, 315
147, 314
146, 313
146, 312
145, 311
145, 310
144, 309
144, 308
143, 307
143, 306
143, 305
142, 304
142, 303
141, 302
141, 301
141, 300
140, 299
140, 298
140, 297
139, 296
138, 295
138, 294
138, 293
137, 292
136, 291
136, 290
135, 289
135, 288
134, 287
133, 286
133, 285
132, 284
132, 283
131, 282
130, 281
129, 280
128, 279
127, 278
126, 277
126, 276
125, 275
125, 274
125, 273
125, 272
125, 271
124, 270
124, 269
124, 268
124, 267
123, 266
123, 265
123, 264
122, 263
122, 262
121, 261
121, 260
121, 259
121, 258
121, 257
