63, 85
63, 84
64, 83
65, 83
66, 83
67, 83
68, 83
69, 83
70, 83
71, 83
72, 83
73, 84
74, 84
75, 84
76, 84
77, 85
78, 85
79, 85
80, 85
81, 86
82, 86
83, 86
84, 87
85, 87
86, 87
87, 88
88, 88
89, 88
90, 89
91, 89
92, 89
93, 90
94, 90
95, 91
96, 91
97, 91
98, 92
99, 92
100, 92
101, 92
102, 93
103, 93
104, 93
105, 94
106, 94
107, 94
108, 95
109, 95
110, 96
111, 96
112, 97
113, 97
114, 98
115, 98
116, 98
117, 99
118, 99
119, 99
120, 99
121, 99
122, 100
123, 100
124, 100
125, 101
126, 101
127, 101
128, 101
129, 101
130, 101
131, 102
132, 102
133, 102
134, 102
135, 103
136, 103
137, 104
138, 104
139, 104
140, 105
141, 105
142, 105
143, 106
144, 106
145, 107
146, 107
147, 108
148, 108
149, 108
150, 109
151, 109
152, 109
153, 109
154, 109
155, 110
156, 110
157, 110
158, 110
159, 111
160, 111
161, 111
162, 111
163, 111
164, 112
165, 112
166, 113
167, 113
168, 114
169, 114
170, 114
171, 115
172, 115
173, 115
174, 116
175, 116
176, 116
177, 117
178, 117
179, 118
180, 118
181, 118
182, 118
183, 118
184, 119
185, 119
186, 120
187, 120
188, 120
189, 120
190, 121
191, 121
192, 122
193, 122
194, 122
195, 122
196, 123
197, 123
198, 124
199, 124
200, 124
201, 124
202, 124
203, 124
204, 125
205, 126
206, 126
207, 126
208, 126
209, 126
210, 127
211, 127
212, 127
213, 128
214, 128
215, 128
216, 128
217, 128
218, 129
219, 130
220, 130
221, 130
222, 131
223, 131
224, 132
225, 132
226, 132
227, 132
228, 133
229, 133
230, 133
231, 134
232, 134
233, 134
234, 135
235, 135
236, 135
237, 136
238, 136
239, 136
240, 136
241, 136
242, 137
243, 137
244, 137
245, 137
246, 137
247, 138
248, 138
249, 138
250, 138
251, 138
252, 139
253, 139
254, 140
255, 140
256, 141
257, 141
258, 141
259, 142
260, 142
261, 142
262, 142
263, 142
264, 143
265, 143
266, 143
267, 144
268, 144
269, 144
270, 145
271, 145
272, 145
273, 146
274, 146
275, 146
276, 146
277, 147
278, 147
279, 148
280, 148
281, 148
282, 149
283, 149
284, 149
285, 150
286, 150
287, 150
288, 151
289, 151
290, 151
291, 152
292, 152
293, 152
294, 153
295, 153
296, 153
297, 154
298, 154
299, 154
300, 154
301, 155
302, 155
303, 155
304, 156
305, 156
306, 156
307, 156
308, 157
309, 157
310, 157
311, 158
312, 158
313, 158
314, 159
315, 159
316, 159
317, 160
318, 160
319, 160
320, 160
321, 160
322, 161
323, 162
324, 162
325, 162
326, 163
327, 163
328, 163
329, 163
330, 164
331, 164
332, 164
333, 165
334, 165
335, 165
336, 166
337, 166
338, 166
339, 166
340, 167
341, 168
342, 168
343, 169
344, 169
345, 170
346, 170
347, 171
348, 171
349, 172
350, 173
351, 174
352, 175
353, 175
354, 176
355, 176
356, 176
357, 177
358, 178
359, 178
360, 179
361, 180
362, 180
363, 181
364, 181
365, 182
366, 182
367, 182
368, 183
369, 183
370, 184
371, 184
372, 185
373, 185
374, 186
375, 186
376, 187
377, 187
378, 187
379, 188
380, 188
381, 189
382, 189
383, 190
384, 190
385, 190
386, 191
387, 191
388, 191
389, 192
390, 192
391, 192
392, 192
393, 192
394, 193
395, 193
396, 193
397, 194
398, 194
399, 194
400, 194
401, 195
402, 195
403, 195
404, 195
405, 195
406, 194
407, 194
408, 194
409, 194
410, 194
411, 194
412, 193
413, 192
414, 191
415, 190
416, 189
417, 188
418, 187
418, 186
419, 186
420, 185
421, 185
422, 184
423, 184
424, 184
425, 183
426, 182
427, 182
428, 181
429, 180
430, 179
431, 179
432, 178
433, 177
434, 176
435, 176
436, 175
437, 174
438, 173
439, 172
440, 171
441, 170
442, 170
443, 169
444, 168
445, 167
446, 166
447, 166
448, 165
448, 164
449, 164
450, 163
451, 162
452, 161
453, 160
454, 159
455, 158
456, 157
457, 157
458, 156
459, 155
460, 154
461, 153
462, 152
463, 151
464, 150
465, 150
466, 149
467, 148
468, 147
469, 146
470, 145
471, 144
472, 143
473, 142
473, 141
474, 141
475, 140
476, 139
477, 138
477, 137
478, 137
479, 136
480, 136
481, 135
482, 134
483, 133
484, 132
485, 131
486, 130
487, 129
488, 128
489, 127
490, 127
491, 126
492, 125
493, 124
494, 123
495, 122
496, 121
497, 120
498, 119
499, 118
500, 118
501, 117
502, 116
503, 115
504, 114
505, 113
506, 112
507, 111
508, 110
509, 109
510, 108
511, 107
512, 106
513, 105
514, 104
515, 103
516, 102
517, 102
518, 101
518, 100
519, 99
520, 98
520, 97
521, 96
522, 95
522, 94
522, 93
522, 92
522, 91
522, 90
522, 89
522, 88
523, 87
523, 86
524, 85
525, 84
526, 83
527, 82
528, 81
529, 80
530, 80
530, 81
530, 82
530, 83
530, 84
530, 85
530, 86
531, 87
532, 88
533, 89
533, 90
533, 91
533, 92
533, 93
533, 94
533, 95
533, 96
533, 97
533, 98
533, 99
533, 100
533, 101
533, 102
532, 103
532, 104
532, 105
532, 106
532, 107
532, 108
532, 109
532, 110
532, 111
532, 112
532, 113
533, 114
533, 115
533, 116
533, 117
533, 118
533, 119
533, 120
533, 121
533, 122
533, 123
533, 124
533, 125
534, 126
534, 127
534, 128
534, 129
534, 130
534, 131
534, 132
534, 133
534, 134
534, 135
534, 136
534, 137
535, 138
535, 139
535, 140
535, 141
535, 142
535, 143
535, 144
535, 145
535, 146
535, 147
535, 148
535, 149
535, 150
535, 151
535, 152
535, 153
535, 154
536, 155
536, 156
536, 157
536, 158
536, 159
536, 160
536, 161
536, 162
536, 163
536, 164
536, 165
536, 166
536, 167
536, 168
536, 169
536, 170
536, 171
536, 172
536, 173
536, 174
536, 175
536, 176
536, 177
536, 178
536, 179
537, 180
537, 181
537, 182
536, 183
536, 184
536, 185
536, 186
536, 187
536, 188
536, 189
536, 190
536, 191
536, 192
536, 193
536, 194
536, 195
536, 196
536, 197
536, 198
536, 199
536, 200
537, 201
537, 202
537, 203
537, 204
537, 205
537, 206
537, 207
537, 208
537, 209
537, 210
537, 211
537, 212
537, 213
537, 214
537, 215
537, 216
537, 217
537, 218
537, 219
537, 220
537, 221
537, 222
537, 223
537, 224
537, 225
537, 226
537, 227
537, 228
537, 229
537, 230
537, 231
537, 232
537, 233
537, 234
537, 235
538, 236
538, 237
538, 238
538, 239
538, 240
538, 241
538, 242
538, 243
538, 244
538, 245
538, 246
538, 247
538, 248
538, 249
538, 250
538, 251
538, 252
538, 253
538, 254
538, 255
538, 256
538, 257
538, 258
538, 259
538, 260
538, 261
538, 262
538, 263
538, 264
538, 265
538, 266
538, 267
538, 268
538, 269
538, 270
538, 271
538, 272
538, 273
538, 274
538, 275
538, 276
538, 277
538, 278
538, 279
538, 280
538, 281
538, 282
538, 283
538, 284
538, 285
538, 286
538, 287
538, 288
538, 289
539, 290
539, 291
539, 292
539, 293
539, 294
539, 295
539, 296
539, 297
539, 298
539, 299
539, 300
539, 301
539, 302
539, 303
539, 304
539, 305
539, 306
539, 307
539, 308
539, 309
539, 310
539, 311
539, 312
539, 313
539, 314
539, 315
539, 316
539, 317
539, 318
539, 319
539, 320
540, 321
540, 322
540, 323
540, 324
540, 325
540, 326
540, 327
540, 328
540, 329
540, 330
540, 331
540, 332
540, 333
540, 334
540, 335
540, 336
540, 337
540, 338
540, 339
540, 340
540, 341
540, 342
540, 343
540, 344
540, 345
540, 346
540, 347
540, 348
540, 349
540, 350
540, 351
540, 352
540, 353
540, 354
540, 355
540, 356
540, 357
540, 358
540, 359
540, 360
540, 361
540, 362
540, 363
540, 364
540, 365
540, 366
540, 367
540, 368
541, 369
541, 370
541, 371
541, 372
541, 373
541, 374
541, 375
541, 376
541, 377
541, 378
541, 379
541, 380
541, 381
541, 382
541, 383
541, 384
541, 385
541, 386
541, 387
540, 388
540, 389
540, 390
541, 391
541, 392
540, 393
540, 394
539, 395
539, 396
538, 396
537, 396
536, 397
535, 397
534, 398
533, 398
532, 398
531, 399
530, 399
529, 399
528, 400
527, 400
526, 401
525, 401
524, 402
523, 402
522, 403
521, 403
520, 404
519, 404
518, 404
517, 405
516, 405
515, 406
514, 406
513, 406
512, 407
511, 407
510, 408
509, 408
508, 409
507, 409
506, 410
505, 411
504, 411
503, 411
502, 412
501, 412
500, 413
499, 413
498, 413
497, 414
496, 414
495, 414
494, 415
493, 415
492, 416
491, 417
490, 417
489, 417
488, 417
487, 418
486, 419
485, 419
484, 419
483, 420
482, 421
481, 421
480, 421
479, 422
478, 422
477, 422
476, 423
475, 423
474, 424
473, 424
472, 425
472, 426
471, 426
470, 426
469, 426
468, 427
467, 427
466, 428
466, 429
465, 429
464, 429
463, 429
462, 430
461, 430
460, 431
459, 431
458, 432
457, 432
456, 432
455, 433
454, 433
453, 434
452, 435
451, 435
450, 435
449, 435
448, 436
447, 436
446, 437
445, 437
444, 438
443, 439
442, 439
441, 439
440, 440
439, 440
438, 441
437, 442
436, 442
435, 442
434, 442
433, 442
432, 443
431, 443
430, 444
429, 445
428, 445
427, 445
426, 445
425, 446
424, 446
423, 446
422, 446
421, 447
420, 447
419, 448
418, 448
417, 449
416, 450
415, 450
414, 450
413, 450
412, 451
411, 452
410, 452
409, 452
408, 453
407, 453
406, 454
405, 454
404, 455
403, 455
402, 455
401, 456
400, 456
399, 457
398, 457
397, 457
396, 457
395, 458
394, 459
393, 459
392, 459
391, 460
390, 460
389, 461
388, 461
387, 462
386, 462
385, 463
384, 463
383, 463
382, 464
381, 464
380, 465
379, 465
378, 466
377, 466
376, 467
375, 467
374, 467
373, 468
372, 468
371, 469
370, 470
369, 470
368, 470
367, 470
366, 471
365, 471
364, 472
363, 472
362, 473
361, 473
360, 473
359, 474
358, 475
357, 475
356, 476
355, 476
354, 476
353, 476
352, 476
351, 477
350, 478
349, 478
348, 478
347, 479
346, 479
345, 480
344, 481
343, 481
342, 481
341, 482
340, 482
339, 483
338, 483
337, 483
336, 484
335, 484
334, 485
333, 485
332, 486
331, 486
330, 486
329, 486
328, 487
327, 487
326, 488
325, 488
324, 488
323, 489
322, 490
321, 490
320, 490
319, 491
318, 491
317, 491
316, 492
315, 492
314, 493
313, 493
312, 494
311, 494
310, 495
309, 495
308, 496
307, 496
306, 496
305, 495
304, 495
303, 495
302, 495
301, 495
300, 495
299, 495
298, 495
297, 495
296, 495
295, 494
294, 494
293, 494
292, 494
291, 494
290, 494
289, 494
288, 493
287, 493
286, 493
285, 493
284, 493
283, 493
282, 493
281, 493
280, 493
279, 493
278, 493
277, 492
276, 492
275, 492
274, 492
273, 491
272, 491
271, 491
270, 491
269, 491
268, 491
267, 490
266, 490
265, 490
264, 490
263, 489
262, 489
261, 489
260, 488
259, 488
258, 488
257, 488
256, 488
255, 488
254, 488
253, 488
252, 487
251, 487
250, 487
249, 486
248, 486
247, 486
246, 486
245, 485
245, 484
244, 483
243, 482
243, 481
242, 480
241, 479
241, 478
240, 477
240, 476
239, 475
239, 474
238, 473
238, 472
238, 471
237, 470
237, 469
236, 468
236, 467
235, 466
235, 465
234, 464
234, 463
233, 462
233, 461
232, 460
232, 459
231, 458
231, 457
231, 456
230, 455
230, 454
230, 453
229, 452
229, 451
228, 450
228, 449
227, 448
226, 447
226, 446
226, 445
226, 444
225, 443
225, 442
224, 441
224, 440
223, 439
223, 438
222, 437
222, 436
221, 435
221, 434
220, 433
219, 432
219, 431
218, 430
218, 429
218, 428
217, 427
217, 426
217, 425
216, 424
215, 423
215, 422
215, 421
214, 420
214, 419
214, 418
213, 417
213, 416
212, 415
212, 414
212, 413
211, 412
210, 411
210, 410
210, 409
209, 408
209, 407
209, 406
209, 405
210, 404
210, 403
210, 402
210, 401
210, 400
210, 399
210, 398
209, 397
209, 396
208, 395
208, 394
207, 393
207, 392
206, 391
206, 390
205, 389
205, 388
205, 387
205, 386
204, 385
204, 384
203, 383
202, 382
202, 381
202, 380
201, 379
201, 378
200, 377
200, 376
200, 375
199, 374
198, 373
198, 372
198, 371
197, 370
197, 369
196, 368
196, 367
195, 366
194, 365
194, 364
194, 363
193, 362
193, 361
192, 360
192, 359
191, 358
191, 357
190, 356
190, 355
190, 354
189, 353
189, 352
188, 351
187, 350
187, 349
187, 348
186, 347
185, 346
185, 345
185, 344
184, 343
184, 342
184, 341
183, 340
182, 339
182, 338
181, 337
181, 336
180, 335
180, 334
180, 333
179, 332
178, 331
178, 330
178, 329
177, 328
176, 327
176, 326
175, 325
175, 324
174, 323
174, 322
174, 321
173, 320
173, 319
172, 318
171, 317
171, 316
170, 315
170, 314
170, 313
169, 312
169, 311
168, 310
167, 310
167, 309
167, 308
166, 307
166, 306
165, 305
164, 304
164, 303
164, 302
163, 301
162, 300
162, 299
162, 298
161, 297
161, 296
160, 295
160, 294
159, 293
159, 292
158, 291
158, 290
157, 289
157, 288
156, 287
156, 286
155, 285
155, 284
154, 283
154, 282
154, 281
153, 280
152, 279
152, 278
151, 277
150, 276
150, 275
150, 274
149, 273
149, 272
148, 271
148, 270
147, 269
147, 268
147, 267
146, 266
145, 265
145, 264
144, 263
144, 262
143, 261
143, 260
142, 259
142, 258
141, 257
141, 256
141, 255
140, 254
140, 253
139, 252
139, 251
138, 250
138, 249
137, 248
137, 247
136, 246
135, 245
135, 244
134, 243
134, 242
133, 241
133, 240
133, 239
132, 238
131, 237
131, 236
130, 235
130, 234
129, 233
129, 232
128, 231
128, 230
127, 229
127, 228
126, 227
126, 226
125, 225
125, 224
124, 223
124, 222
123, 221
123, 220
122, 219
122, 218
121, 217
120, 216
120, 215
120, 214
119, 213
119, 212
119, 211
118, 210
117, 209
117, 208
116, 207
116, 206
115, 205
115, 204
115, 203
114, 202
114, 201
113, 200
113, 199
112, 198
112, 197
111, 196
110, 195
110, 194
110, 193
109, 192
109, 191
109, 190
108, 189
108, 188
107, 187
107, 186
107, 185
106, 184
106, 183
106, 182
105, 181
105, 180
104, 179
104, 178
103, 177
103, 176
103, 175
102, 174
102, 173
101, 172
101, 171
100, 170
100, 169
100, 168
99, 167
98, 166
98, 165
97, 164
97, 163
96, 162
96, 161
95, 160
95, 159
95, 158
94, 157
94, 156
93, 155
93, 154
92, 153
92, 152
91, 151
91, 150
90, 149
90, 148
90, 147
89, 146
89, 145
88, 144
88, 143
87, 142
86, 141
86, 140
86, 139
86, 138
85, 137
85, 136
84, 135
84, 134
83, 133
83, 132
82, 131
82, 130
81, 129
80, 128
80, 127
79, 126
79, 125
79, 124
78, 123
78, 122
77, 121
77, 120
76, 119
76, 118
75, 117
75, 116
74, 115
74, 114
73, 113
73, 112
72, 111
72, 110
72, 109
71, 108
71, 107
70, 106
70, 105
70, 104
69, 103
69, 102
68, 101
68, 100
67, 99
67, 98
67, 97
66, 96
65, 95
65, 94
65, 93
64, 92
64, 91
63, 90
63, 89
63, 88
62, 87
62, 86
