132, 419
132, 418
133, 417
133, 416
133, 415
133, 414
133, 413
133, 412
133, 411
133, 410
133, 409
133, 408
133, 407
133, 406
134, 405
134, 404
134, 403
134, 402
134, 401
134, 400
134, 399
134, 398
134, 397
134, 396
134, 395
134, 394
134, 393
134, 392
134, 391
134, 390
134, 389
134, 388
135, 387
135, 386
135, 385
135, 384
135, 383
135, 382
135, 381
135, 380
135, 379
135, 378
135, 377
135, 376
135, 375
135, 374
136, 373
136, 372
136, 371
136, 370
136, 369
136, 368
136, 367
136, 366
136, 365
136, 364
136, 363
137, 362
137, 361
137, 360
137, 359
137, 358
137, 357
137, 356
138, 355
138, 354
138, 353
138, 352
138, 351
137, 350
137, 349
137, 348
137, 347
138, 346
138, 345
138, 344
138, 343
138, 342
138, 341
138, 340
138, 339
138, 338
138, 337
138, 336
138, 335
138, 334
138, 333
138, 332
139, 331
139, 330
139, 329
139, 328
139, 327
139, 326
139, 325
139, 324
139, 323
139, 322
139, 321
139, 320
139, 319
139, 318
139, 317
139, 316
139, 315
139, 314
139, 313
139, 312
139, 311
139, 310
139, 309
139, 308
139, 307
140, 306
140, 305
140, 304
140, 303
140, 302
140, 301
140, 300
140, 299
140, 298
140, 297
140, 296
140, 295
140, 294
140, 293
140, 292
140, 291
140, 290
140, 289
140, 288
140, 287
140, 286
140, 285
140, 284
140, 283
140, 282
140, 281
140, 280
140, 279
140, 278
140, 277
140, 276
140, 275
140, 274
140, 273
140, 272
140, 271
140, 270
140, 269
140, 268
140, 267
140, 266
140, 265
140, 264
140, 263
140, 262
140, 261
140, 260
140, 259
140, 258
140, 257
140, 256
141, 255
141, 254
141, 253
141, 252
140, 251
141, 250
141, 249
141, 248
140, 247
140, 246
140, 245
140, 244
140, 243
140, 242
140, 241
140, 240
140, 239
140, 238
140, 237
140, 236
140, 235
140, 234
140, 233
140, 232
140, 231
140, 230
140, 229
140, 228
140, 227
140, 226
140, 225
140, 224
140, 223
140, 222
140, 221
140, 220
140, 219
140, 218
140, 217
140, 216
140, 215
140, 214
140, 213
140, 212
140, 211
140, 210
140, 209
140, 208
140, 207
140, 206
140, 205
140, 204
140, 203
140, 202
140, 201
140, 200
140, 199
140, 198
140, 197
140, 196
140, 195
141, 194
141, 193
141, 192
140, 191
140, 190
140, 189
140, 188
140, 187
140, 186
141, 185
141, 184
141, 183
141, 182
141, 181
141, 180
141, 179
141, 178
141, 177
141, 176
141, 175
141, 174
141, 173
141, 172
141, 171
141, 170
141, 169
141, 168
141, 167
141, 166
141, 165
141, 164
141, 163
141, 162
141, 161
141, 160
141, 159
141, 158
141, 157
141, 156
141, 155
141, 154
141, 153
141, 152
141, 151
141, 150
141, 149
141, 148
141, 147
141, 146
141, 145
141, 144
141, 143
141, 142
141, 141
141, 140
141, 139
141, 138
141, 137
141, 136
141, 135
141, 134
141, 133
141, 132
141, 131
141, 130
141, 129
141, 128
141, 127
142, 126
142, 125
142, 124
142, 123
142, 122
142, 121
142, 120
142, 119
142, 118
142, 117
142, 116
142, 115
142, 114
142, 113
142, 112
142, 111
142, 110
142, 109
142, 108
142, 107
142, 106
142, 105
142, 104
142, 103
142, 102
142, 101
142, 100
142, 99
142, 98
142, 97
142, 96
142, 95
142, 94
142, 93
142, 92
142, 91
142, 90
142, 89
143, 88
143, 87
143, 86
143, 85
143, 84
143, 83
143, 82
143, 81
143, 80
143, 79
144, 78
144, 77
144, 76
144, 75
144, 74
144, 73
144, 72
144, 71
144, 70
143, 69
144, 68
144, 67
144, 66
144, 65
144, 64
144, 63
144, 62
144, 61
145, 60
145, 59
146, 59
147, 58
148, 58
149, 58
150, 58
151, 57
152, 57
153, 57
154, 57
155, 57
156, 57
157, 57
158, 57
159, 57
160, 57
161, 56
162, 56
163, 56
164, 56
165, 56
166, 56
167, 56
168, 56
169, 56
170, 56
171, 56
172, 56
173, 56
174, 56
175, 56
176, 55
177, 54
178, 54
179, 55
180, 55
181, 55
182, 55
183, 55
184, 55
185, 55
186, 55
187, 55
188, 56
189, 56
190, 56
191, 56
192, 56
193, 56
194, 56
195, 56
196, 56
197, 56
198, 55
199, 55
200, 56
201, 56
202, 56
203, 56
204, 56
205, 56
206, 56
207, 56
208, 56
209, 56
210, 56
211, 56
212, 56
213, 56
214, 56
215, 56
216, 55
217, 55
218, 55
219, 55
220, 56
221, 56
222, 56
223, 55
224, 55
225, 55
226, 55
227, 55
228, 56
229, 56
230, 56
231, 56
232, 56
233, 56
234, 56
235, 56
236, 56
237, 55
238, 55
239, 54
240, 54
241, 55
242, 55
243, 55
244, 55
245, 55
246, 56
247, 56
248, 56
249, 56
250, 56
251, 56
252, 56
253, 56
254, 56
255, 56
256, 56
257, 56
258, 56
259, 57
260, 57
261, 57
262, 57
263, 56
264, 56
265, 56
266, 56
267, 57
268, 57
269, 57
270, 57
271, 57
272, 57
273, 58
274, 58
275, 58
276, 58
277, 58
278, 58
279, 58
280, 58
281, 58
282, 58
283, 58
284, 58
285, 58
286, 58
287, 58
288, 58
289, 58
290, 58
291, 58
292, 59
293, 59
294, 59
295, 59
296, 59
297, 59
298, 59
299, 59
300, 59
301, 59
302, 59
303, 59
304, 58
305, 58
306, 59
307, 59
308, 59
309, 60
310, 60
311, 60
312, 59
313, 59
314, 60
315, 60
316, 60
317, 60
318, 60
319, 60
320, 60
321, 60
322, 60
323, 60
324, 60
325, 60
326, 60
327, 60
328, 60
329, 60
330, 60
331, 60
332, 60
333, 60
334, 60
335, 60
336, 60
337, 60
338, 61
339, 61
340, 61
341, 61
342, 61
343, 60
344, 60
345, 60
346, 60
347, 60
348, 60
349, 60
350, 60
351, 60
352, 60
353, 60
354, 60
355, 60
356, 60
357, 61
358, 61
359, 61
360, 61
361, 61
362, 61
363, 61
364, 61
365, 61
366, 61
367, 61
368, 61
369, 61
370, 61
371, 61
372, 61
373, 61
374, 61
375, 61
376, 61
377, 61
378, 61
379, 61
380, 62
381, 62
382, 62
383, 62
384, 62
385, 62
386, 61
387, 61
388, 61
389, 61
390, 61
391, 61
392, 61
393, 61
394, 61
395, 61
396, 61
397, 61
398, 61
399, 61
400, 61
401, 61
402, 61
403, 61
404, 61
405, 61
406, 61
407, 61
408, 61
409, 61
410, 61
411, 61
412, 61
413, 61
414, 61
415, 61
416, 61
417, 61
418, 61
419, 61
420, 61
421, 61
422, 62
423, 62
424, 62
425, 62
426, 62
427, 62
428, 62
429, 62
430, 62
431, 62
432, 62
433, 62
434, 62
435, 62
436, 62
437, 62
438, 62
439, 62
440, 62
441, 62
442, 62
443, 62
444, 63
445, 63
446, 63
447, 63
448, 63
449, 63
450, 63
451, 63
452, 63
453, 63
454, 63
455, 63
456, 63
457, 63
458, 63
459, 63
460, 63
461, 63
462, 63
463, 63
464, 63
465, 63
466, 63
467, 63
468, 63
469, 63
470, 63
471, 63
472, 63
473, 63
474, 63
475, 63
476, 62
477, 62
478, 62
479, 62
480, 62
481, 62
482, 62
483, 62
484, 62
485, 62
486, 62
487, 62
488, 61
489, 61
490, 61
491, 61
492, 61
493, 62
494, 62
495, 62
496, 61
497, 61
498, 61
499, 61
500, 61
501, 61
502, 61
503, 61
504, 61
505, 61
506, 61
507, 61
508, 60
509, 60
510, 60
511, 59
512, 59
513, 60
514, 60
515, 60
516, 60
517, 60
518, 60
519, 61
520, 61
521, 61
522, 61
523, 61
524, 61
525, 61
526, 61
527, 61
528, 61
529, 61
530, 61
531, 61
532, 61
533, 61
534, 61
535, 61
536, 61
537, 61
538, 60
539, 60
540, 60
541, 60
542, 60
543, 60
544, 59
545, 59
546, 59
547, 59
548, 59
549, 59
550, 60
551, 61
552, 62
552, 63
552, 64
552, 65
553, 66
553, 67
553, 68
553, 69
553, 70
552, 71
552, 72
552, 73
552, 74
553, 75
553, 76
553, 77
553, 78
553, 79
553, 80
553, 81
553, 82
553, 83
553, 84
553, 85
553, 86
553, 87
553, 88
553, 89
553, 90
553, 91
553, 92
554, 93
554, 94
554, 95
554, 96
555, 97
555, 98
555, 99
555, 100
555, 101
555, 102
555, 103
554, 104
554, 105
553, 106
553, 107
553, 108
553, 109
553, 110
553, 111
553, 112
553, 113
553, 114
553, 115
554, 116
554, 117
554, 118
554, 119
554, 120
554, 121
554, 122
554, 123
554, 124
554, 125
554, 126
554, 127
554, 128
554, 129
555, 130
555, 131
555, 132
555, 133
555, 134
555, 135
555, 136
555, 137
555, 138
555, 139
555, 140
555, 141
555, 142
555, 143
555, 144
555, 145
555, 146
555, 147
555, 148
555, 149
556, 150
556, 151
556, 152
556, 153
557, 154
558, 155
558, 156
558, 157
558, 158
558, 159
557, 160
557, 161
557, 162
556, 163
555, 164
554, 164
553, 164
552, 164
551, 165
550, 166
550, 167
549, 168
548, 169
548, 170
547, 171
547, 172
546, 173
546, 174
546, 175
546, 176
546, 177
546, 178
546, 179
546, 180
546, 181
546, 182
546, 183
546, 184
546, 185
546, 186
546, 187
546, 188
546, 189
546, 190
546, 191
546, 192
546, 193
546, 194
546, 195
546, 196
546, 197
546, 198
546, 199
546, 200
546, 201
547, 202
546, 203
546, 204
546, 205
546, 206
546, 207
546, 208
546, 209
546, 210
547, 211
547, 212
547, 213
547, 214
547, 215
547, 216
547, 217
547, 218
547, 219
547, 220
547, 221
547, 222
547, 223
547, 224
547, 225
547, 226
547, 227
547, 228
547, 229
547, 230
547, 231
547, 232
547, 233
547, 234
547, 235
547, 236
547, 237
547, 238
547, 239
547, 240
547, 241
547, 242
547, 243
547, 244
547, 245
547, 246
547, 247
547, 248
548, 249
548, 250
548, 251
548, 252
548, 253
548, 254
548, 255
548, 256
548, 257
548, 258
548, 259
548, 260
548, 261
548, 262
548, 263
548, 264
548, 265
549, 266
549, 267
549, 268
549, 269
549, 270
549, 271
549, 272
549, 273
549, 274
549, 275
549, 276
549, 277
549, 278
549, 279
549, 280
549, 281
549, 282
549, 283
549, 284
549, 285
549, 286
549, 287
549, 288
549, 289
549, 290
549, 291
549, 292
550, 293
550, 294
550, 295
550, 296
550, 297
550, 298
550, 299
550, 300
550, 301
550, 302
550, 303
550, 304
550, 305
550, 306
550, 307
550, 308
550, 309
550, 310
550, 311
550, 312
551, 313
551, 314
551, 315
551, 316
551, 317
551, 318
551, 319
551, 320
551, 321
551, 322
551, 323
551, 324
551, 325
551, 326
551, 327
551, 328
551, 329
551, 330
551, 331
551, 332
551, 333
551, 334
551, 335
551, 336
551, 337
551, 338
551, 339
551, 340
551, 341
551, 342
551, 343
551, 344
551, 345
552, 346
552, 347
552, 348
552, 349
552, 350
552, 351
552, 352
552, 353
552, 354
552, 355
552, 356
552, 357
552, 358
552, 359
552, 360
552, 361
552, 362
552, 363
552, 364
552, 365
552, 366
553, 367
553, 368
553, 369
553, 370
553, 371
553, 372
553, 373
553, 374
553, 375
553, 376
553, 377
553, 378
553, 379
553, 380
553, 381
553, 382
553, 383
553, 384
553, 385
553, 386
553, 387
553, 388
553, 389
553, 390
553, 391
553, 392
553, 393
553, 394
553, 395
553, 396
553, 397
553, 398
553, 399
553, 400
553, 401
553, 402
553, 403
553, 404
553, 405
554, 406
554, 407
554, 408
554, 409
554, 410
554, 411
554, 412
554, 413
554, 414
554, 415
554, 416
554, 417
554, 418
554, 419
554, 420
554, 421
554, 422
554, 423
554, 424
554, 425
554, 426
554, 427
554, 428
554, 429
554, 430
554, 431
554, 432
553, 433
552, 434
551, 435
550, 436
549, 436
548, 437
547, 437
546, 437
545, 437
544, 438
543, 438
542, 437
541, 437
540, 436
539, 436
538, 435
537, 435
536, 435
535, 436
534, 436
533, 436
532, 437
531, 437
530, 437
529, 437
528, 437
527, 437
526, 436
525, 436
524, 436
523, 436
522, 436
521, 437
520, 437
519, 437
518, 437
517, 437
516, 438
515, 438
514, 438
514, 437
513, 436
512, 436
511, 436
510, 436
509, 436
508, 436
507, 437
507, 438
506, 437
505, 437
504, 437
503, 437
502, 437
501, 437
500, 437
499, 437
498, 437
497, 437
496, 437
495, 437
494, 437
493, 437
492, 437
491, 437
490, 437
489, 437
488, 437
487, 437
486, 437
485, 438
484, 438
483, 438
482, 438
481, 438
480, 438
479, 438
478, 438
477, 438
476, 438
475, 438
474, 438
473, 438
472, 438
471, 438
470, 438
469, 438
468, 438
467, 438
466, 438
465, 438
464, 438
463, 438
462, 438
461, 438
460, 438
459, 438
458, 439
457, 439
456, 439
455, 438
454, 438
453, 438
452, 438
451, 438
450, 438
449, 438
448, 438
447, 438
446, 438
445, 438
444, 438
443, 438
442, 438
441, 438
440, 438
439, 438
438, 438
437, 438
436, 438
435, 438
434, 438
433, 438
432, 438
431, 438
430, 438
429, 438
428, 438
427, 438
426, 438
425, 438
424, 438
423, 438
422, 438
421, 438
420, 438
419, 438
418, 438
417, 438
416, 438
415, 438
414, 438
413, 438
412, 438
411, 438
410, 438
409, 438
408, 438
407, 438
406, 439
405, 439
404, 439
403, 439
402, 439
401, 439
400, 439
399, 439
398, 439
397, 439
396, 439
395, 439
394, 439
393, 438
392, 438
391, 438
390, 439
389, 439
388, 439
387, 439
386, 439
385, 439
384, 439
383, 439
382, 439
381, 439
380, 439
379, 439
378, 440
377, 440
376, 440
375, 439
374, 438
373, 438
372, 438
371, 438
370, 438
369, 438
368, 438
367, 439
367, 440
366, 440
365, 440
364, 440
363, 440
362, 440
361, 440
360, 440
359, 440
358, 440
357, 440
356, 440
355, 440
354, 440
353, 440
352, 440
351, 440
350, 440
349, 440
348, 440
347, 440
346, 440
345, 440
344, 440
343, 440
342, 440
341, 440
340, 440
339, 441
338, 441
337, 440
336, 440
335, 440
334, 440
333, 440
332, 440
331, 440
330, 440
329, 439
328, 439
327, 439
326, 439
325, 439
324, 438
323, 438
322, 438
321, 438
320, 438
319, 438
318, 438
317, 438
316, 438
315, 438
314, 438
313, 438
312, 438
311, 438
310, 438
309, 438
308, 438
307, 438
306, 438
305, 438
304, 438
303, 438
302, 438
301, 438
300, 438
299, 438
298, 438
297, 438
296, 438
295, 439
295, 440
294, 440
293, 440
292, 440
291, 440
290, 440
289, 440
288, 440
287, 440
286, 441
285, 441
284, 441
283, 441
282, 441
281, 441
280, 441
279, 441
278, 440
277, 440
276, 440
275, 440
274, 440
273, 440
272, 440
271, 440
270, 440
269, 440
268, 441
267, 441
266, 441
265, 441
264, 441
263, 441
262, 441
261, 441
260, 442
259, 443
259, 444
258, 445
257, 445
256, 445
255, 446
255, 447
254, 448
253, 448
252, 448
251, 448
250, 448
249, 448
248, 448
247, 448
246, 448
245, 449
244, 450
244, 451
244, 452
243, 452
242, 451
241, 451
240, 451
239, 451
238, 452
237, 452
236, 452
235, 452
234, 452
233, 452
232, 452
231, 451
230, 451
229, 451
228, 451
227, 452
227, 453
227, 454
226, 454
226, 453
225, 452
224, 452
223, 452
222, 452
221, 452
220, 452
219, 452
218, 452
217, 452
216, 453
216, 454
216, 455
215, 455
214, 455
213, 455
212, 455
211, 455
210, 455
209, 455
208, 455
207, 456
206, 456
205, 456
204, 456
203, 456
202, 456
201, 456
200, 457
199, 457
198, 457
197, 457
196, 457
195, 457
194, 457
194, 456
193, 455
192, 455
191, 455
190, 456
190, 457
189, 457
188, 457
187, 457
186, 457
185, 457
184, 457
183, 456
182, 456
181, 456
180, 456
179, 456
178, 456
177, 456
176, 456
175, 456
174, 456
173, 456
172, 456
171, 456
170, 456
169, 456
168, 455
167, 454
166, 454
165, 454
164, 454
163, 454
162, 453
161, 453
160, 453
159, 453
158, 453
157, 453
156, 452
155, 452
154, 452
153, 452
152, 452
151, 451
150, 451
149, 451
148, 451
147, 451
146, 450
145, 450
144, 450
143, 450
142, 450
141, 450
140, 449
139, 449
138, 449
137, 448
136, 448
135, 447
134, 446
134, 445
133, 444
133, 443
134, 442
135, 441
135, 440
136, 439
136, 438
136, 437
136, 436
135, 435
134, 434
133, 434
132, 433
131, 432
132, 431
133, 430
133, 429
134, 428
134, 427
134, 426
134, 425
133, 424
133, 423
132, 422
132, 421
131, 420
