113, 375
113, 374
113, 373
113, 372
114, 371
114, 370
115, 369
115, 368
116, 367
116, 366
116, 365
117, 364
117, 363
118, 362
118, 361
119, 360
119, 359
120, 358
120, 357
120, 356
120, 355
121, 354
122, 353
122, 352
122, 351
123, 350
124, 349
124, 348
125, 347
125, 346
126, 345
126, 344
126, 343
127, 342
127, 341
127, 340
128, 339
128, 338
129, 337
129, 336
130, 335
130, 334
131, 333
131, 332
132, 331
132, 330
132, 329
132, 328
133, 327
133, 326
134, 325
134, 324
135, 323
135, 322
135, 321
136, 320
136, 319
137, 318
137, 317
138, 316
138, 315
138, 314
138, 313
139, 312
139, 311
140, 310
140, 309
141, 308
141, 307
142, 306
143, 305
143, 304
144, 303
144, 302
144, 301
144, 300
144, 299
145, 298
146, 297
146, 296
146, 295
147, 294
147, 293
148, 292
149, 291
150, 290
150, 289
150, 288
151, 287
151, 286
151, 285
152, 284
152, 283
152, 282
152, 281
153, 280
154, 279
154, 278
155, 277
155, 276
156, 275
156, 274
156, 273
156, 272
157, 271
157, 270
158, 269
158, 268
158, 267
158, 266
159, 265
160, 264
161, 263
162, 262
162, 261
162, 260
162, 259
163, 258
163, 257
163, 256
163, 255
164, 254
164, 253
164, 252
164, 251
164, 250
165, 249
166, 248
167, 247
168, 246
169, 245
170, 244
170, 243
171, 242
172, 241
172, 240
173, 239
174, 238
174, 237
174, 236
175, 235
176, 234
176, 233
177, 232
177, 231
178, 230
178, 229
179, 228
179, 227
180, 226
180, 225
180, 224
180, 223
181, 223
182, 222
182, 221
183, 220
183, 219
183, 218
183, 217
184, 216
185, 215
186, 214
186, 213
187, 212
187, 211
188, 210
188, 209
189, 208
189, 207
190, 206
190, 205
191, 204
191, 203
192, 202
192, 201
193, 200
193, 199
194, 198
194, 197
195, 196
195, 195
196, 194
196, 193
197, 192
198, 191
198, 190
198, 189
199, 188
200, 187
200, 186
201, 185
201, 184
202, 183
202, 182
203, 181
203, 180
204, 179
204, 178
205, 177
205, 176
206, 175
206, 174
207, 173
208, 172
208, 171
208, 170
209, 169
209, 168
209, 167
209, 166
210, 165
211, 164
212, 163
212, 162
213, 161
213, 160
214, 159
214, 158
215, 157
216, 156
216, 155
216, 154
217, 153
218, 152
218, 151
219, 150
219, 149
219, 148
220, 147
221, 146
221, 145
222, 144
222, 143
223, 142
224, 141
224, 140
225, 139
225, 138
226, 137
226, 136
227, 135
227, 134
228, 133
229, 132
229, 131
230, 130
230, 129
230, 128
231, 127
232, 126
232, 125
233, 124
233, 123
234, 122
234, 121
235, 120
235, 119
235, 118
236, 117
236, 116
236, 115
235, 114
235, 113
235, 112
234, 111
234, 110
234, 109
234, 108
233, 107
232, 106
232, 105
232, 104
232, 103
232, 102
233, 101
234, 102
235, 102
236, 102
237, 102
238, 103
239, 103
240, 103
241, 103
242, 103
243, 102
244, 101
245, 100
246, 100
247, 100
248, 100
249, 100
250, 100
251, 101
252, 101
253, 101
254, 102
255, 102
256, 102
257, 102
258, 103
259, 103
260, 104
261, 104
262, 104
263, 105
264, 106
265, 106
266, 106
267, 106
268, 106
269, 107
270, 107
271, 108
272, 108
273, 108
274, 109
275, 109
276, 109
277, 110
278, 110
279, 110
280, 111
281, 111
282, 112
283, 112
284, 112
285, 113
286, 113
287, 113
288, 114
289, 114
290, 114
291, 115
292, 115
293, 116
294, 116
295, 116
296, 117
297, 117
298, 117
299, 118
300, 118
301, 118
302, 119
303, 119
304, 119
305, 120
306, 120
307, 120
308, 121
309, 121
310, 122
311, 122
312, 122
313, 122
314, 122
315, 123
316, 123
317, 124
318, 124
319, 124
320, 124
321, 125
322, 125
323, 125
324, 126
325, 126
326, 126
327, 127
328, 127
329, 127
330, 127
331, 128
332, 128
333, 128
334, 129
335, 129
336, 129
337, 130
338, 130
339, 130
340, 131
341, 131
342, 131
343, 132
344, 132
345, 132
346, 132
347, 133
348, 133
349, 133
350, 134
351, 134
352, 134
353, 135
354, 135
355, 135
356, 136
357, 136
358, 137
359, 137
360, 137
361, 138
362, 138
363, 138
364, 139
365, 139
366, 139
367, 140
368, 140
369, 140
370, 141
371, 141
372, 141
373, 142
374, 142
375, 142
376, 143
377, 143
378, 143
379, 144
380, 144
381, 144
382, 145
383, 145
384, 146
385, 146
386, 146
387, 146
388, 147
389, 147
390, 147
391, 148
392, 148
393, 148
394, 148
395, 149
396, 149
397, 149
398, 149
399, 150
400, 150
401, 151
402, 151
403, 151
404, 152
405, 152
406, 153
407, 153
408, 153
409, 154
410, 154
411, 154
412, 155
413, 155
414, 156
415, 156
416, 156
417, 156
418, 157
419, 157
420, 157
421, 158
422, 158
423, 158
424, 159
425, 159
426, 159
427, 160
428, 160
429, 161
430, 161
431, 161
432, 162
433, 162
434, 162
435, 162
436, 163
437, 163
438, 164
439, 164
440, 164
441, 165
442, 165
443, 166
444, 166
445, 166
446, 166
447, 167
448, 167
449, 168
450, 168
451, 168
452, 168
453, 169
454, 169
455, 170
456, 170
457, 170
458, 170
459, 171
460, 171
461, 171
462, 171
463, 172
464, 172
465, 173
466, 173
467, 173
468, 174
469, 174
470, 174
471, 175
472, 175
473, 176
474, 176
475, 176
476, 177
477, 177
478, 178
479, 178
480, 178
481, 179
482, 179
483, 179
484, 180
485, 180
486, 181
487, 181
488, 181
489, 182
490, 182
491, 182
492, 183
493, 183
494, 183
495, 184
496, 184
497, 184
498, 185
499, 185
500, 185
501, 186
502, 186
503, 186
504, 187
505, 187
506, 188
507, 188
508, 188
509, 189
510, 189
511, 190
512, 190
513, 191
514, 191
515, 192
516, 192
517, 192
518, 193
519, 193
520, 193
521, 193
522, 194
523, 194
524, 195
525, 195
526, 195
527, 196
528, 196
529, 196
530, 196
531, 197
532, 198
533, 199
534, 200
535, 200
536, 201
537, 202
538, 202
539, 203
540, 203
541, 203
542, 204
543, 204
544, 205
545, 205
546, 206
547, 207
548, 208
549, 208
550, 209
551, 209
552, 210
553, 210
554, 211
555, 212
555, 213
554, 214
554, 215
553, 216
552, 217
551, 218
550, 219
550, 220
549, 221
548, 222
547, 223
546, 224
545, 225
544, 226
543, 227
542, 228
541, 229
540, 230
539, 231
538, 232
538, 233
537, 234
536, 235
535, 236
534, 237
533, 238
532, 239
531, 239
530, 240
530, 241
529, 242
528, 243
527, 244
526, 245
525, 246
524, 247
523, 248
522, 249
522, 250
521, 251
520, 252
520, 253
519, 253
518, 254
517, 255
516, 255
515, 256
515, 257
514, 258
513, 259
512, 260
511, 261
510, 262
509, 263
508, 264
507, 265
507, 266
506, 267
505, 268
504, 269
503, 269
502, 270
501, 271
500, 272
499, 273
498, 274
498, 275
497, 276
496, 277
495, 278
494, 279
493, 279
492, 280
491, 281
490, 282
490, 283
489, 284
488, 285
487, 286
486, 287
485, 288
484, 289
483, 290
482, 291
481, 292
481, 293
480, 294
479, 294
478, 295
477, 296
476, 297
475, 298
474, 299
473, 300
472, 301
471, 302
470, 303
469, 304
468, 305
467, 306
466, 307
465, 308
464, 309
463, 310
462, 311
461, 312
460, 313
459, 314
458, 315
458, 316
457, 317
456, 318
455, 319
454, 320
453, 321
452, 322
451, 323
450, 324
449, 325
448, 326
448, 327
447, 328
446, 329
445, 329
444, 330
443, 331
442, 332
441, 333
440, 334
440, 335
439, 336
438, 337
437, 338
436, 339
435, 340
434, 341
433, 342
433, 343
432, 344
432, 345
431, 346
430, 347
429, 347
428, 348
428, 349
427, 350
426, 351
425, 352
424, 353
423, 354
422, 355
421, 356
420, 357
419, 358
418, 359
417, 360
417, 361
417, 362
416, 362
415, 362
414, 362
413, 363
413, 364
412, 365
411, 366
410, 367
409, 368
408, 369
407, 370
407, 371
406, 372
406, 373
405, 374
404, 375
403, 376
402, 376
401, 377
400, 377
399, 378
398, 379
398, 380
397, 381
396, 382
395, 382
394, 383
393, 383
392, 384
391, 384
390, 385
389, 385
388, 386
387, 386
386, 387
385, 388
384, 388
383, 388
382, 388
381, 388
380, 388
379, 388
378, 387
377, 387
376, 387
375, 387
374, 387
373, 387
372, 388
371, 387
370, 387
369, 387
368, 388
367, 388
366, 388
365, 387
364, 387
363, 387
362, 387
361, 387
360, 387
359, 387
358, 387
357, 387
356, 387
355, 387
354, 387
353, 387
352, 387
351, 386
350, 386
349, 386
348, 387
347, 387
346, 387
345, 387
344, 387
343, 387
342, 387
341, 387
340, 387
339, 387
338, 387
337, 387
336, 387
335, 387
334, 387
333, 387
332, 388
331, 388
330, 388
329, 388
328, 388
327, 387
326, 387
325, 387
324, 387
323, 388
322, 388
321, 389
320, 389
319, 389
318, 388
317, 387
316, 387
315, 387
314, 388
313, 388
312, 388
311, 387
310, 387
309, 386
308, 386
307, 386
306, 386
305, 385
304, 385
303, 385
302, 385
301, 386
300, 386
299, 386
298, 386
297, 386
296, 385
295, 385
294, 385
293, 385
292, 385
291, 386
290, 386
289, 385
288, 385
287, 385
286, 385
285, 385
284, 385
283, 385
282, 385
281, 385
280, 385
279, 385
278, 385
277, 385
276, 385
275, 385
274, 385
273, 385
272, 385
271, 385
270, 385
269, 385
268, 385
267, 385
266, 385
265, 385
264, 385
263, 385
262, 385
261, 385
260, 385
259, 385
258, 385
257, 385
256, 385
255, 385
254, 386
253, 386
252, 386
251, 386
250, 386
249, 386
248, 386
247, 387
246, 387
245, 386
244, 386
243, 386
242, 386
241, 386
240, 386
239, 386
238, 386
237, 386
236, 386
235, 386
234, 386
233, 385
232, 385
231, 385
230, 386
229, 386
228, 386
227, 386
226, 385
225, 385
224, 385
223, 385
222, 385
221, 385
220, 385
219, 384
218, 384
217, 384
216, 384
215, 384
214, 384
213, 384
212, 384
211, 384
210, 384
209, 384
208, 384
207, 384
206, 384
205, 384
204, 384
203, 383
202, 383
201, 383
200, 383
199, 383
198, 383
197, 383
196, 383
195, 384
194, 384
193, 383
192, 383
191, 383
190, 383
189, 383
188, 384
187, 384
186, 384
185, 384
184, 384
183, 384
182, 384
181, 384
180, 384
179, 384
178, 384
177, 384
176, 384
175, 384
174, 384
173, 384
172, 385
171, 385
170, 385
169, 384
168, 383
167, 383
166, 383
165, 384
164, 384
163, 384
162, 384
161, 384
160, 384
159, 384
158, 384
157, 384
156, 384
155, 383
154, 383
153, 383
152, 383
151, 384
150, 384
149, 384
148, 384
147, 384
146, 384
145, 384
144, 384
143, 384
142, 384
141, 384
140, 384
139, 384
138, 384
137, 384
136, 384
135, 384
134, 384
133, 384
132, 384
131, 384
130, 384
129, 383
128, 383
127, 383
126, 383
125, 383
124, 383
123, 383
122, 383
121, 383
120, 383
119, 383
118, 383
117, 383
116, 383
115, 383
114, 383
113, 383
112, 382
112, 381
112, 380
112, 379
112, 378
112, 377
112, 376
