152, 477
152, 476
152, 475
152, 474
152, 473
152, 472
152, 471
152, 470
153, 469
153, 468
153, 467
153, 466
153, 465
153, 464
154, 463
154, 462
154, 461
154, 460
154, 459
155, 458
155, 457
155, 456
155, 455
155, 454
156, 453
156, 452
156, 451
156, 450
156, 449
157, 448
157, 447
157, 446
157, 445
158, 444
158, 443
158, 442
158, 441
158, 440
158, 439
158, 438
158, 437
158, 436
159, 435
159, 434
159, 433
159, 432
159, 431
159, 430
160, 429
160, 428
160, 427
160, 426
160, 425
161, 424
161, 423
161, 422
162, 421
162, 420
162, 419
162, 418
162, 417
162, 416
163, 415
163, 414
163, 413
163, 412
164, 411
164, 410
164, 409
164, 408
164, 407
164, 406
164, 405
165, 404
165, 403
165, 402
165, 401
166, 400
166, 399
166, 398
166, 397
166, 396
166, 395
166, 394
166, 393
167, 392
167, 391
167, 390
168, 389
168, 388
168, 387
168, 386
168, 385
168, 384
168, 383
169, 382
169, 381
169, 380
169, 379
169, 378
170, 377
170, 376
170, 375
171, 374
171, 373
171, 372
171, 371
171, 370
171, 369
171, 368
171, 367
170, 366
171, 365
171, 364
172, 363
172, 362
172, 361
172, 360
172, 359
172, 358
173, 357
173, 356
173, 355
173, 354
174, 353
174, 352
174, 351
174, 350
174, 349
174, 348
174, 347
175, 346
175, 345
175, 344
175, 343
176, 342
176, 341
176, 340
176, 339
176, 338
177, 337
177, 336
178, 335
178, 334
178, 333
178, 332
178, 331
178, 330
178, 329
178, 328
179, 327
179, 326
180, 325
180, 324
180, 323
180, 322
180, 321
180, 320
180, 319
180, 318
181, 317
181, 316
182, 315
182, 314
182, 313
182, 312
182, 311
182, 310
182, 309
182, 308
182, 307
182, 306
183, 305
183, 304
183, 303
183, 302
184, 301
184, 300
184, 299
184, 298
184, 297
184, 296
184, 295
184, 294
184, 293
185, 292
185, 291
185, 290
185, 289
186, 288
186, 287
186, 286
186, 285
186, 284
186, 283
186, 282
187, 281
187, 280
187, 279
187, 278
188, 277
188, 276
188, 275
188, 274
188, 273
188, 272
188, 271
189, 270
189, 269
189, 268
189, 267
189, 266
189, 265
190, 264
190, 263
190, 262
190, 261
190, 260
190, 259
190, 258
191, 257
191, 256
191, 255
192, 254
192, 253
192, 252
192, 251
192, 250
192, 249
192, 248
193, 247
193, 246
193, 245
193, 244
194, 243
194, 242
194, 241
194, 240
195, 239
195, 238
195, 237
195, 236
195, 235
196, 234
196, 233
196, 232
196, 231
196, 230
196, 229
196, 228
197, 227
197, 226
197, 225
197, 224
197, 223
198, 222
198, 221
198, 220
198, 219
199, 218
199, 217
200, 216
200, 215
200, 214
200, 213
200, 212
200, 211
200, 210
200, 209
200, 208
201, 207
201, 206
201, 205
201, 204
202, 203
202, 202
202, 201
202, 200
202, 199
203, 198
203, 197
203, 196
203, 195
204, 194
204, 193
204, 192
204, 191
204, 190
204, 189
205, 188
205, 187
205, 186
205, 185
206, 184
206, 183
206, 182
207, 181
207, 180
207, 179
208, 178
208, 177
209, 176
210, 176
211, 176
212, 176
213, 176
214, 176
215, 176
216, 175
217, 175
218, 175
219, 175
220, 175
221, 175
222, 175
223, 175
224, 175
225, 175
226, 175
227, 175
228, 175
229, 175
230, 175
231, 175
232, 175
233, 175
234, 175
235, 175
236, 175
237, 175
238, 175
239, 175
240, 175
241, 175
242, 175
243, 175
244, 175
245, 175
246, 175
247, 175
248, 175
249, 175
250, 175
251, 175
252, 175
253, 175
254, 175
255, 175
256, 175
257, 175
258, 175
259, 175
260, 175
261, 175
262, 175
263, 174
264, 174
265, 174
266, 175
267, 175
268, 175
269, 175
270, 175
271, 174
272, 174
273, 174
274, 174
275, 174
276, 175
277, 175
278, 175
279, 175
280, 175
281, 175
282, 175
283, 175
284, 175
285, 175
286, 175
287, 175
288, 175
289, 175
290, 175
291, 175
292, 175
293, 175
294, 175
295, 175
296, 175
297, 175
298, 175
299, 175
300, 175
301, 175
302, 175
303, 175
304, 175
305, 175
306, 175
307, 175
308, 175
309, 175
310, 175
311, 175
312, 175
313, 175
314, 175
315, 175
316, 175
317, 175
318, 175
319, 175
320, 175
321, 175
322, 175
323, 175
324, 175
325, 175
326, 175
327, 175
328, 175
329, 175
330, 175
331, 175
332, 175
333, 175
334, 175
335, 175
336, 175
337, 175
338, 175
339, 175
340, 175
341, 175
342, 175
343, 175
344, 175
345, 175
346, 175
347, 175
348, 175
349, 175
350, 175
351, 175
352, 175
353, 175
354, 175
355, 175
356, 175
357, 175
358, 175
359, 175
360, 175
361, 175
362, 175
363, 175
364, 175
365, 175
366, 175
367, 175
368, 175
369, 175
370, 175
371, 175
372, 175
373, 175
374, 175
375, 175
376, 175
377, 175
378, 175
379, 175
380, 175
381, 175
382, 175
383, 175
384, 175
385, 175
386, 175
387, 175
388, 175
389, 175
390, 175
391, 175
392, 175
393, 175
394, 175
395, 175
396, 175
397, 175
398, 175
399, 175
400, 175
401, 175
402, 175
403, 175
404, 175
405, 175
406, 175
407, 175
408, 175
409, 175
410, 175
411, 175
412, 175
413, 175
414, 175
415, 175
416, 175
417, 175
418, 175
419, 175
420, 175
421, 175
422, 176
423, 176
424, 176
425, 176
426, 176
427, 176
428, 176
429, 176
430, 176
431, 175
432, 175
433, 175
434, 175
435, 175
436, 175
437, 175
438, 175
439, 175
440, 175
441, 175
442, 175
443, 175
444, 175
445, 175
446, 175
447, 175
448, 175
449, 174
450, 174
451, 174
452, 174
453, 174
454, 174
455, 174
456, 174
457, 174
458, 174
459, 174
460, 174
461, 174
462, 174
463, 174
464, 174
465, 174
466, 174
467, 174
468, 174
469, 174
470, 174
471, 174
472, 174
473, 174
474, 174
475, 174
476, 174
477, 174
478, 174
479, 174
480, 174
481, 174
482, 174
483, 174
484, 174
485, 174
486, 174
487, 174
488, 174
489, 174
490, 174
491, 174
492, 174
493, 174
494, 174
495, 174
496, 174
497, 174
498, 174
499, 174
500, 174
501, 174
502, 174
503, 174
504, 174
505, 174
506, 174
507, 174
508, 174
509, 174
510, 174
511, 174
512, 174
513, 174
514, 174
515, 174
516, 174
517, 174
518, 174
519, 174
520, 174
521, 174
522, 174
523, 174
524, 174
525, 174
526, 174
527, 174
528, 174
529, 174
530, 174
531, 174
532, 174
533, 174
534, 174
535, 174
536, 174
537, 174
538, 174
539, 174
540, 174
541, 174
542, 174
543, 174
544, 174
545, 174
546, 174
547, 174
548, 174
549, 174
550, 174
551, 174
552, 174
553, 174
554, 174
555, 174
556, 174
557, 173
558, 173
559, 173
560, 173
561, 173
562, 173
563, 173
564, 173
565, 173
566, 173
567, 173
568, 173
569, 173
570, 173
571, 173
572, 173
573, 173
574, 173
575, 173
576, 173
577, 173
578, 173
579, 173
580, 173
581, 173
582, 173
583, 173
584, 173
585, 173
586, 173
587, 173
588, 173
589, 173
590, 173
591, 173
592, 173
593, 173
594, 173
595, 173
596, 173
597, 173
598, 173
599, 173
600, 173
601, 173
602, 173
603, 173
604, 173
605, 173
606, 173
607, 173
608, 173
609, 173
610, 173
611, 173
612, 173
613, 173
614, 173
615, 173
616, 173
617, 173
618, 173
619, 172
620, 172
621, 172
622, 172
623, 172
624, 172
625, 172
626, 172
627, 172
628, 172
628, 173
629, 174
629, 175
630, 176
631, 177
632, 178
633, 179
633, 180
633, 181
634, 182
635, 183
635, 184
636, 185
636, 186
637, 187
638, 188
638, 189
639, 190
640, 191
641, 192
641, 193
642, 194
642, 195
643, 196
644, 197
645, 198
645, 199
646, 200
646, 201
647, 202
648, 203
649, 204
649, 205
650, 206
651, 207
652, 208
653, 209
653, 210
654, 211
654, 212
655, 213
655, 214
656, 215
656, 216
657, 217
657, 218
658, 219
659, 220
659, 221
660, 222
660, 223
661, 224
662, 225
663, 226
663, 227
664, 228
665, 229
665, 230
666, 231
667, 232
667, 233
668, 234
669, 235
669, 236
670, 237
671, 238
671, 239
672, 240
672, 241
673, 242
674, 243
675, 244
675, 245
676, 246
676, 247
677, 248
677, 249
678, 250
679, 251
679, 252
680, 253
680, 254
681, 255
681, 256
682, 257
683, 258
684, 259
685, 259
685, 260
685, 261
685, 262
685, 263
686, 264
687, 265
687, 266
688, 267
689, 268
689, 269
690, 270
691, 271
692, 272
692, 273
693, 274
693, 275
694, 276
695, 277
696, 278
696, 279
697, 280
698, 281
698, 282
699, 283
700, 283
701, 284
701, 285
702, 286
703, 287
703, 288
704, 289
704, 290
705, 291
705, 292
705, 293
706, 294
706, 295
707, 296
708, 297
708, 298
709, 299
709, 300
710, 301
711, 302
712, 303
712, 304
713, 305
714, 306
714, 307
715, 308
716, 309
717, 310
717, 311
718, 312
719, 313
719, 314
720, 315
720, 316
721, 317
722, 318
722, 319
723, 320
724, 321
724, 322
725, 323
726, 324
727, 325
727, 326
728, 327
728, 328
729, 329
730, 330
730, 331
731, 332
731, 333
732, 334
733, 335
733, 336
734, 337
735, 338
736, 339
736, 340
737, 341
738, 342
739, 343
740, 344
740, 345
741, 346
742, 347
742, 348
743, 349
743, 350
744, 351
745, 352
746, 353
746, 354
747, 355
748, 356
749, 357
750, 358
751, 358
751, 359
752, 360
752, 361
753, 362
754, 363
754, 364
754, 365
755, 366
755, 367
756, 368
756, 369
757, 370
758, 371
758, 372
759, 373
760, 374
760, 375
761, 376
762, 377
762, 378
763, 379
764, 380
764, 381
765, 382
765, 383
766, 384
767, 385
767, 386
768, 387
769, 388
769, 389
770, 390
771, 390
771, 391
772, 392
773, 393
774, 394
774, 395
775, 396
776, 397
776, 398
777, 399
777, 400
778, 401
779, 402
779, 403
780, 404
781, 405
782, 406
782, 407
783, 408
784, 409
785, 410
786, 411
786, 412
787, 413
787, 414
788, 415
789, 416
790, 417
790, 418
791, 419
792, 420
792, 421
793, 422
794, 423
795, 424
796, 425
796, 426
797, 427
798, 428
799, 429
800, 430
801, 430
801, 431
802, 432
803, 433
803, 434
804, 435
804, 436
805, 437
805, 438
806, 439
806, 440
807, 441
808, 442
809, 443
809, 444
810, 445
811, 446
811, 447
812, 448
813, 449
814, 450
815, 451
815, 452
816, 453
817, 454
817, 455
818, 456
819, 457
820, 458
821, 459
822, 460
823, 461
823, 462
824, 463
824, 464
825, 465
826, 466
826, 467
827, 468
828, 468
828, 469
829, 470
829, 471
829, 472
829, 473
829, 474
829, 475
829, 476
829, 477
829, 478
829, 479
829, 480
829, 481
828, 482
828, 483
828, 484
828, 485
828, 486
827, 487
827, 488
827, 489
827, 490
827, 491
827, 492
827, 493
827, 494
826, 495
826, 496
826, 497
826, 498
826, 499
826, 500
826, 501
826, 502
825, 503
825, 504
825, 505
825, 506
825, 507
825, 508
825, 509
825, 510
825, 511
825, 512
825, 513
825, 514
825, 515
825, 516
825, 517
825, 518
824, 519
824, 520
824, 521
824, 522
824, 523
824, 524
824, 525
823, 526
823, 527
823, 528
823, 529
823, 530
823, 531
823, 532
823, 533
823, 534
823, 535
823, 536
822, 537
822, 538
822, 539
822, 540
822, 541
822, 542
821, 543
821, 544
821, 545
821, 546
821, 547
821, 548
821, 549
820, 550
820, 551
820, 552
820, 553
820, 554
819, 555
819, 556
819, 557
819, 558
819, 559
819, 560
819, 561
818, 562
818, 563
818, 564
818, 565
817, 566
817, 567
817, 568
817, 569
817, 570
818, 571
818, 572
818, 573
818, 574
818, 575
818, 576
817, 577
817, 578
817, 579
817, 580
817, 581
817, 582
817, 583
817, 584
817, 585
817, 586
817, 587
816, 588
816, 589
816, 590
816, 591
815, 592
815, 593
815, 594
814, 594
813, 595
812, 595
811, 595
810, 595
809, 595
808, 596
808, 597
807, 598
806, 597
805, 597
804, 597
803, 596
802, 595
801, 595
800, 595
799, 595
798, 595
797, 595
796, 595
795, 595
794, 595
793, 595
792, 595
791, 595
790, 595
789, 595
788, 595
787, 595
786, 595
786, 594
785, 593
784, 593
783, 593
782, 593
781, 594
780, 594
779, 594
778, 594
777, 594
776, 594
775, 593
774, 593
773, 593
772, 592
771, 592
770, 592
769, 592
768, 592
767, 592
766, 592
765, 592
764, 592
763, 591
762, 591
761, 591
760, 591
759, 591
758, 590
757, 590
756, 590
755, 590
754, 590
753, 590
752, 589
751, 589
750, 589
749, 589
748, 588
747, 588
746, 588
745, 588
744, 588
743, 588
742, 588
741, 587
740, 587
739, 587
738, 587
737, 586
736, 586
735, 586
734, 586
733, 586
732, 586
731, 586
730, 586
729, 586
729, 585
728, 584
727, 584
726, 584
725, 584
724, 584
723, 584
722, 584
721, 584
720, 584
719, 584
718, 584
717, 584
716, 584
715, 583
714, 583
713, 583
712, 583
711, 582
710, 582
709, 582
708, 582
707, 582
706, 582
705, 582
704, 581
703, 581
702, 581
701, 581
700, 580
699, 580
698, 580
697, 580
696, 580
695, 580
694, 580
693, 580
692, 580
691, 579
690, 579
689, 579
688, 579
687, 578
686, 578
685, 578
684, 578
683, 578
682, 578
681, 578
680, 578
679, 577
678, 576
677, 576
676, 576
675, 576
674, 576
673, 576
672, 575
671, 575
670, 575
669, 575
668, 575
667, 575
666, 575
665, 575
664, 575
663, 574
662, 574
661, 574
660, 574
659, 574
658, 574
657, 573
656, 573
655, 573
654, 573
653, 573
652, 572
651, 571
650, 571
649, 571
648, 571
647, 572
646, 571
645, 571
644, 571
643, 571
642, 571
642, 570
641, 569
640, 569
639, 569
638, 569
637, 569
636, 569
635, 569
634, 569
633, 569
632, 569
631, 569
630, 569
629, 568
628, 568
627, 568
626, 568
625, 568
624, 568
623, 567
622, 567
621, 567
620, 567
620, 566
619, 565
618, 565
617, 565
616, 565
615, 566
614, 566
613, 565
612, 565
611, 565
610, 565
609, 565
608, 565
607, 565
606, 565
606, 564
605, 563
604, 563
603, 563
602, 563
601, 563
600, 563
599, 563
598, 563
597, 563
597, 562
596, 561
595, 561
594, 561
593, 561
592, 561
591, 561
590, 561
589, 561
588, 561
587, 561
586, 561
585, 561
584, 560
583, 560
582, 559
581, 559
580, 559
579, 559
578, 559
577, 559
576, 559
575, 559
574, 559
573, 559
572, 558
571, 558
570, 558
569, 558
568, 558
567, 557
566, 557
565, 556
564, 556
563, 556
562, 556
561, 556
560, 556
559, 556
558, 555
557, 555
556, 555
555, 555
554, 555
553, 555
552, 555
551, 555
550, 555
549, 555
548, 555
547, 555
546, 554
545, 554
544, 553
543, 553
542, 553
541, 553
540, 553
539, 553
538, 553
537, 553
536, 553
535, 552
534, 551
533, 551
532, 551
531, 551
530, 551
529, 551
528, 551
527, 551
526, 551
525, 550
524, 550
523, 550
522, 550
521, 549
520, 549
519, 549
518, 549
517, 549
516, 549
515, 549
514, 549
513, 549
512, 548
511, 548
510, 548
509, 548
508, 548
507, 548
506, 547
505, 547
504, 546
503, 546
502, 546
501, 546
500, 545
499, 545
498, 545
497, 545
496, 545
495, 545
494, 545
493, 544
492, 544
491, 544
490, 543
489, 543
488, 543
487, 543
486, 543
485, 543
484, 543
483, 543
482, 543
481, 542
480, 542
479, 542
478, 541
477, 541
476, 541
475, 541
474, 541
473, 541
472, 540
471, 540
470, 540
469, 541
468, 540
467, 540
466, 540
465, 540
464, 539
463, 539
462, 539
461, 539
460, 539
459, 539
458, 538
457, 538
456, 538
455, 538
454, 538
453, 537
452, 537
451, 537
450, 537
449, 537
448, 537
447, 537
446, 537
445, 536
444, 536
443, 535
442, 535
441, 535
440, 536
439, 535
438, 535
437, 534
436, 534
435, 534
434, 534
433, 535
432, 535
431, 535
430, 535
429, 535
428, 535
427, 535
426, 534
425, 534
424, 534
423, 534
422, 534
421, 534
420, 534
419, 534
418, 534
417, 534
416, 534
415, 534
414, 533
413, 533
412, 532
411, 532
410, 532
409, 532
408, 532
407, 532
406, 532
405, 531
404, 531
403, 531
402, 531
401, 531
400, 531
399, 530
398, 530
397, 530
396, 530
395, 530
394, 529
393, 529
392, 529
391, 528
390, 528
389, 528
388, 528
387, 529
386, 529
385, 528
384, 528
383, 528
382, 528
381, 528
380, 527
379, 527
378, 527
377, 527
376, 527
375, 527
374, 527
373, 527
372, 527
371, 527
370, 527
369, 526
368, 526
367, 526
366, 525
365, 524
364, 524
363, 524
362, 524
361, 525
360, 525
359, 524
358, 524
357, 524
356, 524
355, 524
354, 524
353, 523
352, 523
351, 523
350, 523
349, 523
348, 524
347, 524
346, 524
345, 524
344, 524
343, 524
342, 524
341, 524
340, 523
339, 523
338, 523
337, 523
336, 523
335, 522
334, 522
333, 521
332, 520
331, 520
330, 520
329, 520
328, 520
327, 520
326, 520
325, 519
324, 519
323, 519
322, 519
321, 518
320, 518
319, 517
318, 517
317, 517
316, 518
315, 517
314, 517
313, 517
312, 517
311, 517
310, 517
309, 516
308, 516
307, 516
306, 515
305, 515
304, 515
303, 516
302, 516
302, 515
301, 514
300, 514
299, 514
298, 514
297, 514
296, 514
295, 514
294, 513
293, 513
292, 513
291, 513
290, 513
289, 514
288, 513
287, 513
286, 513
285, 514
284, 513
283, 513
282, 513
281, 512
280, 511
279, 511
278, 511
277, 511
276, 511
275, 511
274, 510
273, 510
272, 510
271, 510
270, 510
269, 510
268, 510
267, 510
266, 510
265, 510
264, 510
263, 510
263, 509
262, 508
261, 507
260, 507
259, 507
258, 508
257, 508
256, 508
255, 508
254, 508
253, 507
252, 507
251, 507
250, 507
249, 507
248, 506
247, 506
246, 506
245, 506
244, 506
243, 506
242, 506
241, 506
240, 505
239, 505
238, 505
237, 505
236, 505
235, 505
234, 504
233, 504
232, 504
231, 504
230, 504
229, 504
228, 504
227, 503
226, 503
225, 503
224, 503
223, 503
222, 503
221, 503
220, 502
219, 502
218, 502
217, 502
216, 502
215, 502
214, 501
213, 501
212, 501
211, 501
210, 501
209, 500
208, 500
207, 500
206, 500
205, 500
204, 500
203, 500
202, 500
201, 499
200, 499
199, 499
198, 499
197, 499
196, 498
195, 498
194, 498
193, 498
192, 498
191, 498
190, 498
189, 498
188, 497
187, 497
186, 497
185, 496
184, 496
183, 496
182, 496
181, 496
180, 495
179, 495
178, 495
177, 495
176, 495
175, 495
174, 494
173, 494
172, 494
171, 494
170, 494
169, 494
168, 493
167, 493
166, 493
165, 493
164, 492
163, 492
162, 491
161, 491
160, 491
159, 491
158, 490
157, 490
156, 490
155, 489
154, 488
153, 488
153, 487
152, 486
152, 485
152, 484
151, 483
151, 482
151, 481
151, 480
151, 479
151, 478
