65, 166
66, 165
67, 165
68, 165
69, 164
70, 164
71, 164
72, 164
73, 164
74, 164
75, 164
76, 164
77, 164
78, 164
79, 164
80, 164
81, 164
82, 164
83, 164
84, 164
85, 163
86, 163
87, 163
88, 163
89, 163
90, 163
91, 163
92, 163
93, 163
94, 163
95, 163
96, 163
97, 163
98, 163
99, 163
100, 162
101, 162
102, 162
103, 162
104, 162
105, 161
106, 161
107, 161
108, 162
109, 162
110, 162
111, 162
112, 162
113, 162
114, 162
115, 162
116, 162
117, 162
118, 162
119, 162
120, 162
121, 162
122, 162
123, 162
124, 162
125, 162
126, 162
127, 162
128, 161
129, 161
130, 161
131, 161
132, 161
133, 161
134, 161
135, 161
136, 161
137, 161
138, 161
139, 161
140, 161
141, 161
142, 161
143, 161
144, 161
145, 161
146, 161
147, 161
148, 161
149, 161
150, 161
151, 161
152, 161
153, 161
154, 161
155, 160
156, 160
157, 160
158, 160
159, 160
160, 161
161, 161
162, 161
163, 161
164, 161
165, 161
166, 161
167, 161
168, 161
169, 161
170, 161
171, 161
172, 161
173, 161
174, 161
175, 161
176, 161
177, 161
178, 161
179, 161
180, 161
181, 161
182, 161
183, 161
184, 161
185, 161
186, 161
187, 161
188, 161
189, 161
190, 161
191, 161
192, 161
193, 161
194, 161
195, 161
196, 161
197, 161
198, 161
199, 161
200, 161
201, 161
202, 162
203, 162
204, 162
205, 162
206, 162
207, 162
208, 162
209, 162
210, 162
211, 162
212, 162
213, 162
214, 162
215, 162
216, 162
217, 162
218, 162
219, 162
220, 162
221, 162
222, 162
223, 162
224, 162
225, 162
226, 162
227, 162
228, 162
229, 162
230, 162
231, 162
232, 162
233, 162
234, 162
235, 162
236, 162
237, 162
238, 162
239, 162
240, 162
241, 162
242, 162
243, 162
244, 162
245, 162
246, 162
247, 162
248, 162
249, 162
250, 162
251, 162
252, 162
253, 162
254, 162
255, 162
256, 162
257, 162
258, 162
259, 163
260, 163
261, 163
262, 163
263, 163
264, 163
265, 163
266, 163
267, 163
268, 163
269, 163
270, 163
271, 163
272, 163
273, 163
274, 163
275, 163
276, 163
277, 163
278, 163
279, 163
280, 163
281, 163
282, 163
283, 163
284, 163
285, 163
286, 163
287, 163
288, 163
289, 163
290, 163
291, 163
292, 163
293, 163
294, 163
295, 164
296, 164
297, 164
298, 164
299, 164
300, 164
301, 164
302, 164
303, 164
304, 164
305, 164
306, 164
307, 164
308, 163
309, 163
310, 163
311, 163
312, 164
313, 164
314, 164
315, 164
316, 164
317, 164
318, 164
319, 164
320, 164
321, 164
322, 164
323, 164
324, 164
325, 164
326, 164
327, 164
328, 164
329, 164
330, 164
331, 164
332, 164
333, 165
334, 165
335, 165
336, 165
337, 165
338, 165
339, 165
340, 165
341, 165
342, 165
343, 165
344, 165
345, 165
346, 165
347, 165
348, 165
349, 165
350, 165
351, 165
352, 165
353, 165
354, 166
355, 166
356, 166
357, 166
358, 166
359, 166
360, 166
361, 166
362, 166
363, 166
364, 166
365, 166
366, 166
367, 166
368, 166
369, 166
370, 166
371, 165
372, 165
373, 165
374, 166
375, 166
376, 166
377, 166
378, 166
379, 166
380, 166
381, 166
382, 166
383, 167
384, 167
385, 167
386, 167
387, 167
388, 167
389, 167
390, 167
391, 167
392, 167
393, 167
394, 167
395, 167
396, 167
397, 167
398, 167
399, 167
400, 167
401, 167
402, 167
403, 167
404, 167
405, 167
406, 167
407, 167
408, 167
409, 167
410, 167
411, 167
412, 167
413, 167
414, 167
415, 167
416, 167
417, 167
418, 167
419, 167
420, 167
421, 167
422, 167
423, 167
424, 167
425, 167
426, 167
427, 167
428, 167
429, 167
430, 167
431, 168
432, 168
433, 168
434, 168
435, 168
436, 168
437, 168
438, 168
439, 168
440, 168
441, 168
442, 168
443, 168
444, 168
445, 168
446, 168
447, 168
448, 167
449, 168
450, 168
451, 168
452, 168
453, 168
454, 168
455, 168
456, 168
457, 168
458, 168
459, 168
460, 168
461, 168
462, 168
463, 168
464, 168
465, 168
466, 168
467, 168
468, 168
469, 168
470, 168
471, 168
472, 168
473, 168
474, 168
475, 168
476, 168
477, 168
478, 168
479, 168
480, 168
481, 168
482, 168
483, 168
484, 168
485, 168
486, 168
487, 168
488, 168
489, 168
490, 168
491, 168
492, 168
493, 168
494, 168
495, 168
496, 168
497, 168
498, 168
499, 168
500, 168
501, 168
502, 168
503, 168
504, 168
505, 168
506, 168
507, 168
508, 168
509, 168
510, 168
511, 168
512, 168
513, 168
514, 168
515, 169
516, 169
517, 169
518, 169
519, 169
520, 169
521, 169
522, 169
523, 169
524, 169
525, 169
526, 169
527, 169
528, 169
529, 169
530, 169
531, 169
532, 169
533, 170
534, 170
535, 170
536, 170
537, 170
538, 170
539, 170
540, 170
541, 170
542, 170
543, 170
544, 169
545, 169
546, 169
547, 169
548, 169
549, 169
550, 169
551, 169
552, 168
553, 168
554, 168
555, 168
556, 168
557, 168
558, 168
559, 168
560, 168
561, 168
562, 169
561, 170
561, 171
560, 172
559, 173
558, 174
557, 175
557, 176
556, 177
556, 178
555, 179
554, 180
554, 181
553, 182
552, 183
551, 184
551, 185
550, 186
550, 187
549, 188
549, 189
548, 190
547, 191
547, 192
546, 193
545, 194
545, 195
544, 196
543, 197
542, 198
541, 199
541, 200
540, 201
540, 202
539, 203
538, 204
537, 205
536, 206
536, 207
535, 208
534, 209
534, 210
533, 211
532, 212
532, 213
531, 214
530, 215
529, 216
529, 217
528, 218
528, 219
527, 220
526, 221
526, 222
525, 223
524, 224
524, 225
523, 226
522, 227
521, 228
521, 229
520, 230
519, 231
518, 232
518, 233
517, 234
516, 235
516, 236
515, 237
514, 238
514, 239
513, 240
513, 241
512, 242
511, 243
511, 244
510, 245
509, 246
509, 247
508, 248
507, 249
507, 250
507, 251
506, 252
505, 253
505, 254
504, 255
504, 256
503, 257
502, 258
501, 259
500, 260
500, 261
500, 262
499, 262
498, 263
497, 264
497, 265
496, 266
495, 267
495, 268
494, 269
494, 270
493, 271
492, 272
492, 273
491, 274
491, 275
490, 276
490, 277
489, 278
488, 279
488, 280
487, 281
486, 282
486, 283
485, 284
484, 285
484, 286
483, 287
482, 288
481, 289
481, 290
480, 291
479, 292
478, 293
477, 294
476, 295
475, 296
474, 297
474, 298
473, 299
473, 300
472, 301
471, 302
471, 303
470, 303
469, 304
469, 305
468, 306
468, 307
467, 308
466, 309
466, 310
465, 311
464, 312
464, 313
463, 314
463, 315
462, 316
461, 317
461, 318
460, 319
459, 320
459, 321
458, 322
457, 323
457, 324
456, 325
455, 326
455, 327
454, 328
454, 329
453, 330
452, 331
451, 332
450, 333
450, 334
449, 335
448, 336
448, 337
447, 338
447, 339
447, 340
446, 341
446, 342
446, 343
445, 343
444, 344
444, 345
443, 346
443, 347
442, 348
441, 349
440, 350
439, 351
438, 352
437, 353
436, 354
435, 355
435, 356
434, 357
433, 358
433, 359
432, 360
431, 361
431, 362
430, 363
430, 364
430, 365
429, 366
428, 367
427, 368
427, 369
427, 370
426, 371
426, 372
426, 373
425, 373
424, 374
423, 375
422, 376
421, 377
420, 378
419, 379
419, 380
418, 380
417, 380
416, 380
415, 379
414, 379
413, 379
412, 379
411, 378
410, 378
409, 378
408, 378
407, 378
406, 378
405, 378
404, 377
403, 377
402, 377
401, 377
400, 377
399, 377
398, 377
397, 377
396, 377
396, 376
395, 375
394, 375
393, 375
392, 375
391, 375
390, 375
389, 374
388, 374
387, 374
386, 373
385, 373
384, 373
383, 373
382, 373
381, 373
380, 373
379, 373
378, 372
377, 372
376, 372
375, 372
374, 371
373, 371
372, 371
371, 371
370, 371
369, 371
368, 370
367, 370
366, 370
365, 369
364, 369
363, 369
362, 369
361, 369
360, 369
359, 369
358, 368
357, 368
356, 368
355, 368
354, 368
353, 368
352, 368
351, 368
350, 368
349, 367
348, 367
347, 367
346, 367
345, 367
344, 366
343, 366
342, 366
341, 366
340, 366
339, 366
338, 366
337, 365
336, 365
335, 365
334, 365
333, 365
332, 365
331, 364
330, 364
329, 364
328, 364
327, 364
326, 364
325, 363
324, 363
323, 362
322, 362
321, 362
320, 362
319, 363
318, 362
317, 362
316, 362
315, 362
314, 362
313, 361
312, 361
311, 361
310, 361
309, 361
308, 361
307, 361
306, 360
305, 360
304, 360
303, 360
302, 360
301, 359
300, 359
299, 359
298, 359
297, 359
296, 359
295, 359
294, 359
293, 358
292, 358
291, 358
290, 358
289, 358
288, 358
287, 358
286, 357
285, 357
284, 357
283, 357
282, 357
281, 356
280, 356
279, 356
278, 356
277, 356
276, 356
275, 356
274, 355
273, 355
272, 355
271, 355
270, 355
269, 354
268, 354
267, 354
266, 353
265, 353
264, 353
263, 353
262, 353
261, 353
260, 353
259, 352
258, 352
257, 351
256, 351
255, 351
254, 351
254, 350
253, 349
252, 348
251, 348
250, 347
249, 346
248, 345
247, 345
246, 345
245, 344
244, 343
244, 342
243, 341
242, 340
241, 340
240, 339
239, 338
238, 337
237, 337
237, 336
236, 335
235, 335
235, 334
234, 333
233, 332
232, 331
231, 330
230, 329
229, 329
228, 328
227, 327
226, 326
225, 325
224, 325
223, 324
222, 323
221, 322
220, 321
219, 320
218, 319
217, 318
216, 318
215, 318
215, 317
214, 316
213, 315
212, 314
211, 313
210, 313
209, 312
208, 311
207, 310
206, 309
205, 308
204, 307
203, 306
202, 305
202, 304
201, 303
200, 303
200, 302
199, 301
198, 301
197, 300
196, 299
196, 298
195, 297
194, 297
194, 296
193, 295
192, 294
191, 293
190, 293
189, 292
188, 291
187, 290
187, 289
186, 288
185, 287
184, 287
184, 286
183, 285
182, 285
182, 284
181, 283
180, 283
180, 282
179, 281
178, 281
177, 280
176, 279
175, 278
174, 278
174, 277
173, 276
173, 275
172, 274
171, 273
170, 272
169, 271
168, 270
167, 269
166, 268
165, 267
164, 266
163, 265
162, 265
162, 264
161, 263
160, 263
160, 262
159, 261
158, 261
157, 260
156, 259
155, 258
154, 258
153, 258
153, 257
153, 256
152, 255
151, 254
150, 253
149, 252
148, 251
147, 250
146, 250
145, 249
144, 249
143, 248
142, 247
142, 246
141, 245
140, 244
139, 243
138, 242
137, 242
137, 241
136, 240
135, 239
134, 238
133, 237
132, 236
131, 235
130, 234
129, 233
128, 232
127, 231
126, 230
125, 229
124, 228
123, 227
122, 226
121, 225
120, 224
119, 223
118, 222
117, 221
116, 220
115, 219
114, 218
113, 217
112, 216
111, 215
110, 215
109, 214
109, 213
108, 212
107, 212
106, 211
105, 210
104, 209
103, 209
103, 208
102, 207
101, 206
100, 205
99, 204
98, 203
97, 202
96, 201
95, 200
94, 199
93, 198
92, 197
91, 196
90, 195
89, 194
88, 193
87, 192
86, 191
85, 190
84, 189
83, 188
82, 187
81, 186
80, 185
79, 184
78, 183
77, 182
76, 181
75, 180
74, 179
74, 178
73, 177
72, 176
71, 175
70, 175
70, 174
69, 173
68, 173
67, 172
67, 171
66, 170
66, 169
65, 168
64, 167
64, 166
